456 455
299 445
333 447
117 419
265 406
304 7
327 399
455 167
252 216
84 260
82 150
398 41
137 104
15 416
356 291
109 280
31 113
309 225
403 3
426 243
96 99
417 5
220 412
132 299
89 328
108 427
131 321
76 394
384 129
345 110
10 278
368 32
34 254
237 195
275 69
18 245
107 332
227 19
56 146
443 412
8 84
172 186
281 102
306 186
100 185
365 339
223 17
72 104
401 51
32 324
415 214
29 17
139 386
243 205
187 63
106 227
67 156
351 162
414 209
127 277
40 156
92 194
291 403
405 425
412 46
236 49
199 149
424 258
45 100
349 264
359 394
318 142
24 162
168 197
222 415
184 398
4 449
70 412
346 78
270 357
74 302
295 121
91 382
238 419
65 320
5 49
264 300
66 154
286 148
431 148
448 237
370 147
389 17
99 196
323 80
204 245
203 289
46 55
413 257
17 257
263 160
392 54
19 217
394 234
51 160
68 329
229 45
276 126
157 7
12 25
271 47
60 83
59 231
410 52
373 170
212 82
215 87
454 131
105 401
312 47
48 86
118 410
338 450
416 351
85 4
381 393
388 51
183 158
111 151
77 158
231 225
201 310
16 17
266 439
86 252
325 107
44 106
142 260
361 438
22 78
407 167
182 305
37 323
321 240
97 355
453 130
88 145
175 311
364 61
159 214
225 388
125 72
310 337
190 430
387 59
43 20
296 48
379 73
402 38
335 48
79 208
158 361
128 82
273 82
180 376
274 154
69 261
284 186
329 337
211 372
390 441
436 328
217 388
6 97
437 64
297 417
374 124
386 89
189 69
186 320
93 348
191 362
427 391
328 278
341 68
71 64
122 11
216 293
257 65
423 375
302 225
114 34
148 414
288 443
169 226
207 347
21 355
3 41
357 133
248 244
57 286
289 254
241 214
250 299
173 326
116 228
362 360
397 327
234 449
352 157
208 158
120 72
282 381
115 213
255 382
311 444
145 232
440 427
245 99
78 169
39 250
307 428
267 203
27 114
141 392
146 178
33 319
130 337
50 228
239 405
425 16
280 25
121 144
396 83
290 74
331 362
13 211
36 185
147 272
421 292
138 80
285 13
330 3
154 204
317 329
55 54
205 106
230 428
206 232
134 73
119 84
363 54
218 453
314 259
308 374
214 330
305 67
418 273
196 160
278 351
164 100
287 427
2 285
112 175
315 98
177 155
348 293
42 205
75 153
1 87
450 188
179 210
62 210
256 304
94 13
38 118
41 254
339 347
420 421
152 112
228 89
246 412
181 166
452 242
167 97
54 327
83 363
195 51
103 224
232 207
294 191
260 287
358 441
28 148
262 324
102 115
422 233
194 445
20 338
439 160
101 244
355 8
324 429
432 111
210 434
104 35
254 379
126 440
322 361
174 108
279 161
446 149
342 348
81 316
35 447
406 341
221 314
23 320
272 396
350 306
441 326
213 90
438 437
400 154
428 234
95 448
378 13
353 78
376 80
393 407
372 195
409 113
166 126
268 146
316 70
25 132
313 10
80 287
14 369
354 38
90 355
202 169
344 262
153 402
151 203
240 52
140 221
197 337
269 204
11 174
61 431
399 310
385 235
188 392
293 170
445 57
277 64
434 295
129 324
226 275
380 333
63 248
198 45
382 104
433 186
9 115
300 169
144 330
155 98
163 200
185 111
178 310
340 79
408 143
53 342
334 441
442 392
251 434
259 276
435 343
30 47
319 168
343 153
58 389
404 1
430 139
149 278
161 243
64 310
162 244
49 285
47 86
124 217
200 374
171 149
347 155
209 32
337 190
110 309
249 77
292 57
377 244
233 407
123 108
391 17
261 316
419 97
136 303
375 347
224 285
192 73
253 330
411 251
258 18
320 2
383 49
242 348
160 120
332 223
451 180
135 212
247 310
298 355
369 235
449 115
395 144
52 299
176 115
170 44
87 37
219 76
26 435
113 440
98 451
283 335
366 360
447 74
303 20
235 303
165 77
143 40
73 241
429 16
444 306
244 379
156 266
367 59
301 123
326 305
371 456
7 399
150 228
336 89
133 404
360 19
193 189