907 905
38 23
76 278
353 425
715 94
660 433
629 427
644 717
656 292
201 404
302 608
185 688
397 715
816 173
520 776
584 312
274 235
272 73
136 441
516 424
547 668
783 112
301 118
24 883
695 395
179 339
562 558
161 223
619 18
742 763
763 557
837 744
356 291
778 429
613 707
482 296
591 212
703 115
432 286
369 346
165 696
853 468
44 824
667 714
872 567
903 298
160 599
796 846
414 363
182 367
178 415
765 849
505 392
657 669
429 900
734 880
336 205
418 244
521 745
846 703
140 379
99 616
320 108
870 404
363 555
335 645
523 278
815 288
377 242
410 1
630 270
176 347
3 10
792 350
622 275
809 519
459 159
877 812
352 423
834 185
899 165
784 602
577 788
275 325
718 257
773 867
474 781
295 648
6 29
108 413
257 276
902 441
487 360
552 53
389 868
306 415
687 134
357 735
726 629
787 221
794 782
625 168
56 258
366 66
492 142
72 751
138 733
333 414
893 742
98 669
32 77
188 581
79 9
379 777
731 689
107 89
757 561
119 63
94 644
651 171
767 364
628 834
180 177
486 512
817 212
599 389
583 54
751 523
565 494
75 249
393 159
493 8
158 265
661 629
711 886
854 377
261 259
620 457
326 752
391 234
126 717
434 443
597 101
413 2
610 556
258 882
159 531
235 224
285 481
14 503
208 634
447 22
680 364
747 265
673 486
669 345
17 694
256 701
36 280
780 707
242 812
248 41
567 343
196 516
325 828
139 799
632 323
380 346
292 898
795 695
843 354
90 763
104 280
67 807
426 578
546 405
203 420
828 481
408 700
549 410
560 834
511 792
19 339
466 650
368 502
700 737
550 402
309 852
664 900
134 442
825 350
144 864
590 285
39 600
702 136
823 17
665 59
283 808
351 296
473 145
290 676
50 48
317 401
736 128
267 818
223 366
193 514
172 153
636 446
713 230
866 323
103 468
106 464
892 241
797 885
499 148
113 369
387 254
820 630
856 324
526 40
367 770
517 449
92 413
316 468
388 335
424 886
601 61
623 866
132 894
259 181
804 371
41 367
46 711
575 417
62 170
621 295
490 867
390 362
145 195
537 152
782 468
329 361
278 715
324 682
738 807
793 514
808 377
875 705
70 375
5 556
798 458
514 43
658 545
29 770
73 529
554 753
488 390
129 201
215 631
250 598
578 454
819 764
10 518
195 402
728 389
850 86
440 596
832 217
346 162
605 840
299 486
643 296
167 614
542 491
315 610
627 68
123 287
541 522
91 740
286 3
370 640
343 403
758 883
348 243
349 208
774 104
427 774
43 34
788 515
47 233
96 46
768 39
359 774
512 351
675 238
677 28
95 822
553 617
800 98
264 514
52 622
297 548
650 577
2 612
313 245
287 772
454 867
638 50
504 486
224 679
604 573
484 1
296 695
719 383
748 465
905 659
71 604
904 285
897 8
841 18
421 335
323 568
401 744
616 394
30 840
557 88
362 505
163 305
607 354
701 636
530 89
826 478
764 27
500 475
241 889
446 504
428 477
781 354
433 165
558 196
442 241
238 502
240 673
618 58
481 232
645 313
589 31
845 109
617 269
371 464
887 520
495 243
455 872
77 642
641 733
465 638
21 360
173 875
211 740
576 344
289 430
246 734
508 465
451 596
786 162
460 663
60 863
491 403
688 441
753 650
906 502
485 189
202 120
230 893
596 276
171 398
218 482
612 549
707 530
635 133
221 902
528 168
873 41
45 456
540 389
469 109
857 334
755 323
373 379
58 651
307 541
693 604
895 46
725 309
443 331
33 585
543 180
594 881
889 826
646 263
35 109
716 736
822 89
477 463
867 667
150 770
436 44
55 334
236 373
705 443
42 526
374 105
212 848
243 250
587 487
609 246
884 841
863 400
438 364
831 39
563 642
120 292
154 205
880 318
588 564
220 168
737 516
461 621
536 535
519 37
378 434
818 608
745 547
314 449
311 273
518 850
896 298
721 28
4 647
174 542
724 460
31 493
342 782
125 546
814 372
170 697
197 525
40 569
807 723
207 90
332 350
749 391
121 5
571 879
122 787
859 788
84 114
16 486
655 204
233 75
350 520
710 674
279 716
722 886
386 433
137 641
11 236
735 605
874 763
394 37
131 310
626 280
827 697
692 225
470 23
61 758
130 211
13 202
750 593
110 543
475 901
319 635
602 862
276 432
156 766
305 328
522 335
785 727
423 472
842 196
556 593
634 512
671 323
216 673
851 528
462 814
198 884
497 790
385 710
228 238
9 725
312 70
430 471
525 452
593 507
779 359
810 603
219 427
674 184
27 86
330 133
681 467
600 631
100 601
581 398
682 691
422 234
89 195
111 848
496 192
566 745
570 239
217 219
637 814
253 550
340 707
502 360
654 247
806 372
146 680
449 879
533 195
647 882
411 507
439 426
135 423
582 734
770 278
321 699
730 71
262 491
81 52
456 743
527 803
696 194
789 660
128 11
662 857
133 126
894 862
503 464
183 194
833 855
239 772
649 527
338 513
337 270
865 655
15 646
74 543
478 645
876 664
559 490
898 194
813 644
676 895
744 535
836 856
347 576
471 215
247 89
127 423
639 702
204 783
760 345
399 375
168 860
214 73
341 114
86 391
270 72
684 197
648 512
64 879
450 39
141 107
739 807
776 707
192 656
115 305
631 636
652 3
452 228
382 807
23 716
271 73
364 353
169 681
699 343
883 689
891 702
829 62
458 146
457 419
727 716
777 546
80 203
304 762
453 714
733 521
441 93
344 807
545 141
310 674
282 176
611 751
360 95
186 873
152 731
300 328
569 98
157 846
840 211
717 131
1 827
772 314
395 754
468 586
871 18
153 156
564 294
57 606
691 496
402 204
191 704
642 878
791 165
838 524
524 248
900 81
479 344
476 19
666 161
65 457
229 825
244 688
472 76
102 366
339 202
548 434
444 633
260 812
538 21
572 819
322 882
118 63
709 150
848 830
579 40
743 408
293 162
494 341
445 58
531 247
255 590
263 176
555 186
529 713
28 291
849 565
225 567
376 727
147 885
686 376
431 653
824 99
227 118
847 577
269 618
194 426
844 181
249 133
409 360
68 704
148 724
595 141
405 902
580 754
419 144
199 159
679 229
759 487
97 129
177 903
640 377
63 500
754 646
885 172
396 44
501 237
294 652
117 211
162 789
384 335
205 858
756 454
799 824
539 465
51 27
25 491
213 44
354 321
697 404
812 632
624 581
22 485
210 545
506 278
116 120
400 782
184 273
839 762
698 494
574 827
383 729
155 871
603 67
805 211
114 177
53 585
83 208
318 340
762 240
277 73
890 664
881 853
708 516
704 146
308 811
659 242
706 363
532 299
48 753
284 472
12 440
752 717
209 51
868 25
653 427
864 400
88 417
82 346
821 429
888 330
265 211
331 812
740 77
507 400
685 425
234 736
882 435
463 717
345 841
361 202
109 741
694 64
298 500
232 564
403 693
149 130
200 114
513 7
801 721
878 419
93 625
189 184
683 100
7 720
729 305
608 15
515 363
78 600
381 143
425 744
273 201
551 829
879 496
534 480
112 778
746 906
861 656
407 137
87 294
190 706
266 436
720 368
775 66
291 627
328 676
417 852
689 228
166 852
416 469
668 443
358 546
498 4
802 294
437 848
268 899
206 21
510 262
143 221
761 5
49 559
690 875
480 764
568 886
670 906
852 663
334 310
766 205
672 714
252 231
412 220
467 156
858 715
404 643
18 589
615 579
790 571
251 132
124 329
85 737
151 691
20 119
392 427
732 337
741 404
66 95
535 592
901 124
245 246
281 657
489 872
585 669
435 59
164 657
26 49
372 543
606 481
714 154
226 507
8 684
544 2
464 635
869 37
231 823
420 201
375 59
69 788
59 186
288 692
398 60
280 599
886 619
663 727
561 203
573 168
187 627
365 804
835 848
811 225
769 345
175 24
181 723
598 755
614 480
254 564
327 548
448 2
415 252
105 203
142 768
483 405
678 891
34 170
222 858
37 404
303 276
355 741
862 163
860 895
712 731
54 255
803 333
723 508
592 433
633 434
855 663
771 813
586 520
237 214
509 682
406 144
830 728