4567 906554216
2 31589
1 78772 54930 95031898
1 66868 25338 158699737
1 58469 19656 420647420
1 20686 64767 196071251
2 18047
2 67183
2 138
2 20957
1 77810 91470 413442312
2 62318
1 82660 69175 670284315
2 8583
1 88562 79770 309823114
1 60225 39104 191584041
1 49074 83985 239584957
1 42223 84953 851316904
1 74938 54988 70960540
1 85989 47373 482075384
2 43614
1 52468 9168 678238358
1 71318 5573 288301718
2 50082
1 95921 92171 840771883
1 18368 3215 267292475
1 18541 67384 952041156
1 11860 15823 718680339
2 34432
1 61646 54938 559471698
2 38848
1 76382 33430 124328518
2 8212
2 91584
1 27454 43039 449786876
1 71163 97667 988229968
2 81198
1 88558 75685 782745717
2 41578
1 94306 962 403928024
2 76307
2 56080
1 76431 25257 159645441
2 82378
1 58022 51087 272776568
1 54862 10182 578279993
1 72568 42973 476839338
1 14105 25812 853415968
2 31386
1 11442 52247 451025533
2 75806
2 87648
2 6533
1 92682 12675 163774461
2 98729
2 44446
2 56305
1 77613 29373 70329696
2 77107
1 50025 80482 550400247
1 43990 90144 608655512
2 39236
2 45308
2 78541
2 83110
1 47063 35630 295032376
1 51267 87462 186616401
2 39529
1 16572 74637 621271365
1 65182 6829 881794019
1 71629 90769 323526846
2 63009
2 48624
2 56906
2 94725
2 53847
1 95695 52014 316733928
2 99513
1 79885 33545 636153575
2 58366
1 69733 30981 388950240
2 57371
1 25167 91490 860821941
1 20989 63650 752925225
2 67136
1 28559 78858 863035068
1 46113 11893 143172751
2 47789
2 66669
1 38396 81238 234151798
1 36584 64671 378763334
1 17025 28221 430277921
1 80332 74713 981408339
1 22238 61445 174934708
2 31913
2 44214
1 98701 64436 978919364
2 2514
2 31045
1 76270 87608 914876270
1 65641 5331 431095881
1 45509 2264 248432349
2 25546
2 50215
2 86782
1 2880 26441 661392231
1 69785 90052 841047502
2 18374
2 40662
1 58908 88973 288413636
2 66903
2 36535
1 34592 27096 586314541
2 97088
1 18108 3919 863467028
2 66841
1 9154 75676 432593492
1 72622 63056 594614143
2 19844
1 42318 80613 197850789
2 72777
2 56148
1 25226 6739 754787417
1 91288 63940 146220446
1 50752 29366 861549613
2 11168
2 84311
1 22499 73038 552609002
2 95223
2 19643
1 88208 16452 821848294
2 23136
2 85689
2 48820
2 92234
1 6325 15017 783646633
1 53242 41140 352152010
1 67861 87172 97595421
1 5336 58955 156554751
1 79758 76780 864925941
2 89023
2 62371
1 42728 90879 647017675
1 70281 88556 11146288
2 90500
2 87075
2 44179
2 4454
1 74418 18386 114872503
1 32010 15522 497159159
1 36568 20253 264617378
2 36524
1 2007 32242 841374870
1 56101 30779 313468643
1 17327 78013 841008401
2 34707
1 23489 50324 548888329
2 71507
1 61378 65196 759023667
1 59487 99275 381235350
1 74103 27475 38462595
2 5637
2 81433
2 50553
1 6959 63758 113442838
2 77050
1 97127 50748 994564838
1 56251 51375 407866900
1 81111 84772 556222469
2 33881
1 58028 53141 158639008
1 91285 24494 58385001
2 89967
2 91384
2 86861
2 19395
2 16369
2 84631
1 37046 73680 144473817
2 91144
1 27270 26559 203828958
1 13765 12825 820054179
2 90050
1 63117 34501 971258705
1 33076 93929 141926234
1 43449 95598 335117491
2 43704
1 84838 84154 765171067
1 15679 12349 666592834
2 30584
1 4493 17178 797685268
2 92283
1 21230 41342 643568098
1 55103 47093 159329622
1 89041 32950 188593279
2 38979
1 41300 63583 828038869
2 65993
2 2172
1 91707 83985 300606613
1 11980 1375 551747327
1 7836 21058 818117375
2 44337
1 10208 52352 870226551
2 90748
1 48636 40628 6228863
1 86493 70673 283138579
1 51404 47318 178310510
2 41357
2 56397
1 74868 30096 74082983
2 41404
1 774 43061 297833115
1 74570 28214 799957363
1 74223 11735 994788544
2 43916
1 27518 26885 802748036
1 21900 3720 737592644
2 84827
2 45526
2 97671
2 85198
2 64778
1 13498 77240 89168922
2 1629
2 91497
1 82759 70764 758045676
1 63388 19599 111264481
1 98610 26045 800179499
2 24806
2 14333
1 74736 30332 408403024
1 81171 4572 743366583
1 13928 3602 654072357
1 43828 76492 841597437
1 87046 85337 785568219
2 2620
2 30398
2 23257
2 56923
2 20508
2 20493
2 84156
1 15350 12104 623371353
2 27316
1 71321 91010 891263687
2 78866
2 46983
1 31438 99964 486011322
2 90323
2 77423
2 70896
2 80908
2 15643
2 78363
1 15616 55366 457100562
1 95372 40286 854875517
1 87827 76739 617720422
2 41328
2 23766
1 41700 47571 448241688
2 99125
2 83485
1 29658 53496 223518694
2 19111
1 18686 54996 539956868
1 58381 78926 587356192
2 76259
1 69085 63424 541723249
2 42051
1 90327 73511 606787851
1 90647 20981 701212643
1 56756 8818 661751275
1 9052 62073 790816580
1 131 49301 285555523
1 83808 76078 178540534
1 81659 2637 212440483
1 38347 12315 850991246
1 72949 75341 800805178
1 9865 98459 572982184
2 76073
1 36223 45777 651532054
2 76786
2 50164
1 13961 65169 808363805
2 6024
1 48138 76661 46835620
1 46590 35056 896065918
2 10056
1 5038 55460 846895832
2 32947
2 32725
2 18425
2 77199
2 39487
2 46179
1 34765 63599 97230886
2 69684
2 4843
1 33277 85006 30484763
1 43951 47633 971583126
2 7993
1 77208 68873 769542038
2 3140
2 16638
1 16078 25039 620300001
1 34193 68758 722104018
2 56946
2 65738
1 56979 79398 906486931
2 2065
1 7881 33174 467252691
1 53627 82455 285705435
1 29818 83799 864942763
1 46076 1329 734498469
2 18904
1 90306 37079 333146825
1 92717 33605 772114212
1 36006 87027 221268626
2 27554
2 26101
1 20072 95356 392646481
2 52900
2 41513
2 57712
1 77480 67613 34956969
1 25444 75562 937540301
1 43019 9572 18629667
1 2320 28836 179788841
1 26968 79265 32656945
2 27947
2 95586
2 62382
2 99260
1 86298 38812 597926946
1 94570 67632 840727573
2 70129
1 9705 68041 892631000
1 20636 39174 867915555
2 76413
2 88180
1 86932 48390 493537060
1 15928 93848 581107561
1 53556 82751 734164810
1 76833 32246 321369857
2 44222
2 12360
2 56906
1 46314 22575 805662808
1 50244 4370 405952747
1 70434 47406 60334435
2 98760
1 18640 10669 51975449
2 80155
2 92968
2 67880
2 36715
2 23273
2 95164
1 2716 23268 764585634
1 16842 37925 105334644
2 4974
2 94326
2 95788
2 33635
2 22346
2 90698
1 78820 49419 334094196
1 61643 41389 762144699
2 35838
2 99993
1 71334 55530 440532397
2 16158
2 11683
2 58034
2 12011
2 93003
1 12384 90328 874528288
1 77564 67719 445827265
2 66128
2 84728
2 58744
2 92559
2 76589
2 59330
2 34486
2 90482
2 56058
1 27952 85959 68370772
1 90239 98433 211415841
2 97831
1 49987 19366 68920608
2 12732
1 53295 66997 530253941
2 34582
1 76996 83651 485400706
1 21966 1381 614894317
1 36147 14879 97121488
2 63341
1 73534 60716 14969220
2 53835
1 22231 64644 367812641
2 21614
2 2623
2 26304
2 62142
2 74884
1 51072 24948 79351285
1 53093 44591 579150334
2 80867
2 66790
2 74435
1 76712 52927 285650658
1 55237 40961 60263364
1 22545 29111 809562722
2 50607
1 68612 89606 330069256
1 61304 86217 912743118
1 7042 88758 500640311
1 40805 30839 786474081
2 94576
1 51975 6435 347448717
1 35738 32410 91930845
2 29645
2 14793
2 18869
2 80698
1 13498 51673 267308724
1 79044 49485 318614522
2 75178
1 20470 80468 192075632
2 75644
2 45947
2 44633
2 32265
1 69533 67117 784498956
1 76701 34997 2753827
2 60929
2 11322
2 46807
2 24456
1 62468 25805 584905742
1 10771 15532 678753557
1 9170 37094 474321807
1 67618 22388 930625438
2 19018
1 67841 42058 929424810
1 82501 19468 784927940
2 53830
1 68553 93516 182337558
1 56899 32911 697204890
1 93530 57595 254367011
2 1249
2 75548
1 36076 4240 632150379
1 67971 42915 846819807
2 2954
2 93034
1 39401 83526 271712165
1 83873 89454 787731626
1 1339 11332 240503320
2 52394
1 36890 14789 26692585
2 76813
1 35982 42760 471343170
2 47065
2 44243
2 43931
1 301 98157 276745671
2 40751
2 14359
2 79002
2 24206
2 62382
1 52456 36830 384955222
2 68724
1 89848 89692 724299208
1 7511 38326 277645974
2 99629
1 33617 83336 950482190
2 15494
1 33435 49084 607528125
1 4201 5737 6627082
2 32579
1 87753 2340 23472740
1 80405 61216 125679438
1 96442 7471 304951370
2 39360
2 53072
1 22467 81806 83006086
2 66800
2 82700
2 91295
1 24423 98357 400572226
2 32303
1 60388 77113 902441306
1 8333 9706 187616071
2 67081
2 76076
2 81920
2 63051
1 7355 62936 914644898
1 14671 49957 288860748
2 55452
1 55105 18579 345817304
1 68039 16567 887546281
1 29902 4107 431170191
2 7324
2 91012
2 79006
1 46979 32808 5164875
1 48102 92225 761607740
2 49216
2 51413
2 27611
1 73656 64337 89835405
2 48607
2 75843
1 84933 5748 926598266
2 76149
1 77830 17438 978808197
2 50517
1 22913 64616 883098225
1 10212 6275 990442718
2 82701
2 73995
2 29659
1 20286 95710 1842588
1 2687 74854 469950845
2 63946
2 74267
1 94717 97900 246799460
2 5090
1 63788 85013 470528941
1 51359 24914 329700253
2 47605
2 89504
1 42491 28407 577401066
2 20931
1 32069 29903 114831905
1 64609 4187 764241155
1 43636 90168 833585972
1 35914 86945 838362766
2 96852
2 59954
2 62190
1 41891 19178 315651913
2 92355
1 14827 27172 569704791
2 86867
2 2676
2 29084
1 76309 79407 649578757
1 28387 95994 113190027
1 64858 63016 84513655
2 36548
1 89555 4785 147211699
2 30935
2 31498
2 20434
1 23540 17167 901171952
2 13067
2 9776
1 69836 40989 364770539
2 13921
2 66847
1 90665 84713 938088561
2 21188
2 42617
1 56854 50000 723267169
1 66025 30085 97823040
1 89355 8162 871332857
1 57425 35740 974443212
2 81537
2 63538
1 55632 27815 14865685
2 53640
1 78673 7366 603145160
1 558 17257 291645023
1 31945 35093 48612199
2 66619
1 78940 9987 826308001
2 22863
2 87405
2 51639
2 81769
2 82582
2 51060
2 2020
2 36328
1 10087 54784 822680737
2 29076
2 1867
2 33811
1 17103 66926 217634378
1 26341 60108 519970575
1 76162 45925 749276142
1 39918 8757 178709450
2 83739
1 95260 92737 925026328
1 16627 13324 909260739
2 95995
1 34390 30973 63438313
2 78989
2 98204
1 46593 57132 612446214
2 95555
2 3141
1 38805 91929 570136539
2 24120
2 70755
2 27761
1 44350 27376 549038223
1 18331 32347 677583941
1 11622 43545 219878300
1 21914 46470 477937618
1 33605 8438 172874392
1 31454 66382 137423910
1 53424 11666 585780170
2 19737
2 40381
2 50072
1 78326 28293 809053910
1 44303 52457 507853270
2 91609
1 68267 84254 157285007
2 86164
1 26956 28961 594303326
2 18805
1 80967 7176 695920037
1 28520 98168 163574753
2 85877
2 5423
2 31306
2 46946
1 35836 47215 355059478
1 24884 16733 765583724
2 88703
2 65584
1 81540 46812 481306601
2 81687
1 50653 94930 24598336
1 44036 76628 187758575
1 23745 70518 993027396
1 60157 76332 969079101
1 63758 691 919193267
1 27822 19989 256421154
1 93172 49713 897662237
2 55023
1 81124 27887 880545988
2 40697
2 80021
2 83377
1 14037 89868 991891467
2 31748
1 21620 88983 772460395
1 32926 38803 61045489
2 8488
1 89887 57287 371368732
2 73760
2 55783
1 43278 50358 320385829
2 37441
1 71258 15376 684193646
2 26744
1 24308 57460 504655814
1 81443 93873 261499538
2 55722
2 14603
1 13256 40315 943433215
2 18636
2 49689
2 37340
2 68119
1 15275 52311 831918970
1 81348 26857 771197323
1 57162 65346 884818435
1 58901 64683 659266142
1 53320 89980 74432073
1 2802 29289 374757907
1 24873 60870 687248145
1 76572 83323 179241168
1 1151 78323 209943884
2 70990
2 23876
1 30017 40105 833780914
1 72898 82218 116047514
2 33984
1 93389 41202 213449855
1 80793 82625 123179314
1 2426 26493 413443957
1 2506 93288 63630238
2 43894
1 33841 60238 521623150
1 67323 86496 532878289
2 36970
1 43770 81975 793336413
1 82668 81203 809602664
2 11218
2 13078
1 3086 47049 43858876
1 69778 10823 35572849
2 99167
1 96587 37276 139507704
2 52071
2 52124
2 93940
1 72898 12947 999326841
1 77343 43930 460663974
1 73712 49791 421436877
1 45412 19289 112935867
2 78624
2 36827
1 82739 62231 547086374
1 61314 93341 360712168
2 65942
2 60332
2 47000
1 84863 74578 446040920
1 8975 11910 620515985
1 90121 69919 655688784
2 5447
2 12544
1 31484 5287 806651114
2 57967
1 63893 55163 202143732
2 63272
1 67177 40233 858257524
2 44663
1 55437 11360 227376450
1 14257 12647 800100895
1 45170 20849 829778094
1 83802 32279 940055687
1 25680 24300 281128625
2 94018
2 35993
1 10494 50125 56515827
2 54235
1 60961 48676 900502597
2 88424
2 24690
1 32501 73344 682053688
2 84164
2 13469
2 62869
2 32546
1 96534 16577 237089515
2 57478
1 51507 36684 441407436
1 19601 16187 412083925
2 52154
1 35783 56144 312315912
1 29565 79761 576042568
1 15515 40795 339675026
2 57012
2 12847
2 95030
1 38814 32652 956625541
2 69434
1 12615 41743 392657828
2 53353
2 70141
2 13708
2 25126
2 85376
2 7928
1 10517 97643 813367324
2 41014
1 30680 39344 40771694
2 35867
1 48924 89814 784955000
2 20403
1 48767 65380 514137170
1 56554 78298 860706084
2 58613
1 95041 28592 585936962
1 62015 62256 26993270
2 11514
2 63762
2 9821
2 738
2 31820
1 44835 67954 781814187
1 46355 51561 995819967
2 42932
1 25466 75279 87854597
2 36245
1 12684 89432 842582774
1 94378 7732 619620118
2 35452
1 96312 20783 167544827
2 36445
2 5519
1 63717 71389 301494620
2 92479
2 74331
2 81410
1 61647 26803 930941592
2 18461
1 52837 9648 589582803
1 43363 65776 331914918
1 89640 86506 511379285
1 351 50678 53721438
2 4205
2 25711
1 26896 48632 794986818
2 25379
1 39665 50873 393824608
1 57975 1325 680161270
1 52389 95058 889656760
2 98559
1 51171 86350 543023476
2 33200
1 98158 78550 188597581
1 76187 60693 936441291
2 83372
2 46310
1 37895 40321 355779846
2 64973
2 75616
2 55522
1 73193 3511 380982531
2 95829
2 42358
1 36595 70951 206027276
1 43902 77918 447496633
2 34120
2 25172
1 51898 35082 821980638
1 28861 41599 429437815
1 35233 72559 658514974
2 63191
2 28913
1 19381 54730 687298000
1 23755 33138 307849333
1 41036 15617 918802472
2 52283
1 55539 56422 547817341
2 30938
1 94695 19002 379919910
1 49954 64369 912273363
1 59421 25405 439076274
2 63002
2 7130
2 9561
2 68626
1 37426 85641 465675577
2 6663
1 57180 7847 712721460
2 8747
1 22123 38262 243683823
2 86898
2 78977
1 66427 29853 630964395
2 75986
2 84990
1 62068 54445 846768224
1 34260 72002 793538214
1 29169 79216 971698865
2 81765
1 44127 56520 134152048
1 73968 31418 766149822
1 16486 46550 975246393
2 24335
1 75901 41118 884718013
1 51075 67884 44474257
2 81068
1 41136 40297 335289557
1 50631 62998 49571685
2 84245
2 67868
1 88773 17425 854530346
1 82277 29015 368238702
1 32819 83658 532278226
2 14370
1 59023 81665 490289453
1 26349 11587 31378969
2 1635
2 11104
2 40422
2 1018
1 75859 66716 531305718
1 991 63211 90113538
1 42094 32619 526078326
1 89795 94652 284955159
1 9760 84901 957466552
1 26058 91971 342301472
1 66227 43670 79734932
1 68621 59867 978389766
2 42104
1 15398 73731 904167541
1 687 43887 439926764
1 76109 70106 486897264
1 53078 17712 395812813
2 9245
2 92567
2 93980
1 81119 60626 517957609
2 86544
1 10044 57095 55079451
2 91271
2 90028
1 54295 70059 484621593
2 51147
1 42310 10569 338628071
2 66885
2 74524
1 94441 59388 526105039
1 37801 90905 785826579
2 34258
2 3181
1 34694 9295 3630989
1 4632 53983 320851219
1 38345 53749 727853596
1 96606 93428 672670886
2 13810
1 1007 16245 152198798
1 40051 76987 534009791
2 65558
2 54981
1 82281 27445 770749145
2 88885
2 77566
1 45635 37429 743534077
1 55497 55264 913637645
2 80438
1 4617 6634 102225160
1 85268 76016 262227290
1 12795 84874 603389312
1 87205 12159 148041047
2 14034
1 4906 79812 688497309
1 57022 70174 634317663
1 32895 39678 712942999
1 67593 19593 934980468
2 49539
2 14681
2 49927
2 7857
2 71733
2 52569
1 93090 91433 501038733
2 22340
1 35690 65598 939763568
2 65430
2 81531
2 26148
2 47849
2 40719
2 64572
2 26720
1 6502 25434 636641290
2 7479
1 13432 33198 939323360
2 99905
1 56281 7569 746404457
2 32453
2 82639
1 70639 47950 933397300
1 26272 14880 915857382
2 62249
1 72089 49518 69383213
1 54101 73537 155187649
2 10859
1 6247 17260 68036737
1 94923 44661 287436264
1 78115 4965 253057615
1 624 37968 675347606
2 51274
1 18140 94776 329951353
1 32140 52318 622461602
2 44595
2 80756
1 5569 81139 442372943
2 7233
1 39871 65548 616218236
2 44233
1 72530 89158 505465003
2 53868
1 76823 38515 410408488
2 71267
1 82591 42844 499034070
1 34991 48367 913430562
1 66984 79117 435593570
1 18704 93643 43106182
1 94391 75560 616293941
2 23585
2 54959
1 13539 62781 164940718
1 604 86327 252831276
1 75110 3315 784338176
2 56064
2 46838
1 69261 79251 636293274
1 69748 88439 2471273
2 44723
2 5469
2 41374
1 81789 46432 482723768
2 82094
2 14585
2 35740
2 24515
2 39264
2 32661
1 99994 806 288395764
2 28233
2 27085
1 90724 47639 143244908
2 95760
2 79764
2 38752
2 4116
2 17483
2 28592
1 93378 78365 121507949
1 14427 91195 716407502
2 84523
1 32574 47808 834172389
1 14647 19259 289806249
1 70013 71491 885159872
2 68882
1 43334 12675 894542623
2 89758
2 54088
1 4630 40378 507204026
1 60036 35118 991404662
1 23341 4118 159978147
2 10591
1 66135 97790 21954435
2 43713
2 93654
1 15447 35816 585108566
2 95522
2 16973
2 15668
1 531 97244 412269642
2 1814
1 11124 35810 726849195
1 96830 52508 40702378
1 66486 46457 719394465
2 63778
2 12825
2 56011
1 40523 82428 423116497
2 24457
2 89240
2 90523
2 4537
1 71071 66120 112189727
1 36988 38731 173210981
1 16640 27950 799822185
1 21076 93206 146223946
2 39570
2 12247
2 47013
2 32385
1 47935 80246 517928038
1 25105 91051 978123985
2 27437
2 3483
1 10551 97586 348040106
2 5572
1 76521 8341 24668129
2 18097
1 81206 60332 499810902
2 8181
2 28188
1 89512 57231 715924450
2 25227
2 99835
2 72591
2 66446
2 1334
1 85756 30047 896211720
1 43657 94653 67931195
2 92527
2 20547
2 84969
2 34419
2 36058
1 72189 51529 284510074
1 99956 26732 566628536
1 7688 65271 161125834
2 80128
1 51235 68888 47605561
1 22639 73545 499131063
2 14612
2 41583
2 38174
1 24940 50843 449256116
1 56750 79310 464568388
1 82378 79396 60937206
1 5422 26102 771207584
2 13519
1 2767 18500 722649708
1 98131 55920 213519042
2 96909
1 2518 87519 617604266
2 41419
2 72624
2 44678
1 29054 77205 762119393
1 33993 10481 724988162
1 67617 23230 388384519
2 47048
2 93449
1 13976 13245 830575709
2 76700
2 48803
2 4264
1 30042 54597 538738381
1 97884 59975 119134789
1 86978 60946 103334740
1 15726 68068 515841644
1 63100 46477 285017670
1 58670 61440 661899806
1 35079 85160 457432350
1 7573 72529 7835573
1 23347 82175 503669265
1 1847 98415 243690366
1 73117 29362 187374187
1 42719 741 622501911
2 90445
2 55138
1 74038 75599 159083306
2 61119
2 29983
1 8646 89180 336890186
1 10981 29099 600497528
1 83286 9281 827392515
1 60765 41199 324817143
1 72495 20991 206860518
1 63971 36114 53472535
2 35935
1 5192 14621 524307177
1 25899 47520 349952726
2 3020
2 91324
2 40730
1 61316 39477 294500033
1 99763 85355 899929878
1 87568 46217 522823659
1 26587 11023 60210888
1 67934 58966 836191883
1 43717 71045 504862400
2 88952
1 81338 51273 413591444
2 26537
2 94691
2 93529
1 90425 11944 988124663
1 65756 40795 104828104
2 83810
2 90092
1 70976 21673 78745993
1 82390 11023 226155849
1 99830 39955 33348998
2 3552
2 22545
1 35150 7022 223154773
2 74109
2 50689
2 75475
1 21227 35390 703929781
1 10858 89110 884962735
1 98003 5317 269197763
1 95005 3551 776168743
1 966 74390 374472833
1 48796 49633 618727134
1 30008 81425 634091341
1 3146 22361 909634061
2 51608
2 81834
2 28146
2 95999
2 72946
1 98477 91381 832360650
2 87738
2 79979
2 33037
2 32788
1 17424 10792 806430378
2 23835
1 62294 67418 74864973
2 28577
1 1842 91298 144707442
2 6258
2 51870
1 54785 88243 228138718
1 69889 87712 510088318
1 9240 48270 571810784
1 98369 24192 890990957
2 99920
1 48303 33554 534031494
1 7210 95421 927738726
1 11555 64920 777790722
1 14137 90592 110811045
1 93678 68549 977893946
2 53218
1 73254 78276 474060226
2 5838
2 21977
2 61470
1 57415 42049 332775150
1 73682 22453 469916729
2 91866
2 21212
1 94321 13470 74665948
1 18940 88801 602373927
1 35943 74868 87438587
1 27734 60669 110364396
1 1624 92257 243410360
2 86243
1 73260 26726 963397870
2 90741
1 14821 76778 126137332
1 8284 53772 342682307
1 46810 15959 930778512
1 40135 69984 102114546
1 87871 87776 845767973
2 33442
2 85850
2 84286
2 88912
2 7762
2 85052
1 66308 79841 357124054
2 52052
2 2177
2 92414
1 65850 7628 137215374
2 22760
2 86562
1 5694 94545 166696790
2 17180
1 31477 37004 111644203
2 19555
1 23466 63872 554167379
1 33046 16535 65175719
1 20932 68308 947552536
2 71125
2 60760
2 17198
1 71115 49326 615094669
1 58539 25272 152816707
1 51570 97853 919307871
2 6926
1 21738 74886 805008116
2 85489
2 46380
1 74184 38358 205782875
2 46119
2 33222
1 79923 39847 66816987
2 70816
2 71253
2 60441
1 87731 89618 132951841
1 20089 74920 488370871
1 71380 59671 782503335
1 87345 31831 422625596
1 23267 12034 707471266
1 66506 10389 475470086
1 73092 21327 588136637
1 67554 36949 941539805
2 48769
1 80207 41966 463637440
1 92051 95159 173970080
2 98191
1 3910 39434 818428159
1 94467 49642 866983027
2 29508
1 99950 86436 359204559
1 93715 29651 90404500
1 51465 39070 176127472
2 78421
2 95261
2 15522
1 11631 9 354579613
1 57771 42946 627077379
1 13831 56562 27612703
2 21468
2 44933
2 87623
2 62388
2 90804
2 21996
1 46015 69540 505073953
2 41611
1 53744 99043 574112352
1 35186 70755 770192327
2 61761
1 11680 75551 185855703
2 50038
1 99767 98486 785786549
1 76237 70944 872031146
2 85226
1 66121 60868 469585460
1 12613 31114 35941389
2 97671
2 31557
2 60559
1 26910 37923 289709797
1 19220 27329 745164404
1 26787 77995 721429419
2 30743
2 80712
1 51674 10267 176277922
1 54612 55485 7436209
2 15566
1 62109 53520 782921173
2 6207
1 40254 58343 281175163
1 21777 6380 797614442
2 65052
2 89347
2 14297
2 67520
2 44086
2 6918
1 54896 4842 604993560
2 71685
1 82334 98985 940508052
1 59176 32273 939408745
2 38285
2 82802
2 45649
1 44855 5731 790830674
2 1930
2 25784
1 15530 98868 104615079
1 28238 66575 82264560
1 84067 33801 750461931
1 89003 11174 788126052
1 37611 7046 562973698
2 2365
1 85719 76110 774166126
2 8126
2 65430
2 33444
2 68506
1 47112 85929 920281866
1 3582 97918 385571821
1 81591 83288 668734854
1 80199 41617 446597992
2 881
2 18241
1 21833 50365 673317296
1 15000 54706 983556072
2 21973
1 28253 73217 380067355
1 77003 97209 764146923
2 89127
2 86714
2 63952
2 25499
2 7709
1 62539 81440 877157011
2 68042
2 84714
2 86149
1 14760 32265 615192293
1 62971 66347 31906882
1 8693 19062 820998154
2 3269
2 64577
2 83268
1 48933 14350 815662524
2 73437
2 45711
1 71357 12051 28650279
1 62101 21906 180348060
2 31414
2 81992
2 46606
1 94976 4017 55833918
2 39910
1 19055 69717 3625085
2 57355
1 84147 78579 444211272
1 56183 82302 620365589
2 3603
1 18342 5958 38808430
1 88417 73136 139527956
1 62285 23914 328460904
2 87056
1 48020 45419 16380129
1 53764 91087 579578694
1 67824 48584 612479782
1 63524 5046 162383879
1 33178 47392 355274121
1 68529 2732 337119031
2 25634
1 53394 72201 50112278
2 55073
1 86870 12658 400996089
1 95025 96045 359943880
1 51750 65991 88761304
1 67890 71339 670376151
1 30488 90754 48326005
2 55883
1 54826 65550 254189222
2 5785
2 68131
1 1178 22507 226853178
1 43903 51937 249894973
1 30557 26452 419142109
2 50006
2 89095
2 9415
2 96997
2 59204
2 87826
2 3544
1 52546 54814 208539245
2 84187
2 54199
1 77824 5646 802018573
1 61233 85063 288568216
1 78874 16866 977434091
1 5737 67475 910482403
1 20815 41539 339100286
1 43612 35778 430970057
2 49638
2 91868
1 78308 30804 887034774
1 43326 38066 720992536
2 33878
1 28191 11929 850885577
1 36443 42586 728691540
1 70248 88844 805338584
1 33315 11324 968831753
2 60693
1 64705 31764 969619817
2 12751
1 68606 3450 991946228
1 82278 50075 508667989
1 13022 17808 727864574
1 93237 88060 528781735
2 45399
1 59415 5030 720151403
1 40594 9213 746589258
1 52736 40528 775529907
1 3245 71019 494060724
1 93298 8788 679411089
2 6631
2 3993
2 47307
1 65874 16830 656568617
1 42498 79333 393498364
1 89908 30888 423032514
2 20057
2 65397
1 89682 11770 876899916
1 43442 49453 86280773
2 731
2 98398
2 27837
2 14881
2 16509
1 43511 90799 60517090
2 54502
2 87100
2 80458
2 3601
2 23281
1 54396 76422 959976948
2 40165
1 86205 38796 744287573
1 84563 96428 46219082
2 92498
2 920
1 81813 67016 753749808
2 58834
1 42161 90432 574802686
1 94243 72986 620375316
2 76721
2 87664
2 45788
2 3878
2 36988
1 74615 49110 547839674
1 32598 22477 778386021
2 34986
1 14390 14102 809646348
1 68507 23511 765506281
1 93811 79380 984328477
1 94942 6222 136168135
2 42565
2 88119
2 71161
1 32287 79359 701058731
2 16715
1 76042 2589 295652346
2 63630
2 9036
2 69710
2 58514
2 69263
1 38679 66455 302834982
1 2464 52876 928190281
1 45217 26486 216832334
1 76279 12286 41706475
2 56880
2 81349
1 70998 87283 135026104
2 90580
2 30939
1 94754 31258 354514783
1 24869 78797 985259708
2 41528
2 17101
1 69062 19199 939853198
2 93472
1 29914 30517 858198604
2 88872
2 68201
2 82764
1 49066 10093 475159934
2 42515
2 3297
1 47601 8608 751193050
2 93022
2 3699
2 8528
1 65396 35106 45723242
1 73120 6328 758298355
2 45259
2 74808
1 44596 58274 744229561
2 2139
1 54607 20611 831020640
2 19808
1 25932 87785 338789424
2 16124
2 96292
1 62256 86474 561034184
1 8614 23254 165622492
1 67867 59415 867206708
2 87175
2 87751
2 15667
1 43279 63000 497357498
1 27505 5966 388424386
2 76734
2 45941
2 3920
1 79819 45533 242443241
2 87409
1 22269 19491 231570069
1 96041 93693 621930056
2 98780
2 44630
2 27185
1 85736 73291 707681350
2 29626
1 12510 70641 222446634
2 87697
1 49069 68395 443698212
2 32790
1 90869 31121 537187765
2 47379
2 64217
1 24570 84544 262155454
2 83249
2 11283
1 51360 79750 431073776
2 28547
2 28608
1 69638 24056 49732056
2 99297
2 52047
2 71513
2 22585
2 52077
1 96913 29488 977277995
1 76992 55822 960778237
1 36357 27418 473509205
1 89756 33111 370979516
2 66941
2 99765
1 5437 45515 690494008
2 38524
2 36783
1 97969 21108 422191425
2 72412
1 80061 26594 307586590
2 89987
1 33594 81229 609640500
2 10144
1 63211 37003 36221828
2 54071
1 69479 94968 992189818
1 34063 72900 188943203
2 22213
2 63456
2 53870
1 39600 6390 580119264
1 73664 85352 111446235
2 87268
2 74870
2 42197
2 43461
1 555 35784 80963478
2 88403
2 76750
1 49841 62494 897950948
1 19689 43423 745621924
2 37185
2 95242
2 56823
1 81793 25102 857101891
2 23590
2 37714
1 40768 46785 983521157
2 67362
2 8917
2 44802
2 81268
2 32194
2 706
2 15265
1 94170 30440 418605126
1 9311 64874 862843969
1 64027 42385 900758085
1 45750 82651 444577400
2 45597
2 33255
2 66441
2 21394
1 7847 758 429574856
2 89406
2 10841
1 149 68388 511743558
1 16144 1594 487536737
2 89589
2 33432
1 19585 90524 804826556
2 94834
2 33414
1 75190 75136 348850618
1 33820 6590 668872260
2 67815
2 95926
2 46907
2 94393
1 79786 41338 827586256
1 91113 55843 586376652
1 78690 59109 810742866
2 78732
1 18001 36362 132284925
2 66469
1 78286 51970 959913525
2 53379
2 42916
1 21635 85607 881880336
2 83117
1 15415 18095 997042535
1 84125 19330 149880814
2 26471
2 61095
2 57857
2 96949
1 81927 78821 411500184
2 21306
2 13823
1 6394 99824 846078829
1 26574 72799 694513762
2 68454
1 16826 6279 391693798
2 77967
2 55013
1 17771 28357 17539623
2 22163
1 80505 37777 528900653
1 72721 2389 122237650
2 15567
2 59410
1 57441 56527 488466398
2 76822
1 41123 9985 381946624
1 1465 20415 57735621
2 78681
1 65380 33331 795302064
1 83220 43185 697583714
2 35301
1 92988 51259 849277006
1 28524 46694 752724086
1 59260 14002 706703330
1 83738 67258 520384485
1 65489 51218 732025369
2 51434
1 9525 58909 543870613
2 27323
2 59182
1 3258 91995 433713286
2 86578
2 46406
2 13787
2 4701
1 23351 95320 229732497
1 69901 15701 723516575
1 63654 1408 274367532
2 23342
1 91547 98428 197209438
1 79406 37745 2654421
1 17582 48019 595855636
1 29219 31280 549662641
1 52159 94953 103097877
2 72993
2 40134
2 53080
1 26978 53625 906492870
1 8110 35770 878348321
1 87116 93556 385805930
2 30775
2 79265
1 32934 22310 668223761
1 69125 19648 960483040
1 67597 17498 142210157
1 75195 28286 242540956
1 1634 70638 198268779
1 40891 49239 302503711
2 78929
2 18858
2 57214
2 10443
2 96152
1 15747 66470 517000681
2 63871
1 72816 19763 788551113
2 76063
1 26321 15633 17733115
2 75363
1 53077 60897 771132994
1 97297 99237 26690195
2 89630
2 88696
1 85278 64391 247567157
1 29415 9443 85095349
1 22707 75839 982378828
1 25539 82183 344759164
2 98392
1 77887 43211 449215068
2 29704
2 98447
1 3988 14866 197435691
2 98530
2 72005
1 67214 73075 273678606
1 89462 12821 394450159
1 55260 44692 935333609
2 17782
1 52788 21925 289256113
2 22373
1 68856 56140 62360420
2 24482
2 58517
1 14175 51606 986515079
1 40071 84634 339799276
2 98958
1 79507 7839 714075286
2 63689
2 38723
1 42304 73484 869993769
1 66598 28426 665134156
1 94235 12896 461560918
2 76741
2 97410
2 52173
2 88389
1 12112 42754 234301157
2 38679
1 56302 754 41854836
2 65869
2 84246
2 67828
1 71782 41726 299614544
2 59939
2 19088
1 21845 34658 321677088
1 76506 84337 279266547
1 6166 44999 415124362
2 76225
2 80439
2 28018
1 8074 78364 999312209
2 87069
2 80647
2 88338
2 36938
1 23362 45940 724409526
2 50964
1 10616 36616 836265270
1 3847 27437 118336817
2 26719
1 67543 7628 540533404
2 20511
2 38303
2 5013
2 75776
2 2363
1 76313 53614 792961437
1 54038 61908 470583811
1 30531 18182 111731447
1 16986 21668 855643760
2 65969
2 80141
2 64488
1 57838 38509 553687601
1 71884 29290 503304932
2 15024
2 60120
2 84793
2 48401
1 69111 68309 987515649
2 11318
1 86432 66720 625844586
2 89164
2 79969
1 17159 28025 773315286
1 28834 8603 337901874
1 26809 77869 147868077
1 94433 86287 48388372
1 10911 27550 282127872
2 22770
1 19865 12426 909076807
1 33042 94213 552452079
2 2115
1 55107 10099 918687902
2 97593
1 88021 9075 183879640
2 70978
2 62405
2 4946
1 99782 59239 88631456
1 86148 64646 632322736
1 93392 22848 754947508
1 37157 57105 94360074
1 20159 52267 722208628
2 46366
2 74495
2 33215
1 53001 4469 540747561
2 44930
1 15692 9313 489979938
1 41259 35710 671056362
2 95581
1 19713 68344 543319774
1 29883 36692 36556737
1 23178 98909 870068648
1 31859 42001 772503543
2 49732
1 19010 58991 685376360
2 78574
2 86020
1 59576 36334 314042995
1 30179 24936 922241238
2 94080
2 20014
2 32764
1 19782 32229 459262187
2 24018
2 2946
2 57709
1 93969 49298 855491759
1 94977 37556 337516873
2 3751
1 59445 80485 555040426
1 79091 40887 344347047
1 4678 74806 616746337
2 90145
2 61048
2 32837
2 97901
1 18116 49842 50327430
1 34756 99804 437999212
2 54538
1 54096 50567 525069432
2 29264
1 10840 13321 405801550
2 94051
1 95643 24577 665936122
1 22584 12589 770514266
2 81836
1 67449 19897 922433120
2 56541
1 70067 4102 523678214
1 88005 44052 713293711
1 87575 30299 833100672
1 72153 93949 800830415
1 24825 38516 142525558
1 44281 78884 223089233
2 69699
1 13754 27071 636135779
1 41353 84744 519465418
1 53131 68093 152923349
1 19114 32930 777567310
1 73341 67209 142364138
1 85759 54695 948543689
1 48885 38751 756097230
2 407
2 48656
1 21708 35762 894039113
2 21941
2 32053
2 38075
2 41619
1 45212 1932 816635384
2 50935
1 23456 45674 764791136
2 65645
1 47646 46579 888670515
1 27501 11899 997686429
1 97323 716 837455337
2 75269
2 68155
2 91446
2 37131
1 65215 43167 520989253
1 29194 93190 645914254
2 96028
2 36590
2 92050
1 70697 20306 909209755
2 72704
1 57262 64695 866355495
1 65530 98770 57420881
1 69147 65825 234032918
2 54202
1 10276 40747 447635460
1 72876 24775 145755646
1 59701 33301 748722583
2 4289
2 88168
2 74612
2 66895
1 11659 63926 314379744
2 73658
2 88238
1 92145 24282 458042011
2 88087
1 93000 37010 116807162
1 45063 30478 261614761
2 35368
1 55229 40053 15299261
1 638 55345 77840509
2 34156
2 43851
1 99389 47101 288643449
1 38428 7047 726548992
2 92905
2 11331
1 36372 458 790586566
2 2569
1 7718 48355 797934664
1 7851 37455 848435654
2 14785
2 59176
2 22942
1 64439 42567 898895938
1 39639 33455 242941254
1 64270 68360 703865317
2 46506
1 40659 43775 606925883
2 52634
1 62549 56331 292650265
1 717 1150 468597487
2 7604
2 35545
1 87094 56406 935706857
1 31916 62867 112206281
2 27625
1 20497 49232 353257145
1 64169 94089 43368221
2 40557
2 60043
2 20102
2 76594
1 70624 34566 424175374
1 35979 25559 806127975
2 46204
2 78322
2 51995
2 19374
2 65999
1 18534 30811 802115729
2 96073
2 26519
2 2500
1 37873 19917 716262661
1 43130 94360 785771607
1 13437 38516 62578210
2 72616
1 20575 89322 25089715
1 26229 30504 454742643
1 39076 94103 226860529
1 11178 28199 853344725
1 57072 33033 129137366
1 51068 76225 984283805
1 41201 16056 831349380
1 54538 53580 652119077
1 15187 33862 133847675
1 44352 14004 40330580
2 93905
2 70808
2 5042
1 51774 54649 295540286
2 57828
1 24081 99878 303394423
1 35657 11037 954163528
1 55155 38100 370663714
1 87493 81934 521880420
1 37724 62908 882445609
2 60886
2 51453
2 19274
2 60441
1 25020 35694 603340138
1 80257 89982 169673266
2 93014
1 91446 77370 400132197
2 62313
2 13816
1 78597 6579 771778398
1 75445 82915 806063762
2 42305
2 5876
2 31289
2 83503
2 32438
2 36022
2 34669
1 31076 35286 607184038
2 64567
1 83985 17414 564639155
1 75516 87646 462451678
1 46835 65141 422156216
2 8848
1 64236 58226 273287473
1 27898 35524 473241043
1 52954 32759 75047889
1 62107 10898 742722490
1 70459 35460 639631194
2 14867
2 54629
1 72914 41174 532424786
2 59007
1 19234 63513 667269955
2 15248
2 76722
1 77909 6926 853127302
2 54436
1 52539 11494 750232299
2 3848
2 90973
2 17246
2 42347
1 18752 96302 708664131
1 79907 65746 695898122
1 80506 23023 814608401
1 95222 23978 300497415
2 77170
1 99398 12020 422555864
2 1021
1 45226 83168 646938175
1 29 64546 505530903
1 65813 73693 760296504
1 76588 26269 995057676
1 93234 85534 757110928
1 11497 80732 422276476
1 43519 79907 209879333
1 68885 56665 630520243
1 59039 69913 683333999
1 1686 76315 621581371
2 79083
1 75569 63763 294065848
2 22143
1 60298 87772 288216774
2 18111
1 66210 94027 402472092
2 81202
2 21274
1 87232 23289 705463308
1 65706 18683 893144740
2 50064
2 11002
2 61020
1 47474 63038 233955983
2 10848
1 40330 69842 244796531
2 50750
1 36147 78021 808501098
2 73379
1 82896 77969 595324556
2 60490
2 89796
2 27261
2 45910
2 55762
1 11685 77399 146576789
1 34073 23471 101412511
2 32264
1 87148 7792 637796491
2 57249
1 31529 42049 82865448
2 37086
2 72464
1 97731 47527 164940662
2 41664
1 69017 75334 256049958
1 33570 24384 136505158
2 57816
2 21984
2 84594
1 17352 2304 723817192
2 22824
1 17908 13995 818014640
2 39512
1 2984 45869 140335845
1 87746 56940 420288258
1 41868 66239 375655825
2 62959
1 66302 35994 853957420
1 85505 17749 916086041
2 47451
2 86524
1 49201 76868 500157077
1 72114 89808 514081188
2 83768
2 91545
2 21791
1 87814 20256 431828846
2 292
2 67
1 23920 84842 707854930
2 23224
2 16829
2 48656
1 40178 55377 506561269
2 26412
2 45160
2 56647
2 91568
1 46250 53685 102419091
2 7708
2 27019
2 42518
2 57177
1 66555 99329 838927884
2 67497
1 49754 86823 258706720
1 10565 89397 815371098
2 16826
1 47447 48421 80754532
2 87885
2 4269
1 44630 43391 305643669
2 6707
1 89823 7058 328161700
2 36011
2 86271
2 12749
2 69989
2 79950
1 6576 17153 750490179
1 10099 11090 17304607
1 69202 85286 414793272
2 48219
2 18747
1 2551 65552 406947067
1 24633 87068 99752310
1 50225 95252 339397258
2 70447
1 1788 51337 584065797
1 79287 63576 202693882
1 63296 81435 189732306
2 79462
1 80734 34783 519405928
2 88490
1 86758 38675 34798222
2 36990
2 52965
2 59699
1 65572 76669 387477823
1 32169 97728 847485498
1 12437 13186 391441552
1 44798 78075 689762870
1 58780 44026 416881963
1 77070 20310 787505838
1 35622 62749 100490724
1 99384 79920 235322594
1 4896 66675 991844256
2 71322
2 65091
1 54347 15265 864652858
2 71249
1 42689 80464 195128316
2 83694
2 35624
2 18088
1 38565 28735 767116451
1 34331 86227 711938034
1 17098 94906 154374843
2 28157
2 11812
2 12617
2 33706
2 91818
2 57333
2 91938
2 17626
2 26385
1 3705 86033 873309863
2 12112
2 39245
1 76014 4554 478809821
2 42407
2 77614
1 47068 44221 60015622
1 30881 78702 70404930
2 85162
1 3609 44819 159896042
1 6867 95787 608386943
2 20321
1 13549 54235 927932360
2 81756
1 29725 78703 992243495
2 83928
2 75543
2 30639
2 69923
1 33039 54047 318382657
2 67135
2 70178
1 42253 65455 827691390
1 99968 71120 378436739
2 78625
1 37621 90935 541386372
1 13192 33934 450189672
2 84682
1 87599 42963 915086552
1 13314 62600 960478462
2 17678
2 26491
1 25316 50811 474508808
1 37605 31339 888710734
1 2434 87350 421255518
2 21746
1 58738 35712 595253797
2 2766
1 43338 77387 476533893
2 98318
1 40205 20140 611072779
1 80584 28440 136414708
2 76956
2 8995
1 45035 83082 477431651
2 84702
2 64634
1 27227 62722 974675297
1 55896 58864 709497143
2 97986
1 91954 5863 762899863
1 40902 11382 604094105
2 12723
2 77968
2 23430
2 69595
1 36916 60004 835369817
1 99865 54351 348782638
2 5728
1 99630 18657 74545801
1 55424 88389 325064856
1 1898 78021 595750620
1 37924 11400 351936653
2 74961
1 56747 25128 874077567
1 14474 38517 202999480
1 88647 25279 514662564
1 71151 81349 955913242
1 65880 93315 511112131
2 94283
1 13775 41159 879428488
2 94697
2 99988
1 40188 43903 287050278
1 72459 24262 973826099
2 7683
1 56798 36745 426485611
2 87073
1 90799 70548 58067684
1 80105 71812 456642947
1 30169 28573 897588778
2 39988
2 23628
1 22784 64253 997255367
2 27611
2 12580
2 54541
1 26760 86220 91879424
1 58748 49564 757607028
2 15337
2 46685
2 98484
2 13604
1 22211 3214 522803981
1 3640 44572 55294364
2 80551
1 47364 11182 527682059
1 15039 87463 168342237
1 66821 9726 501439446
1 53750 23298 950973705
1 829 99835 737092975
1 81320 17420 386194134
2 46044
2 54540
1 69984 62543 362713247
1 21219 81178 316242826
2 83051
1 71734 96459 362644722
1 69570 64198 576032101
2 87720
2 55612
2 45956
1 41772 70551 916345070
2 43987
2 97227
2 92217
2 51192
2 66947
2 50034
1 65943 98156 368359575
2 74560
2 54865
1 12702 35756 633665376
2 33824
2 42536
1 15620 16680 808044747
1 34217 76570 993058314
2 18946
2 95282
2 73694
1 93260 10091 153246517
2 58833
1 97764 75415 443710705
1 69790 44866 16461585
2 26258
2 64401
1 11425 7535 709081886
1 72410 28937 816583780
1 54982 14241 805528370
2 53773
2 35479
1 97920 51752 325762223
1 6427 37677 639055598
2 99170
2 9396
1 14321 621 608588249
2 77218
1 78696 99938 365036335
1 84809 55026 314557963
1 32339 55197 19250365
1 83137 30898 381022511
2 20639
1 64114 79972 637991944
2 19486
2 31933
1 25169 23088 517674210
2 89998
1 97027 5766 803922882
1 35381 74088 520083694
2 76185
1 82521 97223 439073454
1 8694 49716 606577371
2 5968
1 2803 58117 917033579
2 48327
1 34205 10087 859582889
2 25036
1 59863 70111 809503710
1 2400 19544 746302475
2 97248
2 76501
1 23211 61256 384801255
1 42982 49156 852870805
1 67471 31636 429364698
2 36029
2 59124
2 36297
1 2411 25923 512479306
2 87309
2 36734
1 11019 51837 773274479
2 86037
2 15743
2 64930
2 33283
2 20698
1 77323 83638 275512797
2 72120
2 5990
2 55755
2 10687
1 1492 57942 796287873
1 58965 43804 35105083
1 27167 6845 858108096
2 71169
2 83242
2 65241
1 78733 5390 497818562
2 85615
1 75283 47472 610253060
2 84951
1 37675 42506 127573923
1 90754 13679 142337318
2 81052
2 88757
2 50779
2 10385
2 26449
1 71387 275 383070193
2 87283
1 80042 3074 763481928
2 55605
2 25686
1 34595 83560 471359913
1 16734 99429 491856335
2 30571
2 49735
1 75188 78372 252738307
2 63519
1 51547 52197 185943705
1 91616 26349 38795900
1 78328 66563 405946250
1 5830 46644 616087480
1 31024 45396 889360305
2 14714
1 90669 65106 815345201
2 59207
1 2185 98188 717456548
2 69933
1 27967 88885 828302011
2 10229
1 33596 65910 433644456
2 96625
2 73299
2 77974
1 26094 89627 907267159
2 82204
1 59843 32288 645806973
2 87112
2 93860
1 34325 76403 572054668
1 92471 74752 714299980
1 9594 56896 658491843
2 29996
2 75435
1 54332 17494 666173648
2 77040
2 18592
1 34846 65013 984097386
1 40985 8013 366749118
1 25482 61989 204445416
2 21278
1 10135 5190 656520894
2 49482
2 18280
2 84764
2 19352
2 99396
2 69536
1 50380 4122 27274752
2 58897
2 44018
1 57298 69356 478161621
2 71646
2 15056
2 68970
2 34500
1 54609 60108 470932429
2 11648
1 76412 22882 553251573
2 4503
2 8341
1 11222 9772 711407714
1 57631 84735 402842865
2 81779
1 10019 78815 17532256
1 82327 45046 516033856
1 1161 68866 112129554
1 82414 90532 725834762
2 98080
2 60322
2 89888
2 61514
1 87424 21677 125532292
2 87155
2 67471
1 35630 10219 848884225
1 47239 67671 810630891
2 57796
1 23824 86498 7576169
2 18079
2 14548
1 18794 16321 404147008
1 90650 12964 907081105
2 90025
1 73314 64096 306552520
2 30686
2 93048
2 53033
1 9029 18252 355861933
2 46269
2 2583
1 86858 43981 682881510
2 58683
2 38917
1 95194 31267 146400727
2 47445
2 58791
1 55054 66343 652518979
2 92101
2 55622
1 58134 49623 973238837
1 60721 55584 620343167
2 71256
1 35049 69980 504626362
1 41283 73695 243224005
2 50730
1 55153 36122 798049979
1 92797 18185 768593666
1 1182 89092 324613310
1 4033 36490 692224160
2 53856
1 58617 65214 608521837
1 86216 78400 660508935
1 20510 18222 910598360
2 72020
2 3460
2 11806
2 5610
1 35541 83120 107675044
2 86394
1 44713 38473 869351612
2 54895
2 11378
2 67041
2 61262
1 75765 92587 541810630
2 11582
2 56820
2 42973
2 37889
2 74652
1 98662 63671 696283463
1 21593 10562 847370237
2 45331
2 18699
1 29822 56333 649082161
1 54521 80445 406417589
2 94954
2 52862
2 34471
1 10618 66720 56347434
1 9559 5682 174146079
1 58929 90265 687114147
1 90547 73016 164804257
2 42657
2 59285
2 13008
1 14499 19700 530883421
2 41699
1 1790 18105 741030
2 3744
2 33962
1 36078 49052 725975929
1 25564 88244 481982327
2 15933
2 9617
1 39867 39184 132845854
2 28786
1 56808 75841 703425573
2 65860
2 4778
2 88058
2 33836
1 70501 70849 956732013
2 94119
2 81944
1 42699 90525 302395649
2 26771
1 9876 48533 59865712
1 4430 87465 262512924
2 15652
2 77000
1 7550 42925 540157954
2 11424
1 26476 94854 98386441
1 94111 80124 616015655
2 62127
2 14816
1 44287 34833 454093137
1 18948 54084 222678655
1 32456 34159 956664379
1 80783 11275 857225555
2 75901
1 25757 56203 13851577
2 57611
1 25877 58988 881726974
1 52203 17087 981839785
1 14227 28802 188746492
1 8326 81529 350384538
1 28259 22717 135522044
1 35113 69215 701702949
2 38392
2 10938
2 73856
2 47779
1 98334 54429 321158493
2 96175
1 66796 44646 994066069
2 7641
1 58803 26403 711290842
1 64601 28703 475897859
2 64286
1 26239 37652 937871411
2 61186
1 27236 89001 376565368
2 59316
2 46618
1 58132 53756 706334835
1 48814 59197 253369815
2 41099
1 55521 74885 866576897
2 41350
2 62061
2 99876
2 12922
1 3457 2117 613627475
1 99673 11386 462160444
1 29870 90543 967187967
1 27459 19208 752462108
1 47111 23209 483710483
2 81068
2 29512
1 82112 18097 810758867
2 57554
2 23087
1 60406 42080 479240950
1 3094 78401 287066234
1 47295 54405 832952542
1 71778 66649 959511388
2 70192
2 30440
1 136 42867 892546786
2 43369
1 628 3612 934057830
1 23218 91590 983406855
1 20159 52846 693046546
2 35159
1 55706 51215 927077783
2 35956
2 91556
1 80397 95149 319740924
1 86792 99320 115046207
1 63177 52805 170330243
1 92741 45388 769744478
2 75595
1 50286 21805 470393491
2 37814
2 98105
2 89467
2 41045
2 95127
1 59510 12345 571285774
1 36184 98427 896661678
1 68758 55421 670601818
1 92608 51196 939365578
1 32929 61642 40449903
2 28513
1 55381 88617 802921222
1 20408 40454 673441457
2 14887
2 41767
1 40663 85369 285640069
2 91442
1 69718 3680 711150142
2 16954
2 85652
1 52636 81944 387390897
2 56066
2 57522
2 69102
2 57591
2 8913
2 26765
1 59987 85455 127620806
1 9499 99802 57419954
2 83293
1 94271 16636 561441954
2 5820
2 80650
2 26709
1 90569 52711 103086317
1 12155 64473 151399924
2 86680
2 63689
2 80411
1 93346 59524 581161785
1 28170 81997 677391786
2 83994
2 50789
2 24352
1 71984 47734 9213555
2 56852
2 1758
1 65154 41644 497162072
2 30264
1 57536 52205 709498711
2 32587
1 13042 29055 461775437
1 9105 82825 357908673
1 63947 45803 913539369
1 84340 64470 721234365
2 78628
2 14037
1 55714 42912 113838654
1 88265 80042 658679589
2 52680
2 87308
2 60097
2 35387
2 62431
1 62004 34900 78077581
1 33828 82618 615819301
1 17421 82728 563203738
1 89080 42881 654981904
2 394
2 63375
1 12563 47674 452963340
2 40945
2 53995
1 47674 8520 796558995
2 91051
2 5153
2 59932
2 11576
1 15458 30722 82042547
2 35114
1 53712 37140 938211114
2 68375
1 81310 79244 384163950
2 67765
2 7088
2 63701
2 3156
1 46600 82265 232869954
1 12739 94570 488120409
1 70365 87386 382866688
1 79999 62129 526802155
2 32868
2 58403
2 95657
1 56807 84576 621242757
2 75964
1 10465 50431 964698535
1 99399 49478 712458618
2 62605
2 79415
1 68612 52295 156922877
1 77218 39323 737188683
2 38511
2 86039
1 9553 96021 642181564
1 35561 59889 732260991
2 10704
2 92397
1 39609 85888 489231571
1 34470 58506 591660879
1 53399 59471 778142359
1 25620 89297 461203961
1 18263 98240 542972045
2 39098
2 71590
1 1237 96293 991628498
1 12428 37085 398256454
2 21112
2 51072
2 73240
2 20251
1 12257 89103 700259367
2 9409
1 98838 49366 494091115
1 5326 83839 437312622
2 8436
1 80267 35236 614075216
1 22009 86608 163371335
2 22113
1 28 51789 99077377
2 66260
1 10024 78172 495857555
1 50613 53306 680576332
1 97098 81477 888233605
1 21250 28977 745820511
1 55186 57850 42553100
2 7804
2 63426
2 20623
2 28520
1 25316 87530 884069722
2 35667
1 65046 44099 307687709
2 82642
2 18628
1 99701 59856 725096458
2 53738
2 47025
1 92657 66321 710319610
1 153 43236 50402631
2 81362
2 45278
2 5592
2 49776
2 24455
2 34659
2 5983
2 91684
1 80748 47114 514778456
2 57224
2 33907
1 13144 67796 87224101
2 9259
1 4278 22220 393697540
2 75724
2 95309
1 1055 22914 16297545
1 67573 61000 537819538
2 25132
2 32922
2 4508
1 77174 85723 11539912
1 21501 65492 684850303
1 29122 32268 837241007
1 36258 79997 2752594
1 10991 31033 602346726
1 33138 46793 178688851
2 55558
1 95752 31254 210057265
1 67807 44536 81259681
1 52025 19148 357880336
1 83697 17035 79791525
2 81570
2 78541
1 49248 11781 59861690
2 62537
1 51062 79716 934195321
2 60390
1 45455 85161 667182446
1 99417 96039 203717474
1 72837 59923 621482103
2 53379
1 84586 61147 264188682
1 99498 93075 346394626
2 41569
1 612 61841 427682815
2 77313
2 33471
2 30128
1 68455 94867 601721813
1 54097 44761 868049899
1 50492 52907 516559418
2 45461
1 38615 97645 696460830
1 50351 14532 29446964
1 62408 42333 762695129
2 19115
2 26766
1 3491 13433 48184638
2 44388
2 5673
2 1995
2 91969
1 46184 35341 222518383
1 20622 21180 864291541
2 1393
2 20979
1 36041 39253 257437872
1 50275 96526 891410418
1 10724 82964 280402334
1 39346 30252 982778
2 73674
2 24383
1 81696 58217 86660331
2 96464
2 26683
2 97899
1 28438 39496 277538645
2 61461
1 74475 80624 788636410
2 74966
1 29513 74434 960959649
1 80366 39397 598684626
2 14138
1 66071 24281 879266909
2 88619
1 86015 96563 214320883
2 36633
2 52916
2 13929
2 65489
2 9726
2 98146
1 84834 17542 67567477
2 55880
1 85560 79751 612990144
1 15944 97853 184433517
1 83860 99071 952166977
2 68791
1 46322 68877 290758241
1 1471 91944 898284211
2 42408
1 78945 41590 460042658
2 86650
2 84689
1 41784 27540 545535830
1 18365 15965 575653639
1 43098 58375 248648943
2 89628
2 79754
2 62965
2 82160
2 66490
2 55941
2 2620
1 60894 86215 856139919
2 75436
2 64041
2 11649
2 35816
2 46545
1 19686 81403 760361549
1 63425 488 184863235
2 63255
2 28314
2 4373
1 11293 2446 549603603
1 32167 84638 878693805
1 79717 6928 501515301
2 85767
1 87791 3664 208617833
2 93391
2 41667
2 32565
2 62593
2 73873
1 8078 59548 153793178
1 25546 30174 905695814
1 85944 50526 645237459
2 49338
2 99648
1 38115 67401 974086123
2 65008
1 77472 90066 303369610
2 55642
1 82729 33743 472745186
1 67216 19659 455456270
2 51877
2 21378
1 82873 10630 815307896
2 33138
1 97933 39189 242991071
2 36003
2 73362
2 19893
1 53023 69700 419338564
1 72050 85618 754033506
1 86409 20109 833988681
2 32603
2 35310
2 29515
1 91617 24730 271109901
1 59884 23511 777652219
2 34038
1 95126 29192 830624328
2 38086
2 27340
1 38437 113 749578351
1 83078 82017 758564054
1 60254 85263 937726383
2 27491
2 79509
1 26585 79342 707229671
2 1556
1 45323 93965 758719650
1 81267 23562 564409065
2 24670
1 79267 77957 63155302
1 40686 5369 34273526
1 56378 5437 868732610
2 90235
1 75412 7777 459241694
1 34510 43978 358207834
2 80716
2 6229
2 44363
2 55863
1 10931 18409 121420570
2 15242
1 57585 62012 30047595
1 2057 83385 836058711
1 62292 62789 880112495
1 40893 56607 744557081
1 66300 9006 103984131
1 90082 69312 265976829
2 89822
1 47166 39104 60700212
2 30161
2 19054
1 63516 81150 335569771
2 18621
2 29080
2 79251
2 15638
1 94288 43088 138051838
1 28143 72092 90218018
2 70277
1 4233 99096 820301716
1 72923 84356 886115519
1 19827 91072 329396503
1 83525 23600 319332648
1 56481 60942 86191077
1 29924 69665 114258577
2 45973
1 36503 40004 69901405
1 36106 20085 710814214
1 25402 46703 291686896
2 57792
1 87490 53336 706650878
1 76698 50554 573852730
1 17265 48847 594948558
2 40140
1 13005 76265 101118670
1 22703 59206 675246639
2 77230
1 74697 18432 366573188
1 50116 84121 625184120
2 84295
1 45989 30507 826487847
2 93184
1 31586 54635 772206415
2 96514
1 67350 49963 410928237
1 19878 81496 550511030
1 67868 20192 607670531
2 31252
2 60412
1 91134 77512 618076582
1 35638 63776 405095815
1 87780 19851 850995955
2 62822
2 43972
1 79706 78499 357028938
2 4219
1 64293 33042 393583247
1 88093 32001 203694931
1 28483 80873 968615593
1 41699 39939 839038305
1 7191 53018 708137507
1 29911 14373 198713419
1 31817 97068 405428504
1 65255 73046 128428842
1 73527 38237 930469268
1 15223 26524 213655989
2 20061
2 65020
1 71225 17574 998480691
2 37928
2 19346
2 66501
2 12719
2 56869
1 10939 35260 854682996
1 78186 88135 756678002
1 68227 26063 594324702
2 34112
1 40897 21978 519243790
2 9302
2 25395
2 60790
2 41084
1 19751 94109 123758554
2 47251
2 13251
2 58789
2 3930
2 93843
1 54156 89806 623569021
1 62541 25922 763238862
1 90623 368 327517570
2 30693
1 46408 68260 620375558
2 40456
2 11621
1 80411 87350 361881259
1 89434 36958 499521335
2 79252
1 22827 59527 110861782
1 46909 47244 79296808
1 36390 58322 142470293
2 6539
1 85345 33175 457185278
2 45096
2 89287
2 30758
1 17901 64174 69774826
2 98299
1 96667 10764 172570295
2 29702
1 72356 18191 35940777
2 94539
2 64760
1 4182 37318 612717638
2 21392
2 2209
2 80249
1 97984 15538 858719078
1 83093 6070 990296993
1 18389 64900 889218324
2 28955
2 44934
1 35097 9011 602743078
2 70194
1 38382 18478 340966367
2 14702
2 18866
1 77349 32765 851334212
1 49435 21594 229530900
1 52111 86391 775557139
2 79803
1 5946 64598 486397336
2 39981
1 30719 82076 864430708
1 47464 9574 392616441
1 25886 9943 181073915
2 14223
2 72793
2 27344
2 13069
1 59737 50427 409428067
2 99874
2 65523
1 15710 45746 210878399
1 1539 79851 188411480
1 90001 79420 572128483
2 91744
1 6753 74753 672649994
1 46048 28287 590733285
2 56096
2 9296
1 17103 35784 707611491
1 12792 49781 110731215
1 84847 33258 612246356
2 31714
2 9699
2 6355
1 33577 44622 689146108
1 62087 97442 853877812
1 12529 5294 725821520
1 94954 41920 447853394
2 85524
2 49153
1 46906 82546 834851231
2 9232
2 65528
1 62241 8565 284791997
1 73168 27805 317735025
1 92943 4772 241343280
2 16628
2 5503
2 43506
2 20399
1 76023 78719 582260028
2 51436
1 73879 54047 761332462
1 85050 23392 317501168
1 38767 43601 384308254
2 29730
1 18593 11136 901399276
1 28525 54118 648315459
1 99081 89485 899230810
2 16616
2 62818
1 90582 94562 530842364
1 77361 40289 764395273
2 39109
1 23131 29758 624605928
2 90392
2 6734
1 74164 97319 716217131
1 89577 14281 248090864
1 17662 79973 888754333
1 95732 93372 220647231
2 33955
1 61320 75891 806028271
2 88260
1 11540 23875 427419585
2 51998
1 80828 47136 374406321
2 68163
2 51825
2 71338
2 18812
2 78796
2 5130
1 6296 97293 865438645
1 24380 49377 156755009
2 60217
1 54868 65869 694136547
2 56973
1 84332 30152 397346085
2 7647
2 93449
1 21612 75310 425744786
1 47187 43472 628773045
1 96172 77179 285710276
1 16485 3299 42377021
1 95027 99074 471765582
2 4764
2 6307
2 76223
1 54623 21724 950743926
2 28272
1 75853 91996 761887940
2 29035
1 53549 62171 274155273
2 85969
2 97020
1 41887 97372 979894793
2 78283
1 8699 8108 129449615
2 39921
1 5941 60172 654639941
1 28359 68965 236326734
1 4996 11175 547363850
1 32610 25730 970632879
2 36594
2 31249
2 83296
2 37944
1 13831 81828 494452904
2 63729
2 92755
2 5067
1 27433 14949 951467299
1 23244 16202 228102269
1 48173 49650 874821505
1 55385 537 148153916
1 3467 95983 188323346
1 48076 14057 602366630
2 33422
1 61276 49085 927408315
2 5498
1 25505 18962 338744562
2 4988
1 8643 76101 129431743
1 52486 43798 831615848
2 42792
2 69570
1 50722 14206 705976318
2 80810
2 46369
1 6444 43047 375449090
1 70503 98745 65836060
1 35529 9723 70981384
2 7694
1 15918 85890 97191687
1 4574 43342 813636018
1 85605 92256 353119794
2 3011
1 12716 84115 403796910
1 86205 26884 817482363
2 98754
1 91947 69799 966665237
2 35505
2 436
1 76709 94352 873692725
2 5450
2 50917
2 31248
2 25401
2 18465
1 67537 73168 43721960
2 8105
2 57185
2 78236
2 43114
1 65873 72587 398741562
1 38319 67034 278929802
2 34004
2 75495
1 61580 46836 57266077
1 60486 53625 44188378
2 17987
1 61972 29855 151864402
1 52661 61027 902894097
2 14049
1 37321 78824 876225128
2 22882
1 27645 19977 376224069
2 23543
2 61331
1 62321 21982 917440756
1 93944 558 756253490
2 71823
2 57187
1 13897 21413 431480061
2 46572
1 12125 64065 624700687
1 8714 42213 797877732
2 50640
2 91598
2 3054
1 89696 5512 347235582
1 3885 38610 835049441
2 99534
1 35065 2332 423743562
1 79534 26022 907219060
1 31872 58538 194638985
1 45728 80808 1964113
1 8734 80671 218188104
1 51799 45405 862088520
2 51716
1 80281 30462 371806794
1 98734 15366 273756867
1 90043 34681 500130758
2 96122
2 40714
2 22145
1 5375 68848 504431836
1 45720 49320 536916086
2 77435
1 14852 54766 658689262
2 17278
1 25014 45641 831627538
2 96253
1 94775 4707 335870325
2 40193
1 45572 92230 946858533
1 28570 65146 543289280
2 33360
2 36701
1 87329 68746 56754030
1 40720 72068 995124805
2 50225
2 3808
1 68640 69416 435355751
2 96568
1 19657 73638 455024491
2 51886
1 58362 41317 207571661
1 75503 71608 206613746
1 97505 308 941004260
2 31015
2 35678
1 49219 91181 360345294
2 86607
2 83069
1 82382 51029 431595872
1 15443 10609 220460196
2 77681
1 85946 67043 674206755
1 93817 80258 136119432
1 84892 34551 339298743
1 31006 67373 714827292
2 80354
1 25105 65646 404423350
2 10426
2 82494
1 93080 99244 76529191
1 84571 62943 413822444
1 82964 19316 509912397
1 3686 76680 177143818
2 40613
2 3278
2 13766
2 57515
2 21162
1 30135 42843 946884138
1 97717 89534 693185660
1 10081 46053 168825144
1 16352 13602 658136911
2 71477
2 18671
2 34644
1 93899 42762 784535683
1 99239 36059 241218523
2 87936
1 55256 34832 803130838
2 68386
2 10722
2 26291
2 38133
1 71672 18040 324387570
2 39608
2 2509
1 88131 41041 95642217
2 50836
1 36658 53414 921623253
2 26192
1 61605 61056 596749832
1 27467 86197 80156425
2 73550
2 42371
2 25117
1 55852 3617 396336373
1 32573 84284 97968438
2 75595
1 80856 21268 444518300
1 25740 44013 424495633
2 73737
2 77652
1 87009 8852 392824568
1 69400 9366 663589634
1 18599 66434 544481676
1 31451 73929 564362000
1 27919 23250 830101701
2 27787
2 99134
2 52958
2 53717
1 26527 59894 409322365
1 84836 90409 185182592
1 64924 58301 552690268
1 87826 25643 381053196
1 65469 10655 538571695
1 43301 16958 103121679
2 11490
2 55326
1 954 90671 873756059
1 54143 95940 555540654
1 85918 23065 430665239
1 80197 49508 213953799
2 54383
2 30519
1 13321 43380 235200243
1 12120 17545 191609121
1 85398 31260 546198677
1 62008 22798 487352180
2 55614
1 44678 53132 278689060
1 30299 64538 208961946
2 66081
1 4599 55552 490319722
1 83938 82807 247122508
1 70332 68633 110435131
2 55350
1 97751 95615 371098399
2 89182
1 62761 37752 261805290
1 63125 84135 893103130
2 1471
2 13018
1 71714 90437 559579118
1 84707 66938 172237165
1 9189 22739 144751129
1 46149 8281 212677095
1 86630 10480 626724233
1 60940 41076 626947753
1 72398 29059 950969030
1 35524 5891 656930527
2 48203
1 52150 69977 399173591
1 60282 54123 941595462
1 74189 83105 192065113
2 83185
1 21961 96172 312207035
2 88415
1 32239 21796 583051026
2 57060
2 34883
2 90417
2 99598
2 35577
1 92939 43398 135699783
2 68411
2 98421
2 96671
2 36686
2 67287
1 67254 48412 877616495
2 69677
2 46163
2 55293
1 132 76997 178345013
2 39192
2 18528
2 77231
1 9771 57999 876776641
2 67012
2 92055
2 10548
2 7377
2 12329
1 57691 66166 207658829
1 17020 18991 62516078
1 9361 6703 405538209
2 73690
2 27341
1 85021 13677 246477539
1 24499 1456 931343891
1 95911 84245 579428987
1 93532 39002 284307299
1 26616 78652 409732188
1 20234 48711 159463638
2 37535
2 30312
1 39276 63698 77595248
2 33688
2 63367
2 93269
2 9038
2 43857
2 57699
1 91678 12861 861553062
2 18975
1 10225 10011 636372409
1 18773 68075 270905359
1 63387 53731 995129862
2 70212
2 85751
1 51127 66950 286074899
1 68230 88443 838867290
1 34806 39629 520283996
2 293
1 49159 645 559121245
2 7193
2 86259
2 98900
2 55129
2 48838
2 74074
1 83464 92287 108620623
2 40772
2 37008
1 63409 55167 449728968
2 30769
1 57660 65174 337881989
1 38470 48149 432628911
2 66877
1 94091 20932 558376779
2 23701
2 13920
1 24579 95315 593679568
2 26899
2 96879
1 20533 56945 269607007
2 37888
1 33884 21979 426439318
1 29216 70220 651788344
1 25702 48353 340786083
2 71013
1 73232 94048 264386637
2 99185
1 45679 66247 533464173
2 81221
1 89481 80304 389918316
1 60367 87150 124954140
2 42134
1 49596 31630 661941348
2 37231
1 98083 84308 750820827
1 70286 8805 428402326
2 92074
2 77287
1 78851 82274 371545886
1 90783 29310 197851936
1 66572 14622 618260570
1 19992 85462 58317708
1 46802 24985 890021781
2 74235
1 38615 13390 730091383
2 73580
2 63729
1 26151 13797 688324334
1 82545 53147 434798316
2 2683
2 14801
1 64238 62435 564484228
2 20848
1 85021 32153 836220662
2 24805
2 77041
1 62714 89801 743945655
2 2857
2 77369
2 66926
1 56005 97122 30864651
2 46042
2 47378
1 63132 47503 172230875
1 55061 88880 154828204
2 31346
2 41283
2 21502
2 50706
2 74172
2 83389
2 60552
1 18179 47490 104471049
1 53238 4271 485781322
2 48200
2 73785
2 63678
1 44668 14955 805619799
2 68968
2 75988
2 81928
2 25574
1 39363 30281 982817613
2 38062
2 45429
2 43776
2 16314
1 14922 18706 217565161
2 42479
1 3909 99126 857909823
2 8297
1 1758 89390 622899101
1 1186 33524 293118146
1 43652 10938 272515290
1 22755 32602 112268585
2 35875
2 45801
2 78867
1 2068 38482 423131954
1 35090 5209 130912091
2 56930
2 31267
2 77748
2 45363
2 33057
2 29741
2 12128
1 36738 74629 87842035
2 14194
2 1665
1 82365 46369 835419689
1 99476 3604 332587509
1 68704 82724 522629648
1 99504 38505 999679184
1 32552 62150 292035269
2 23626
2 8587
2 72799
2 78771
1 68672 98558 842555671
1 53948 4101 733351852
2 21395
1 57161 88374 999565892
2 25159
1 89113 67470 466850743
2 36407
2 20842
1 3841 64895 116148093
2 18536
1 72357 58654 256131134
2 60781
2 77503
1 36272 87261 608209130
1 63551 6732 831951373
2 18566
2 81058
2 78356
1 19520 37969 276677971
1 94181 37201 688963328
1 47873 73463 525181185
2 23210
2 25393
1 43240 78371 401683737
2 45984
2 74943
2 47116
2 99798
1 34681 69165 35491574
2 38963
1 78433 17237 881847999
2 45315
2 336
2 62229
1 83864 78597 493955688
2 36170
2 27364
1 7426 27588 634079498
1 77120 69840 67500360
2 33168
2 40793
1 57414 61560 667050933
1 43387 98541 917295639
2 2469
2 9859
2 29633
2 29338
1 63151 52963 527423322
1 35664 1198 149417236
2 19465
1 84594 37950 199025640
2 77202
1 98714 77949 333438919
1 60311 22279 665337119
1 98556 35713 836548998
1 91038 4282 928092671
2 29172
1 16721 36277 188225349
1 78681 94531 908228367
2 2653
1 452 49048 289105292
2 23202
1 99538 41306 870836384
2 63187
2 93777
2 41476
2 46016
1 12614 28831 984986744
2 9202
2 58279
1 30168 30132 785642149
1 54562 20847 818690990
1 59240 31214 961588181
2 37277
2 96835
2 23574
1 35163 40742 415631305
2 1174
2 8897
2 10344
1 49856 64963 131996541
1 14452 5269 494212541
2 6904
1 29989 88848 751845077
1 35056 25306 768196108
1 2538 48796 282166480
2 20278
1 714 84642 743424272
2 17296
2 60190
2 91686
2 14797
1 5682 47694 274844919
1 37900 24847 998951821
1 83041 47758 932782008
2 8588
1 14725 86778 13853014
2 42837
2 93946
1 69633 44865 129537840
1 47670 42102 916640607
1 67121 77717 665482151
1 17492 73736 700756003
2 94539
2 93759
2 40469
2 27879
1 25010 80217 660811941
1 42516 77355 916209103
1 9191 27183 199321572
1 28953 42483 285017121
2 56021
1 77245 59816 679959698
2 95949
1 74576 50400 762593343
1 51267 13103 200903994
1 50258 86245 190729422
2 70707
2 9299
2 64095
2 98769
1 31464 88633 652704359
2 16293
2 40084
1 9601 3020 327030636
2 84098
1 70725 26735 474260567
2 31060
1 4006 7040 665629148
2 23064
2 41838
1 45967 44177 452491303
2 13560
2 58946
2 69415
2 55871
1 87653 73821 873647360
2 32321
1 48478 91017 267332481
2 35524
2 19460
2 39569
2 84624
1 17173 3677 875767311
2 67475
2 92130
2 79539
1 55603 92128 622359776
2 39256
2 34767
1 44243 95033 712585112
1 77589 13451 821479930
2 89719
1 20588 55492 696620507
1 11737 49118 639619838
1 41421 77391 161128592
2 21867
2 82636
2 45258
2 52160
2 64031
1 12637 76421 77394003
2 85614
2 3119
1 34326 84181 795619441
2 25063
1 62601 51096 81010397
1 95780 27404 564559319
1 4127 6413 535118295
1 37348 8598 470599946
2 12770
2 46121
1 95343 27815 127592333
1 98172 18415 541356581
2 40799
2 46915
2 45088
1 98062 14174 677655646
2 46497
2 48956
2 7922
2 64150
1 28815 51256 13948147
1 48615 5283 491760628
1 6242 77800 337529939
2 66119
2 42714
2 49838
1 88698 83174 275977832
2 66781
1 79364 39367 499616588
1 54779 52533 759581195
1 18029 99331 163365761
2 79379
2 98470
2 91956
1 48502 38523 261921802
1 3447 57130 778822869
2 60532
1 42538 49324 986394321
2 24577
1 16307 27564 173824377
1 27287 49780 524409296
1 22585 10601 879275298
1 57446 89830 251309962
2 37736
1 58351 98967 64071781
2 60236
1 99181 63881 614428565
2 65721
2 85700
1 49338 28478 788887731
2 73407
2 92855
1 96552 31683 93976059
2 61692
1 30692 88865 882288207
1 40307 87867 205674464
2 7453
2 46945
1 94893 22540 993900221
1 93082 41627 417270975
2 92601
1 48426 76425 676747856
1 27680 33063 811060626
2 36672
2 68550
1 3825 93314 389683421
2 50342
2 9086
2 11888
2 43116
2 64427
1 75477 54804 718209488
1 20140 9687 982156616
2 63306
1 53018 2600 494992241
2 26828
2 14738
1 50522 74958 312913842
2 65767
2 79369
2 37422
1 84499 76021 777653500
1 90141 44628 49148304
2 94439
2 32321
2 8582
2 56522
2 76456
2 8295
2 32616
1 8832 24102 965128297
2 63100
2 14909
2 91534
1 50660 3689 736133100
2 17217
1 60469 81352 450701259
2 45730
2 60060
1 27606 43318 905226221
1 90596 93491 739206443
1 61578 29197 946667317
2 33365
2 22860
2 68699
2 54200
2 95426
1 42259 88058 721051708
2 74168
2 87522
2 42089
2 81634
2 87942
2 65983
2 93798
2 14802
2 91069
2 37123
2 82149
2 63217
2 98542
2 52435
2 33857
2 55629
1 62101 78707 482074152
1 51935 83010 146526583
1 10064 16565 489850574
2 94785
1 27676 14443 65350346
1 64300 65997 105099175
2 87675
2 49727
2 58012
1 38330 68483 159649785
2 87639
2 71540
1 88224 76558 532148237
1 90573 60175 830055676
2 85218
1 16008 35688 395120991
1 14385 35549 973734875
1 33887 36097 896423042
2 99995
2 65024
2 50935
2 49480
1 11455 76374 954520873
2 94743
1 67517 24658 681792329
1 83577 5779 279744535
2 95424
2 9666
2 98915
2 4730
1 91826 28310 364987406
2 88569
1 4761 40015 849735082
1 56443 24679 815135551
2 33742
2 99
2 47078
2 96267
2 1035
1 65051 62331 255799282
2 83813
1 19265 86729 436234940
2 78096
2 19524
1 38893 12792 392253714
2 42794
1 41942 99406 215277901
2 95104
2 1353
2 76268
2 57511
1 85901 23547 441736278
1 28730 26372 66955592
1 898 76401 880307073
2 40881
1 29738 55666 85696346
1 34189 17063 169655460
1 71052 48309 599705646
2 48763
1 29100 10068 309366403
2 25959
2 52810
1 88346 68282 156584675
2 79522
1 28722 93757 58735025
1 46311 31895 48545626
1 11931 4502 244970574
2 88197
1 54212 77930 344100495
1 1060 92750 765997008
2 94006
1 41212 99036 233809876
2 29175
1 62333 90139 412953254
2 12506
1 96639 46496 580249064
1 45853 89967 981334598
2 95353
1 20554 97647 515619595
2 12832
1 52047 43877 236746504
1 52866 6611 983818114
2 80660
2 30925
1 26168 90188 156580988
1 15360 53304 581771531
2 26446
2 57421
1 98262 2903 408781296
2 63485
1 79795 28771 186769291
2 5264
1 81524 55501 919390418
1 68911 24616 670959543
1 98043 40786 925164621
2 69656
2 96672
1 46562 98500 65463223
1 57922 34361 607448294
1 29323 71674 726503488
2 17878
1 1501 96633 623876673
2 44399
2 28315
1 47836 61883 860755493
1 43805 89592 318370508
1 57894 11725 74189515
2 2360
2 18461
2 88564
2 58152
1 1831 95445 636656295
1 74745 71746 918837417
1 91597 86785 586311286
1 67694 21988 266393931
2 65399
1 86588 1293 137268509
1 93964 60053 489997114
1 36709 73017 750223920
1 84178 43997 94633873
1 94390 40377 366976188
1 68786 75849 147512422
1 69919 5030 534410780
2 66316
1 99732 55758 935863957
2 38971
2 49952
1 85537 17325 521645934
1 36307 3709 47649827
2 79860
2 3938
2 41168
2 79656
1 4356 57399 251550910
1 10821 43643 641699183
1 25350 7693 764489012
2 20641
2 14453
1 21557 97833 498298253
2 94977
2 69745
1 28585 2090 240734815
2 20419
2 69468
1 70424 90252 672238378
1 89437 8523 198572769
1 88029 82943 596845572
1 59769 25591 373073631
2 85247
2 34962
2 44907
1 79521 45125 258695503
2 54865
2 22308
1 78689 65162 48451142
1 13408 36846 795276207
2 67249
2 72060
1 38857 73148 532080062
1 10674 66001 983032964
2 40438
2 51127
1 34994 80788 154708314
1 70223 12040 909842360
1 50213 29616 715222581
2 21176
2 979
2 55829
2 4333
2 55296
1 77144 42605 729555686
1 32667 57538 708488703
1 70657 80371 796173692
2 52454
2 68592
2 18770
1 69175 69667 291203262
1 62642 3617 305179573
2 15145
1 13287 19358 339882068
2 60857
2 32569
1 20224 55470 760872042
2 7810
2 19382
1 49832 31645 861686970
1 46017 38369 210776180
1 46603 79556 590877203
2 85634
2 34409
1 19940 61012 108427687
1 24311 49811 607494245
2 82005
2 85765
1 83406 26908 494941189
1 37047 28647 222546254
2 19010
1 95680 85549 162543007
2 98140
2 43417
1 49153 45177 196618195
1 80989 92307 444619886
1 56353 20561 620165447
2 94227
1 12860 53293 736664153
1 97111 36579 542921974
1 8001 36835 947297764
1 54602 19989 955373857
1 88436 83333 98356908
2 22542
1 48094 62775 48869020
1 31557 99527 702249736
2 45000
2 95116
2 31179
2 94832
1 29734 51781 395535549
2 67726
1 96483 73447 839112153
1 63790 66051 782710874
2 78475
2 4237
1 5561 28214 678724029
1 8096 76469 347864813
1 36569 94176 662439153
1 11991 8765 509995078
1 7273 86823 225702479
1 62564 4426 100699463
2 57875
1 47919 19178 546965331
1 204 53042 377333502
2 40487
1 29631 22422 617201303
2 2893
1 85232 38113 846830999
1 17431 78730 827233811
2 10793
2 89846
1 14165 91390 737124083
1 88136 75273 394134748
2 38272
1 13462 3194 68418299
1 13665 32347 465371018
2 28895
1 67939 3324 61196744
1 61807 56596 661103093
1 58300 91783 524623467
2 63603
1 58746 82750 407585859
2 48561
2 42134
2 63126
1 59928 34311 316175414
2 29819
2 23576
1 31910 86569 984337936
1 39896 17665 890090964
1 68855 77109 641974592
2 58188
2 48008
1 45126 12246 525167193
1 19521 39728 992404364
1 38382 43863 49905426
1 74359 20864 342484967
2 49586
2 94967
1 51268 38906 509583540
1 78488 26894 765975636
2 47523
1 85834 30258 961916423
2 89340
2 78137
2 18357
2 20404
1 82801 96077 892443360
1 42953 72285 634490568
2 67256
2 297
2 97463
1 50701 17734 49417820
1 6481 55958 731846537
1 66460 95348 547228190
2 62164
2 11210
2 885
2 72026
2 69945
2 93821
2 50683
1 51627 62675 389411100
1 31008 75373 365239874
1 24948 85060 867773057
1 12193 59589 600516721
2 42450
2 2298
2 99066
1 20812 26590 659866632
1 53048 46221 223938796
1 45036 42879 248203938
2 85667
2 62094
1 85861 8306 542399203
2 76904
2 43250
2 82025
2 87164
2 66839
1 85102 4566 923602675
2 66212
1 22713 96174 184272422
1 17257 28452 519563791
2 48798
1 77180 67203 193176018
1 16435 78885 566854287
1 97559 43537 561552520
2 9378
1 73039 25021 72135590
1 39114 97780 957422478
2 72807
1 61769 64771 130366932
2 56347
2 78873
1 91581 29499 151452133
2 74521
1 19470 110 847389336
1 82106 62955 860404473
2 62898
2 96325
1 76458 2111 811398671
1 56539 16990 140264988
1 49554 63270 947228097
1 72879 54025 427297544
2 25908
1 84831 79767 236003834
1 75684 62865 350680384
2 47346
2 30533
2 30484
1 69892 75025 974389665
1 25073 19 677526666
1 31730 30619 324352240
1 35275 2550 828371515
1 51558 79881 285305835
2 59951
1 369 85618 263909818
2 37303
2 64249
2 3053
2 99520
1 25970 5016 538745144
2 1101
2 21551
1 72694 41504 234351262
2 12873
2 98299
1 20053 88265 891322979
2 72555
2 9991
1 44084 59903 454700878
2 67015
2 18056
2 38784
2 8357
2 70136
2 15270
2 79339
1 27609 94787 399720303
1 619 11103 939747073
1 58696 89677 105684288
2 34841
1 24623 36055 805231051
2 21148
1 44414 11709 867348718
1 53908 32211 229429637
2 94309
1 8316 71135 784015829
2 49064
2 55216
1 6228 9314 861524197
1 80174 56609 984477619
1 54937 17813 80307504
2 92286
2 89978
1 71247 96195 158896433
1 53083 30115 372025634
1 76981 64771 628013827
2 57431
1 94351 24394 88437190
1 29527 74055 62915142
2 82881
2 77797
2 27900
2 91433
2 78681
2 88882
2 18463
1 73095 43952 105954446
2 84700
1 85513 91731 377700470
2 31310
1 46808 71469 997970367
1 21950 2611 488943006
2 18242
1 69865 6324 339358482
1 29415 95258 68344370
1 9919 92808 477532396
2 65899
1 57706 22846 573594940
1 63775 28446 224903193
1 92904 51350 696250862
2 42126
2 17918
2 59437
2 33362
2 40539
1 57805 85288 741663614
2 55944
2 37501
2 40579
1 96061 63530 986708932
1 19979 25275 839769040
2 75291
2 11473
1 64621 39246 165125648
1 27954 81112 674077086
1 38842 95849 990406466
1 1854 30011 108990926
2 66038
1 33119 85699 643288899
2 811
1 90074 92507 402673026
2 97414
2 60873
1 26343 76573 344643404
2 5594
2 21029
1 62513 45475 260778848
1 55707 61141 817247328
2 66021
1 731 11541 627415860
1 30993 42292 837416942
2 7970
1 65117 44332 629991002
1 45048 85442 11052659
1 23759 93369 871137755
1 35703 17113 498928630
1 83444 79411 991374177
2 54279
1 29653 78988 565926215
2 34993
2 85843
1 54394 23717 108780466
1 53936 840 584441878
2 28428
1 8216 62135 179028821
2 95862
2 87757
2 78436
2 96827
2 38848
2 10684
2 30193
1 70695 49856 969338943
2 21093
1 86787 40131 292925433
2 45467
1 17228 44693 120397241
1 31786 15750 632977209
2 64188
1 27580 65239 412537822
1 40440 91091 46744637
2 30815
2 6220
1 16766 58936 682615915
2 92678
2 5479
2 92974
2 47912
1 88573 3159 910021632
1 91972 4233 233130574
2 80973
1 36643 79878 26747555
2 51709
2 54279
1 11930 38206 12402078
2 96398
1 79173 42328 702704881
1 34934 3219 813216798
2 83126
2 58043
1 78788 7989 30082988
2 67371
1 44453 98483 197460791
1 3090 63383 428070085
2 12551
2 68761
2 10219
1 95695 47750 714184873
2 13929
1 28186 24369 397796670
2 61055
1 89849 31762 826460425
1 13084 1790 212652644
1 31762 16833 198665825
1 43308 87870 524635918
1 6779 76535 524193198
1 2939 87328 823607406
2 6784
1 2716 98272 881731262
2 17158
2 88201
2 61160
2 25225
1 76437 65027 721032710
2 26299
1 39251 99136 508702917
1 21375 52782 681709773
2 81232
2 96359
1 19232 54343 897730344
1 94113 78218 640039480
2 48327
1 61769 6957 795016565
2 29208
1 39045 93592 349151367
2 79447
1 19710 11397 591104507
2 35870
2 65668
2 79689
2 11641
2 25611
1 59628 1472 206918043
1 257 57997 648251561
1 23145 16892 311214493
1 68063 52562 397771499
1 3322 49441 801686548
2 80441
1 68813 555 410855404
1 91318 89729 52506771
1 33815 15393 586026436
2 35985
1 85670 55951 81664243
2 63226
2 36369
2 74299
1 21918 1013 909331077
2 45111
1 19475 45347 776263108
1 50634 53963 41537921
2 77997
2 58787
1 79958 9547 235580414
1 97625 5102 159384175
2 21737
2 14333
2 42595
1 55427 75757 913720897
2 8522
1 65512 92491 397898340
2 63098
1 91591 8566 234467829
1 88309 32546 191038814
1 49518 90139 18267882
1 87830 11474 282006941
1 44561 4295 757574240
2 67038
2 47719
1 97311 62127 94494449
1 75862 18659 828622243
1 33949 19278 116084240
1 57740 175 615396559
2 84666
2 79719
2 44617
1 86387 98711 340081471
2 1648
1 15827 60859 804601991
1 88591 90291 857324877
1 19442 87177 397847895
1 80266 81447 712526582
2 8848
1 36851 8295 623630469
2 98136
2 70508
1 68728 4250 892557889
1 38644 52611 591282054
1 34419 74598 184242264
2 16878
2 55628
1 61064 31785 604645092
1 77455 32866 372436995
2 42470
2 12998
2 98109
2 41074
2 75722
2 73807
2 14219
2 39656
2 30306
1 60161 96865 518439062
2 71535
1 65261 75459 884380128
2 62267
1 26400 31497 369561055
2 71367
2 84914
2 67128
1 74093 13264 399860671
2 76587
2 47803
2 59549
1 43374 67964 871141657
2 25719
2 4943
2 21192
2 55467
2 18898
1 77418 87817 502531374
2 81574
2 42525
2 41277
2 96118
1 51471 51598 944338441