3626 300724535
1 40814 47073 263851052
2 51333
1 47165 96760 220364425
2 21048
2 80234
2 13871
2 48559
1 12860 79426 815779044
1 22306 80321 105648862
2 25468
1 15883 61952 276352998
1 67122 26207 713914651
1 25368 27096 233087090
2 91477
2 85259
1 56735 30206 706510950
1 81719 90731 637256953
2 52671
1 96131 50712 486023837
2 99254
1 53190 21910 323221468
2 819
1 58847 50673 479140279
1 66073 62951 941029134
2 33555
2 13249
1 86735 77022 939013190
2 23376
2 88555
2 34460
2 73991
2 6426
2 47278
2 94522
1 48037 63304 211310271
2 51795
2 91916
1 39922 1944 225228259
2 64270
2 44599
2 69895
2 5864
1 22250 16119 534734620
1 47794 79572 772126941
1 16359 20436 210193734
2 64965
2 34734
2 59703
1 9399 57028 14101391
1 5580 96080 918631589
2 10173
1 8545 58625 85544541
1 9721 38056 369813281
2 28818
2 49151
2 93848
2 32352
1 68364 95889 610762592
1 90342 26078 551951814
1 14058 49100 385097815
2 90784
1 47087 92254 483093472
1 28387 50709 962070551
2 43815
1 77717 31346 301876912
1 64354 48083 833559511
1 41380 96937 888104845
1 90848 92867 371449616
1 29635 76212 763558074
1 4859 752 952724827
2 17966
1 34648 2585 501459395
2 84590
2 80430
1 55301 71155 420933520
1 35731 65871 9229687
2 69716
1 47238 69130 399830106
1 93976 76313 778247281
2 88565
2 26097
1 91050 64345 333987532
1 89523 37377 973058051
1 77532 2369 909161498
1 64681 65324 709956232
2 81183
1 60868 59361 563790513
1 15030 94951 433469656
1 35860 35049 870120938
2 39633
1 14656 39024 369640158
1 18431 93998 78623304
2 15993
2 75142
2 3235
1 5651 64910 583646396
2 36347
1 101 62578 408866068
2 26832
1 94647 93172 715339805
2 78068
1 45128 47288 854872158
2 64005
1 10558 91547 597253120
1 41873 86291 591827832
1 79455 22505 622166745
1 65884 98074 653972179
1 20186 17298 948104063
2 68813
2 1884
2 96869
1 22430 35449 226394623
2 54221
2 22571
2 38807
2 51341
1 33145 89291 849245407
2 6169
1 67501 68451 174024281
1 60898 21280 28408522
1 12203 97235 221827574
2 98103
2 11744
2 91313
1 74167 41449 157139589
2 32414
2 17854
2 39501
1 8535 93951 489325510
1 26125 75788 59616997
1 95971 48515 771581271
2 870
2 81876
2 6591
1 53634 78073 669611768
1 82258 66950 552287768
2 15131
1 5131 86430 359368034
2 97463
1 63359 25402 38304671
1 92636 49425 667478365
2 88886
1 43609 18167 308151783
1 33736 67854 772201439
2 35367
1 45595 14077 895466211
2 52616
2 30920
2 495
2 12542
1 12624 36403 700368407
1 75828 37961 37240647
2 71109
2 28563
2 55848
2 48264
1 98743 72834 244668677
1 30604 94806 615049550
2 57143
2 13808
1 36389 77067 518466688
2 25493
1 80533 92357 570993784
1 92647 84003 498611994
1 65562 93938 907284449
1 87702 41040 164838589
1 96827 45463 88501730
1 56644 91718 589859331
1 56926 20365 549556089
2 10694
2 51035
1 47063 79299 260666122
1 82446 27123 964552477
1 37541 6905 554219664
1 12858 16584 283659622
1 55049 22130 253109864
1 29251 72857 222977839
1 32526 78158 390676202
2 69894
1 29646 72851 324352783
1 14593 66357 462193069
1 81341 1379 207126508
2 94310
1 72188 51776 987277918
2 76652
2 51509
2 46247
1 26094 93019 535421065
1 95487 27517 23359561
2 70809
1 86070 86720 194071790
2 26670
2 39255
1 86797 54486 782660819
2 72884
2 32472
1 33722 35247 425413136
2 28149
2 48741
1 38820 35888 23517973
1 1313 90511 777037773
1 97914 8425 156414974
1 21786 46476 676614369
2 37853
1 93649 17364 223174317
1 66076 14833 97943333
2 65329
1 25844 92694 13703607
1 53951 8954 38797494
1 3132 710 879419005
2 91701
2 4843
2 78972
2 77172
1 39724 1456 286972939
2 12738
2 35860
2 16797
1 85866 97358 744210567
1 82535 21261 594379990
2 91723
1 25170 75053 301055812
2 85737
2 90539
2 9831
2 26359
2 95274
2 67756
1 18638 65442 339368618
1 3606 88551 799854898
1 95410 91389 196699391
2 63839
1 82972 8220 536175451
1 99919 40961 335731184
2 22315
1 97134 48512 653826499
2 39292
2 31738
2 99757
2 13851
1 72930 86641 618795484
2 66287
1 35900 60782 344841848
2 7409
2 59240
2 83751
2 52824
2 96836
2 39552
1 56985 59424 86482539
2 33507
1 22480 52894 579141229
2 76605
1 57222 65085 964600343
2 80634
1 7281 33559 476049314
2 25876
1 92806 85058 382712781
2 8772
1 84458 22333 203525489
1 61636 79227 749366772
2 12342
2 67073
1 21720 87859 95724678
2 73923
2 37764
1 66500 5102 709058648
1 31391 33428 348425658
2 89851
2 69541
1 82122 35469 247322958
1 68347 98129 959358265
2 26894
2 26690
2 39160
2 70920
1 76397 63820 71278088
1 41474 30877 680784759
2 51915
1 92764 90731 476921005
1 87497 50027 546896782
2 84793
1 14072 86149 696123577
1 66702 58101 510193711
2 47738
2 1924
2 69110
1 11305 6459 663456238
1 42361 2030 168896891
1 27462 57299 783281196
1 15180 63287 144117465
2 94482
2 31389
2 13836
1 31711 46792 794342654
2 69673
2 71923
1 3352 86732 344612267
1 34643 53372 328277453
1 55968 34640 651913156
2 15688
1 6808 30110 24491315
1 64751 4629 223397491
1 441 49808 481626495
1 29906 53147 791913288
2 45312
2 6415
2 5703
1 93413 56184 450691318
1 214 65894 64246129
2 91940
1 1639 25540 747629396
1 56904 89072 164147288
1 64199 34034 483935011
2 8342
2 73122
1 40972 34978 707332809
2 92569
1 34591 21459 547449989
1 48498 39967 231666955
2 18250
1 5791 30765 140645986
1 34386 59726 470496690
2 35373
2 36599
2 91408
2 61000
1 74449 71624 558659617
2 39692
1 31984 57713 521356765
2 52382
1 3903 14415 132033932
2 97044
1 45961 39875 204761990
1 3086 37755 615537293
2 15356
1 53036 86891 785193630
2 41341
2 72598
1 30256 61431 221240418
2 9984
1 91480 81639 429388073
2 30582
1 21020 44451 383621971
2 32090
2 12788
1 88038 36189 159529582
2 24774
2 15412
2 42468
2 97632
1 15889 79139 672359034
2 33201
1 70183 87805 705489931
2 87405
2 26424
1 44851 65266 124790596
1 79528 24774 89493426
1 9303 49263 116859646
2 96249
1 434 80563 187913895
1 99851 20767 116800669
2 63864
2 38628
1 36892 69831 437715628
1 41657 18396 381587731
2 65493
2 34052
1 24607 32129 137849824
2 56830
1 81546 74774 363361151
1 46745 46785 608683555
1 11124 68384 445163110
2 32582
2 18065
1 18034 39458 57770287
2 26027
2 38501
2 79542
2 57497
2 62413
2 87102
1 83309 54611 826950968
2 67732
1 82031 42770 84512364
2 49936
2 68014
2 70201
1 67690 76852 805237962
2 31165
2 45664
2 90600
2 61220
1 47847 91564 103532535
1 59588 43100 44314072
1 45888 94846 319170517
2 57460
2 48591
1 18863 89229 289682725
1 43787 63769 205062298
2 42548
2 73039
2 54220
1 46118 20702 287430199
2 96610
2 14845
2 43908
2 47456
2 71717
1 63804 23484 237198034
2 68688
2 90614
2 68552
2 43866
1 77166 36810 863658648
1 85525 19110 374942798
2 60023
1 47043 17788 177328756
1 70464 29336 414618830
2 62099
1 52854 83732 107301131
1 86214 86984 672992407
2 51148
2 95393
2 75919
1 81441 99004 999248088
2 15142
2 41292
2 25425
2 24957
1 89768 4688 65339320
2 69746
2 53303
1 45086 26852 634817862
1 32661 55242 371356603
1 99985 11569 396523591
1 85523 42448 89624833
1 78949 76127 748164159
1 11032 28122 616089309
2 26238
2 74901
1 30402 62343 109607284
2 48674
1 50535 38747 341450086
1 17565 31548 801868033
2 86451
1 85308 89432 642187437
1 80380 28440 841123015
2 99809
1 87361 12645 925515632
2 29936
1 29363 69671 893191429
1 59989 40717 921977937
1 20324 34944 444211360
1 55304 226 646750140
2 75267
2 91482
1 40645 16171 780968343
2 78890
2 60381
1 35162 85901 609012306
2 38405
2 39564
1 55499 76904 115308222
2 64329
1 18259 67586 238714541
2 83654
1 37003 94730 510712058
2 6462
1 92970 26300 795517392
1 8042 70885 800938101
1 85452 87686 151335276
1 48146 42491 631941156
2 96679
2 16985
1 51484 59368 373737321
2 46865
2 79549
1 12238 41559 9710825
2 11124
2 81857
2 84730
1 51191 52239 676165650
2 36577
2 12096
2 4379
1 71770 37035 404739703
2 76291
1 29799 51369 894083297
2 52862
2 85912
2 61063
2 79284
2 24221
1 71863 6516 44488379
2 15201
2 74050
2 45056
2 86029
1 3985 32512 639425951
1 95446 12529 984567316
1 16232 7154 998987685
2 17087
2 35750
2 59855
1 14097 49726 745088999
2 76648
1 3798 70201 786338025
1 32226 20897 815252040
2 43457
1 20942 7468 442338701
2 15676
1 27264 68043 717650894
1 78284 53681 842803252
1 24589 11279 167905654
2 55559
2 60298
1 52463 83570 285616918
1 25014 65021 521376784
2 8452
1 71574 54153 929723417
1 17198 59775 49324495
1 13062 41686 382218371
1 97588 67555 613396106
2 16835
2 40390
1 36840 19466 708164266
1 3791 37633 26229127
1 46516 15100 307594006
2 79588
2 14102
2 88456
2 14748
2 11065
2 97882
1 20147 20537 737429151
1 2925 57197 330324309
2 574
2 12297
1 32678 58106 588132987
1 78944 96998 580941022
2 28122
2 84750
2 12345
2 55937
1 44951 14783 525254993
1 85911 88916 722572237
1 57962 50576 418132147
1 20993 20905 930805920
1 96242 49287 113977730
2 30142
1 22037 33810 293015988
1 22146 76408 89283048
2 51827
1 34175 42747 354652020
1 27435 96885 577583447
2 88049
2 10486
1 86239 28164 101771620
2 98128
2 45908
1 59496 66562 646138236
2 49304
1 46936 72639 75272611
1 55538 47267 398462625
1 58949 97836 391319891
2 10995
2 18823
2 87021
1 85809 67467 802878998
2 18590
1 3328 91302 552467887
2 37417
2 45029
1 18581 210 78589899
2 43313
2 4878
2 42957
2 51205
1 44337 35215 154507205
2 99481
1 33538 35765 580178278
2 66639
2 48129
2 21329
1 85372 49482 130303494
1 27417 57666 562772037
1 34246 27986 831898070
2 61751
2 33340
2 67150
1 5498 75336 382652370
1 63890 35135 269405103
2 80709
1 13601 40935 474804256
2 91737
1 64331 61052 236972063
1 67743 55449 646587822
2 30969
2 84631
1 22538 13483 578352892
1 48067 88602 233084240
2 53924
2 34499
2 46577
2 40845
1 97900 98271 834141755
2 59505
2 23156
1 38465 48928 42304530
1 8311 51205 135997871
2 92273
2 25087
1 12339 48184 862173290
1 79779 12193 71401934
1 67954 24425 24477686
2 17163
1 26062 80395 552211497
1 89849 33083 307924004
1 97958 24489 197892205
2 71000
1 5928 32981 106492477
1 43386 97834 450238787
1 73749 72609 726867543
2 17548
1 21057 53332 164871790
1 79477 90700 711844005
1 26287 53173 684580292
2 30488
1 45528 48213 16939015
1 81554 99835 827484686
2 63594
2 18915
2 31258
1 96290 1267 871112965
2 33937
1 37513 6024 560974682
2 32375
1 60028 55747 670352050
1 42912 50180 108714633
1 68886 23135 678105530
1 73228 25478 771455420
1 26453 66263 763735052
1 89726 38712 981933480
1 89076 4328 835810182
2 96763
1 64791 17014 476345942
1 43782 98922 888496111
2 46113
1 48930 15667 217878574
1 52207 86884 724858341
1 7689 7663 565635202
1 39085 18463 372049550
1 65813 9946 951617100
1 13265 5981 686642992
1 62473 42626 470634652
1 14737 81428 859687836
2 50860
1 64696 32537 556099590
2 88749
2 86751
1 97531 70344 861176790
1 55830 45382 834002669
2 96088
2 43513
2 83370
2 5101
1 65807 65168 978198554
1 63492 53925 995056884
2 8407
1 58013 60982 888636185
2 24685
1 96038 28843 212884137
1 61319 82443 238613516
1 41467 55215 245492542
1 51001 81576 458917263
2 34675
1 12610 23638 806429305
2 49761
2 45850
1 10486 72518 110837771
1 26688 32932 813712775
2 68922
1 29290 75806 718608293
2 65899
1 36847 772 53116290
2 87901
1 70106 71597 426600914
1 56925 25744 204933328
1 44034 26738 535801522
1 49812 87721 955261449
1 35169 90452 828311839
2 64300
1 74331 43776 219628890
1 86411 84744 532544512
2 17515
2 3965
2 64609
1 45375 23901 55723496
2 68662
2 45499
1 22254 62683 729364868
2 79135
2 44942
2 41516
1 40417 98235 64119878
2 88754
2 11628
2 94278
2 51094
1 10304 74603 485008952
1 87912 10942 433788832
1 30778 13203 350976376
1 6076 24357 602481156
2 89234
2 63113
1 7954 16745 334386264
2 49082
2 3070
2 94008
2 95761
1 48685 75010 143989646
1 30253 91340 783872046
1 2291 18029 728701961
2 84972
1 18648 57071 678990291
2 36331
2 22807
1 58170 65151 130453616
1 97875 52097 146374856
2 82904
1 80582 42031 143203845
2 78655
2 98510
2 98127
1 55416 34698 369586257
1 98996 39445 627513728
1 46857 70451 686044010
2 10865
2 32534
2 79575
1 20687 49708 280743386
2 18589
2 76491
1 47833 24179 587613425
2 8213
2 4051
2 85825
1 71577 40566 935225251
2 85945
2 56834
1 21433 89973 448524737
1 77598 14741 479875354
2 81694
1 36512 98778 373781705
1 18657 15119 188254290
2 84683
2 85318
2 89837
2 72143
1 39576 39262 401476315
1 22942 62663 768902399
1 6826 10759 439922225
2 95520
1 9479 72152 794620547
1 41671 93053 311121195
2 50324
1 20351 12896 116675515
2 26977
1 35845 71455 885170078
1 29619 64531 784841276
2 42531
1 31266 13029 627252979
1 100000 16048 602070534
1 90892 31974 653597232
2 52796
1 49764 24036 809278868
2 62830
2 71749
2 81448
2 69176
1 2847 97687 826934770
1 80354 25448 491002140
2 25816
1 10010 13798 984197341
1 53955 6447 683194987
2 2252
1 7314 6581 612034219
1 43323 60820 279059263
2 95698
1 97485 660 484645342
2 54533
1 36459 45739 229199787
1 52970 97120 428342452
1 71842 86953 13947393
1 68942 23098 606150978
1 23737 32360 34508902
2 76828
1 63171 79410 894256365
2 26253
1 30893 25742 159444071
1 4854 28612 529831284
2 91622
2 86153
1 35471 55319 194581990
2 53158
1 35534 3817 922165002
2 93523
2 73295
2 75554
1 42586 43566 247430458
1 11562 43640 701806280
1 53899 96401 693950940
1 29964 17697 875737743
1 18327 26534 897148548
2 27345
2 57264
2 1304
2 43644
1 46067 79097 879964186
1 25334 10296 925550303
2 60161
1 31393 33360 126354184
1 50853 61248 132989787
2 43848
2 35768
2 24756
2 31933
1 80117 48287 476497197
1 55715 33554 160656940
2 85751
1 51701 6162 845871840
1 79463 17873 438860300
1 96735 12683 278578813
2 24195
2 76461
1 52558 85573 446874
2 48653
1 86820 28836 861878265
1 56168 14045 141066735
2 95037
1 61243 76809 664096096
2 23781
1 33105 45215 754926626
1 17319 35803 420934701
1 25993 86456 577956370
2 61208
1 55423 89655 192104253
2 38674
1 63940 83081 912034001
2 62920
2 94197
2 56458
2 83721
2 18476
1 75651 45778 482344515
1 37685 28085 103925135
1 33994 28913 261787577
2 92416
2 69953
2 19589
1 16345 1501 729087606
1 67625 8901 378546808
1 76171 26405 557509663
2 38982
1 39893 88196 461379514
1 58265 77990 742408142
2 66660
2 53961
1 63648 38926 483346810
1 68139 83449 173076321
2 26153
1 49250 6144 124447572
2 34774
1 97435 59697 767986107
1 53828 43173 477154721
2 99353
1 26033 78661 267633476
2 57978
1 67863 52348 612643587
1 85981 93266 169995713
1 27106 91242 724554678
1 67987 79277 509126111
2 18284
1 55779 14254 90602625
2 60604
2 94117
1 62398 27903 474798978
2 82408
1 8991 67405 557327536
1 21335 40050 212240567
2 42982
2 87539
1 11469 48222 122801548
2 63238
1 28882 10780 311276880
1 48961 5888 698699103
2 84551
1 8686 23049 767049044
1 366 13280 684457585
1 66764 29304 241385148
2 43680
1 74758 7838 595148510
1 67146 97116 576309793
2 30966
1 77047 54805 592570153
1 88347 62389 544860572
2 9455
1 95521 94241 26456700
2 52069
1 6411 32505 163929500
2 31121
1 55576 98525 951502809
1 50061 17556 180807494
1 51496 50623 468359476
1 97562 27021 125213894
1 37689 69155 736599854
1 67305 1669 748848191
1 88851 19494 112610081
2 52068
2 21291
2 56719
2 31906
2 46342
2 46367
1 38774 95309 308188189
2 77204
1 22403 81893 382590876
1 78007 14955 421088272
1 80565 55871 82368425
1 77722 71781 320171246
1 36779 36106 474324159
2 32257
2 59022
2 75431
2 10473
2 14130
2 65064
2 46228
2 23678
2 29103
1 55951 41970 553269260
1 28540 45403 707294197
1 19057 47129 731348968
1 14537 80225 502287445
1 7762 47508 3540056
1 68952 70631 505772758
1 34363 54782 772175596
2 94437
1 68974 60139 371022152
2 27850
2 8117
2 71158
1 64276 7349 356536635
1 69774 32890 540805859
2 62803
1 24378 13694 638807190
2 35031
2 16205
1 38999 56799 196881834
1 35707 66236 862794082
2 29220
1 98136 42319 311563915
1 45299 61604 781540550
1 99048 28316 794131602
2 62249
1 11742 79352 434047836
1 96234 32591 299569235
2 11880
2 68464
2 513
2 25428
2 4735
1 61268 47195 306759516
2 50852
1 90902 31335 437521907
1 14493 76884 487456921
2 76152
1 43452 34920 100293948
1 11664 13690 835341424
1 17629 15330 922658008
1 80555 76628 987379649
2 75989
1 81589 90572 76698576
2 8034
2 37523
1 42660 10234 951660375
2 38342
1 16592 99569 164145200
1 34543 86165 224300859
2 9566
2 92051
2 74998
1 57422 81817 444253807
2 84800
1 93443 41852 135319258
2 74921
1 32215 20294 971410757
2 95147
1 31802 6888 279716279
1 35132 75150 2112952
2 66586
1 90407 49284 593518358
2 75363
2 17220
1 881 22179 47513970
1 20881 45090 826991319
2 21467
1 88365 55152 96687467
2 52468
2 32346
2 64931
2 89821
2 23432
1 74555 66965 268636016
1 8038 9852 958342063
1 19922 78626 714287138
2 55244
2 59583
2 32813
1 91721 1963 282732641
1 73491 3040 870422608
1 47435 97035 358357945
2 3423
1 86726 57751 524217544
1 49536 30964 852259627
2 74169
1 32402 15438 137824557
1 74451 42399 85106489
2 94916
2 14202
2 77841
1 22921 49103 252515551
2 73755
2 12801
1 27085 24076 962975409
1 47015 15930 719300189
2 33270
2 33703
1 22489 69334 327284585
1 33050 80561 159243501
1 40265 88086 708479439
2 90202
2 36779
1 11508 45395 740329235
2 53463
2 16659
2 15615
1 26693 68028 64621719
2 20212
1 42754 2707 956795458
2 45548
1 63484 34639 609026210
2 3932
2 26398
1 23332 62158 41648395
2 20267
2 93734
2 44343
1 11423 32587 526945931
2 15968
1 6636 61605 885550584
2 84147
1 23417 22891 724008520
1 17532 43123 212780343
2 94374
2 56653
1 58823 77502 597876604
1 32751 97291 519583904
2 11100
2 79762
2 45107
1 68879 64688 998871647
2 17600
2 53246
2 99731
1 89172 56550 557532042
1 3934 4242 390132520
1 85987 29268 68236806
1 80785 19421 322626010
1 97682 79375 219898494
2 21982
1 16926 44782 213697273
2 22215
2 7766
1 51309 35246 797872447
1 10033 52735 266428753
1 74253 92505 305510095
2 17265
2 34231
1 210 27144 489060376
1 99998 81799 959669488
2 23532
1 69393 60813 591864660
1 77082 26947 263999384
1 79085 58064 427609719
2 15814
1 52529 89615 541867625
2 92987
2 43616
2 15972
1 97114 95960 492270798
1 54689 75108 474813163
1 7133 10749 901108741
1 38067 55145 424537035
2 84098
1 65905 71319 485825655
2 87956
1 68923 28637 457909324
2 23922
2 91138
1 52669 90301 787313421
2 19790
1 79705 11805 960389472
1 51026 10341 476349544
2 38476
1 17036 57758 523340383
2 34976
1 9816 52721 357067
2 94589
1 484 54739 956865192
2 62721
2 9087
1 50117 13618 503909493
2 47086
1 1814 91927 719025696
2 34507
1 9538 51469 456081906
1 90310 72209 953101119
2 73281
1 22775 92337 762508258
2 77338
2 54532
2 2984
1 23544 45296 283405120
1 24467 40433 776015061
2 58401
2 77021
2 47689
1 40955 86348 528527043
1 82096 13998 151130469
1 8820 41327 19996589
1 59122 71896 953202720
1 32534 59281 849095462
1 77122 40403 254236554
2 84465
2 55974
2 51904
2 74676
1 83705 63719 490270926
2 7894
2 83665
2 63509
1 30009 85025 118788578
2 71492
2 28841
1 66372 75693 207232049
1 91805 87367 295489653
2 80541
2 39861
2 4538
1 28005 50646 281680443
2 23530
1 72785 83206 402873993
2 26118
2 86430
1 2904 85822 545401402
2 79150
1 65368 1177 878189905
2 76202
2 71191
2 80144
1 58984 18811 464883915
1 84697 8513 898525466
2 90219
1 88319 98864 137756061
2 23777
2 6818
2 19306
2 16529
2 72546
2 71036
2 87148
1 20232 44726 905427223
2 3294
1 36872 11248 697376972
2 33699
1 80470 67808 899419722
2 77823
1 72552 41342 730902506
2 95209
2 51469
1 76239 62015 153210258
2 56903
1 79422 2525 308385138
1 70358 92938 799447919
2 26602
1 29206 35658 712039125
2 67401
1 75795 11716 721458348
1 2668 79444 963249825
1 96390 73410 476835643
1 85165 24332 465298207
1 72819 16092 481940842
1 6562 44061 975444110
1 3609 4058 262193450
1 32052 76257 888132851
1 35422 34567 967407314
1 90884 9586 108038882
1 58534 29577 864362954
2 27023
2 17416
1 27373 11350 925760782
1 69746 33762 124408791
2 68168
2 44903
2 61311
1 96944 41644 499221548
1 24332 37918 975963104
1 87607 42266 162559137
2 35049
1 7991 29176 29775087
1 74078 67902 98342343
1 49487 23224 384493190
2 24819
2 29427
1 89652 69566 361343861
2 2367
1 76472 75854 859989561
2 55455
2 26276
2 98479
2 1469
2 71208
1 44687 44041 268733903
1 24527 58520 614963575
1 28492 94766 398189544
2 54815
2 34647
2 93257
1 22147 47094 470079631
2 33009
1 57042 18279 649962068
2 57549
1 62874 36455 67646535
1 35360 77321 775223756
2 33463
2 11292
1 38676 19502 71325609
2 36924
2 53108
1 7407 64005 586726241
1 69580 59006 45464421
1 45931 24516 68747241
1 94456 16809 509497920
2 64970
2 75845
2 42881
2 64419
2 55509
1 10120 91724 281870958
1 49982 76996 298015019
1 78967 96919 485380827
2 25869
2 64066
1 12260 32366 900640217
2 44107
1 90125 91618 24284940
2 13932
1 74623 69606 461570798
2 83723
1 29413 13836 122639494
1 38580 85846 510978603
2 22541
1 12708 40750 41660697
1 96721 44322 656908939
1 27421 83932 164772797
2 97346
2 97980
1 56660 374 529828755
2 68969
1 82465 86237 242541166
1 28266 55201 985496094
1 59917 52035 768631988
2 53267
2 28161
1 20217 60368 7744315
2 12082
2 30568
2 15654
2 57259
2 69787
1 48869 49188 128826583
1 35811 28845 856032618
2 11416
2 97133
2 9212
2 60446
2 59863
1 68877 71 16721143
2 88033
2 7268
1 66021 89733 210838122
1 30208 87945 498007094
2 91548
1 71682 63683 546169837
1 38295 9623 596703861
1 88537 1641 285957171
2 95993
1 75180 56528 281660836
2 63943
2 36475
1 70320 12721 441905922
2 79498
2 90869
1 77729 22372 316976848
1 20925 86137 385206652
2 67777
2 22854
2 45612
2 84140
1 1551 24615 129302153
1 21739 76008 461365306
2 21388
1 8068 22741 730981011
1 88347 88719 754987164
1 38378 12568 818070560
1 57167 42142 515637095
1 62704 55399 817282492
1 2795 63103 749606063
1 7049 50329 714918629
1 8918 1867 358975939
1 4520 59260 245901297
1 96048 4722 910123363
2 59882
1 77649 30145 429045732
1 78887 45842 623119329
2 85315
1 98789 43394 841276068
2 20929
1 17764 8241 873340661
1 8810 16063 573980335
1 22691 75241 993908270
1 77878 47322 156536007
1 67746 33269 378752126
1 79264 4548 785261201
1 10475 61251 876291276
1 83114 17113 309110691
1 31232 82323 673662254
2 67457
1 17117 67382 334048554
1 48271 33681 227444345
1 50153 7442 523462924
1 31699 76795 901263067
2 64387
2 20281
2 59863
1 45082 99469 43586492
1 87619 91931 585888347
2 3441
1 32665 70093 708164936
1 58828 35654 106222484
1 82891 50915 675922430
2 82698
1 90833 58969 808984738
1 24332 56957 132385363
2 1999
2 91708
1 83319 45142 50606941
2 89497
1 49928 21193 770231070
2 27232
1 44630 62590 936161376
1 98498 22500 467834345
2 84572
1 57019 9911 921081783
2 86761
2 63863
2 29140
1 16318 68278 130888592
2 36223
2 48550
2 78156
2 18991
2 81672
2 15422
2 31538
1 40700 67710 987684462
2 41493
1 83550 32432 558728798
2 76219
2 8141
2 35409
1 43352 62863 187537724
2 10559
1 73102 78110 550749880
2 64421
2 73169
2 30102
2 70562
1 60715 98631 536281566
1 7263 84377 594172886
1 94292 85951 411946422
2 30849
1 59362 58905 792782720
1 74690 79719 441488534
1 57522 53838 438126675
1 9853 52661 626322457
1 37615 68585 457139908
2 86106
1 72765 69934 296100087
2 80652
2 42965
1 30471 86931 151238974
2 14472
2 83076
1 31816 29150 425522137
2 63936
1 87285 79935 557176046
2 22560
2 2806
1 922 82846 914839072
2 6117
1 55022 4538 450442085
2 206
1 59150 17630 425734628
1 174 95249 698201262
1 9307 80982 318434058
2 55028
2 50050
2 22782
1 28813 75868 812535029
1 9872 98081 868329934
1 3361 85839 922351671
1 24372 75667 477531983
1 3304 12055 508524034
2 93886
2 19892
1 92210 77457 991985131
1 51211 35851 18855218
1 26634 48948 276901360
2 18341
2 80589
2 371
2 29493
1 38612 63233 813512607
2 9462
2 50487
1 7555 30631 924619822
1 37135 23704 893779111
2 98991
1 87776 22462 846063563
2 21172
1 50339 57889 898193533
2 71572
1 73825 73294 848287607
2 58936
2 35705
1 75682 88439 877102824
1 71755 87932 746015793
2 41859
1 1300 36917 812430465
2 94227
1 19417 21263 630095934
1 33920 1869 886954351
1 58875 47895 694480933
1 6712 41794 968639889
2 34991
1 91643 36284 544361723
1 40010 15764 601476847
1 87517 44745 47149887
1 1196 47075 93035348
2 31021
2 52660
1 18151 24925 553118479
1 28039 55733 374366083
1 83451 73247 726810680
1 30917 10807 291164789
1 23345 54191 271528965
1 39815 31036 228207947
1 53315 67840 682588234
1 36677 12460 986055666
1 50270 62414 455984026
2 51009
1 62048 20652 977483436
1 3925 91160 381369444
2 61422
1 89999 70385 240795028
1 609 49025 100855254
2 31089
1 57248 58113 924498952
2 55818
1 92090 99362 921932009
1 45551 99862 651059064
1 73200 86632 93887748
1 66483 41485 924316604
2 679
2 49610
2 1825
1 2605 97600 354505354
2 78714
1 57968 51968 922617991
1 97678 99137 17632571
1 70452 66608 599697084
1 13822 44368 438812123
2 36255
1 56420 75345 359165583
1 85855 60216 529491903
1 13134 91294 667071485
1 6079 69665 32421254
2 49612
2 70957
1 73332 70100 583821283
1 24158 67748 114393924
2 40481
2 24259
1 90931 97768 309073570
2 12057
2 61386
2 78272
1 74821 88033 640591222
2 78309
2 85344
1 8863 10696 180613136
2 43998
2 99703
1 54002 17225 191845496
1 89009 1798 145232888
1 49492 40898 677177942
2 76420
2 16798
1 76716 47381 960860805
1 56493 77087 876778392
1 33384 33432 100415438
2 60622
1 31775 79693 403662918
2 79484
1 43028 10276 109851750
2 60528
2 56658
1 89949 7003 697373469
2 91716
2 82983
2 79704
2 26812
2 86819
2 93411
2 20862
1 50384 70612 612115437
1 59078 53721 63351771
2 91561
2 44486
1 83026 50154 985115568
1 80592 31268 129082756
2 84534
2 8832
2 13106
2 8612
1 17197 29554 334664060
1 50694 25480 911993624
2 56461
2 40112
2 59227
2 24779
2 15112
1 66721 59334 856847151
2 60286
2 51884
1 56542 73071 737193140
1 9213 33221 976409862
2 24502
2 53083
2 99104
1 36696 84463 841598817
1 83388 64992 620736404
2 1590
1 21490 58306 749540412
2 20778
2 2115
1 95537 15399 206680414
2 56701
2 37028
1 23046 51792 745265116
2 50210
2 22198
1 96810 3553 169083719
1 62956 12949 460522142
2 90901
1 9638 67935 529719006
1 63850 95689 18687553
2 96989
1 35581 53492 868384735
2 18230
1 17965 99312 767396339
2 7171
2 82365
1 76400 35907 190375751
1 33938 12449 762832322
1 67626 50751 307778519
1 4693 68923 331994986
1 28981 5056 434273218
2 1409
2 49877
1 93635 21511 315516766
2 16019
1 30924 19883 192034034
1 28823 83723 543644036
1 43147 90126 398113686
2 90298
2 46170
2 39692
1 6946 59679 212838455
2 45853
1 61933 82105 348293976
1 73208 87671 182605075
1 35989 26965 448346212
1 19320 85099 402767593
2 9432
2 38868
2 85236
2 18407
2 80868
2 83507
2 30163
2 50266
2 31268
1 87681 76196 460094394
2 15432
1 96769 98768 313430941
2 13326
2 19049
2 50694
2 44594
1 22566 13481 549205248
1 64347 49576 518398059
1 5707 45536 864048142
2 46733
1 95979 56214 431796535
1 26081 61848 478491235
1 66074 92897 235294780
2 48996
2 16891
2 75068
1 54598 89977 46682211
2 27384
2 30761
1 46453 5726 874457928
1 90088 83789 755295140
1 11324 31597 836474538
1 55051 75649 862517874
2 75570
2 61811
2 89914
2 69953
2 69507
1 84572 54612 878323714
2 67345
2 19430
2 44221
1 26733 70558 693485469
2 64807
1 47348 28875 662110247
1 82494 77896 836366421
1 73529 65693 205226404
1 74744 84829 319251738
2 16115
2 21567
2 28582
1 61136 52866 411385786
1 40561 85349 525406164
1 48087 85267 38625255
1 49531 60659 162110722
2 58343
2 66135
1 87097 71565 296803797
1 34088 14428 610065644
2 13559
1 77120 31599 719679252
1 95330 61670 336855584
2 6432
2 9553
1 84959 23430 466608983
2 717
1 9284 19302 398152408
1 62631 24484 333996319
2 24898
2 67691
2 29550
2 96413
1 20852 2442 43468308
1 51509 65268 220434976
2 85797
1 89367 45321 790091631
2 64125
1 67223 34424 491313800
2 89507
1 85602 60975 965016258
2 69914
1 53965 71184 541385106
2 74532
2 70903
1 55246 59708 303705248
1 78935 41938 617512885
2 70645
2 71625
2 96472
2 50639
2 55716
2 3430
2 50472
2 70866
1 35607 38658 679899622
2 14338
1 28982 99519 98437785
1 67908 31704 895764139
1 6776 11397 353411275
2 86002
2 91033
1 44470 46808 130981760
1 49492 24753 406673176
1 95017 18450 239361301
1 11581 42672 254854821
2 21581
1 63628 55263 863543061
2 28567
2 79313
1 5620 73317 949725621
1 36703 28932 802584863
2 78124
2 39491
2 23273
2 96028
2 62459
1 25189 18607 275015665
2 64809
2 42236
2 11810
1 71682 67993 215342051
2 49771
2 92944
2 67013
2 30783
1 18560 25824 594138625
2 62874
1 13408 62797 679224266
1 54397 48400 788717061
2 8620
1 99145 57245 884413828
2 534
1 28970 81489 263830096
2 53124
2 46160
2 47905
2 72892
1 12060 84730 708239396
2 52564
1 8451 65743 769013050
2 66452
1 17288 18777 208708387
1 6150 61493 791231019
1 14334 65106 578195426
1 7454 41997 460733629
1 61233 8276 15018013
1 17506 86542 121970282
1 68900 58663 168586293
2 8104
2 38187
1 49829 69579 894367133
2 62336
1 56064 26282 880711050
2 58488
2 98802
1 69471 48578 238419858
1 17283 70246 408439081
1 15031 9041 592378877
1 50880 96215 342545281
1 35170 38266 820864824
2 27994
2 38916
1 32752 40054 651303840
1 8466 87922 991656113
2 48365
2 97634
2 46546
1 37810 71701 623259492
2 11441
1 67124 35481 984970125
1 65496 49772 308527214
1 12119 1075 632587776
1 62330 8425 487714794
2 17611
1 98510 5575 56250407
2 42791
1 32063 61239 815813792
2 58481
2 5364
1 98317 10616 410704944
2 65079
2 15717
2 4473
2 47084
1 59401 93510 761782612
1 45202 38350 562878411
2 45956
2 33283
2 13811
2 13585
1 54370 15621 112485234
1 2973 6099 503786904
1 72089 65244 212789888
2 94740
1 39490 3603 174770717
2 32493
1 77683 44974 690815372
1 36614 61319 676285256
2 7457
2 32049
2 27200
2 82037
1 40997 67426 756771656
1 20339 59549 4935867
2 65537
2 10867
1 10838 82142 630151973
1 91374 20491 310567528
2 85053
1 47866 50329 909649576
1 69188 29843 624117775
2 49251
2 72489
1 25500 23771 320985751
2 22198
1 52046 23138 251614098
1 70265 33340 390709274
1 53640 34539 94388741
1 21394 48062 916628606
1 4094 49024 288201336
2 20587
1 8196 1015 578218955
1 16875 6608 523965857
1 44563 42722 350453963
1 31334 2650 69079912
2 24593
2 78429
2 69180
2 71166
1 71743 53904 564151568
2 39356
1 90457 30008 436235284
2 91246
1 67531 43672 856735546
1 25286 6844 387076570
1 33709 9836 618467083
1 77167 51066 170789786
1 23062 83399 484043420
1 10270 42060 250379989
1 40074 94412 129894436
2 18203
2 36042
1 9427 98963 787383037
1 40045 86232 291909971
1 27401 14203 773435734
2 68601
1 86968 33405 977756957
1 16910 10026 690670136
2 51933
2 43518
1 38208 45091 596004362
2 71090
1 17441 83653 990681991
1 19777 47511 372509786
1 8216 95816 219208743
2 49301
2 43898
2 43531
1 22813 26954 769688295
1 15981 25654 300280852
1 98770 21667 557610396
1 89604 20107 240717451
2 37697
1 22134 54891 582134518
2 32186
1 74846 34923 876185515
1 69261 16064 619519472
1 81570 47337 986900643
2 35710
1 26314 28034 391035322
2 9611
2 45381
2 71172
2 10927
2 8479
2 40784
1 47662 51037 976725633
1 72840 18681 186951540
2 62741
1 92703 15563 325662636
1 24436 92127 813889588
1 70055 2519 911753944
2 67263
1 96667 85930 789137317
1 58137 27438 208588633
2 33956
2 4339
1 70683 47389 134533719
1 91926 82415 683727820
2 3156
2 39722
1 4224 45839 803711484
2 44903
2 7628
2 74811
1 6354 54289 830723627
1 67845 63656 116762711
2 94243
1 64449 29015 988645440
2 64571
2 1133
1 96572 1371 500016099
1 49555 62747 829614365
2 37980
2 54259
2 65234
2 74271
1 93478 88693 118787652
1 87087 21497 895966649
1 65133 40708 929352107
1 7423 52050 992463256
1 63677 72269 943281977
1 79866 9136 80406516
1 9001 97509 259467962
1 63526 90449 803120255
2 3880
2 23794
1 91122 17131 976238303
1 8716 14974 112824301
2 45571
1 93570 64458 333909568
2 14933
1 67027 77131 297875275
1 48719 35457 721187182
1 12641 82423 907777234
1 21809 63732 70733744
1 98605 58699 323385189
2 11
1 86663 65670 536184881
2 60807
1 40616 30971 296036304
2 49018
2 87558
2 63923
1 15440 39218 745688082
1 35571 70836 973462566
2 94654
2 822
1 19541 94653 648235635
2 30505
1 87265 188 619086091
1 70683 95713 911421214
1 59156 80905 698097537
2 13789
1 89041 2239 204014808
1 71864 71399 36085470
2 44382
2 58109
1 79140 68093 281959628
2 10415
2 88428
2 35037
1 4854 12128 129855086
2 50527
1 85487 63426 241022894
1 40244 58169 628239808
2 53584
1 80935 89542 992344391
2 66514
1 54396 31355 550277324
1 25800 47820 628470298
2 65417
2 50501
1 64439 94765 431628178
1 973 65401 50759649
1 21838 20288 269024009
1 26792 60811 150170502
2 77767
1 1981 23036 120943888
1 84685 46623 401780002
2 80117
2 3628
2 73115
2 18108
1 24470 94653 184419742
1 27775 83350 769796947
2 28845
2 54547
1 20988 44157 887141950
2 79725
2 17937
2 31392
2 94987
2 57681
2 88349
1 61912 74741 862143663
2 33009
1 87862 82271 490341494
2 24961
2 37161
2 65942
2 41048
2 70499
2 59960
2 80644
2 99137
2 25913
2 7638
1 46056 99614 240881998
1 39645 71274 329719827
1 87112 72634 590955682
2 681
1 89479 10527 226215179
1 69446 25693 108887370
1 1477 40667 187339527
1 57028 39970 284177776
2 60573
2 15963
1 51689 76298 309029160
2 79597
2 69555
2 70548
1 2233 4415 618620112
1 2461 41566 383176133
2 72695
1 50582 97995 576529710
2 35862
2 71875
2 28014
1 57738 97710 545801822
1 71995 82413 185238978
1 46817 26731 668194504
1 51441 92934 481678899
2 23497
1 36632 77702 19875010
2 11954
1 47756 35166 286243257
2 97536
1 51968 98646 527526592
1 41161 88548 914750377
1 43048 42459 590342167
1 94080 42322 457747914
2 97246
2 80846
2 22152
1 93605 46072 986811109
2 9843
1 36772 81390 865975683
2 33673
1 72416 97101 626730785
1 18267 53226 422186805
2 75695
1 87171 43200 311839881
1 225 18848 48122150
2 11090
2 40416
1 49229 81892 890490985
1 25952 93553 827661047
2 88602
2 23975
2 95492
1 98514 68857 679724118
2 70534
1 66685 49212 505613758
2 41716
2 75564
1 6961 31254 746129218
2 3196
2 42071
1 86269 96994 459636470
2 52870
1 37079 79477 5562615
2 78249
1 95611 9119 14306320
1 8868 58765 600195293
2 45832
1 94764 14584 585236821
2 16810
2 32090
2 73417
2 76085
2 71620
2 2740
2 94910
1 68100 6746 550986068
2 64798
2 37305
1 93900 43288 474185777
2 93234
2 61908
2 50069
2 11342
1 35784 57003 708289803
2 4349
1 87627 50429 2678365
2 58074
1 89015 93076 695324601
1 495 22465 844512374
1 19362 14613 480559459
1 6093 14865 484786026
2 75617
2 68522
2 60389
2 65074
1 91705 83149 36727051
1 6770 63654 272782661
1 29562 60797 895722321
2 42904
1 40205 41336 646577680
2 55331
2 86406
2 30212
1 25429 30892 203125795
1 12304 80891 349093370
1 97817 62288 264030664
1 43313 34546 287291066
1 50067 49217 390462078
2 48753
2 21649
1 4602 40557 196058616
2 25653
2 38021
1 93648 86755 161247787
1 4222 38449 875489015
2 1221
2 84845
1 2666 6530 655432026
1 55276 15887 368571551
1 56733 23081 263881058
1 1368 57048 977978157
2 65715
1 2585 60198 809927556
2 22358
2 69026
1 95421 99812 4192437
1 58953 30269 719097089
2 46562
1 82405 99758 276047444
2 46086
1 38382 12649 263453111
1 50265 97798 884466123
2 41482
1 68460 32483 11390576
2 93154
2 58498
1 28926 88760 908490643
2 4779
2 73719
2 34744
1 71155 17177 59910698
1 32939 37118 970931121
1 17647 39988 17659651
1 54811 78985 910109485
2 80867
1 18651 15908 324884219
1 38563 8448 338581895
2 82369
2 65828
2 59411
2 69051
2 71383
2 33280
2 19097
2 77752
1 57064 93205 722107335
2 8122
2 33083
1 30089 45460 245173587
2 87423
2 55795
1 56835 57225 937136306
1 82286 37947 111721225
2 67995
1 71269 25612 239694112
2 24951
2 528
2 43530
1 43204 46854 591824234
2 57496
1 4015 91546 532477585
2 36282
2 16175
1 92178 84940 360706152
1 69376 47413 946009020
2 81257
1 44567 53758 590636728
1 34214 99864 629394537
2 71762
1 36406 51457 154071745
2 48317
2 1331
1 62015 79292 785181701
2 59059
2 18800
2 71515
2 53408
1 67488 38884 417764100
1 26239 96756 88149981
1 98768 35323 761376253
2 19028
1 51657 19434 794219127
2 70418
2 59565
2 98157
1 96305 37275 620719223
1 1234 15733 202860859
2 16891
2 23725
1 90973 9868 296802210
1 1066 60974 337310043
1 1312 40705 848338752
2 71508
1 65942 72674 457701358
1 55596 26241 119089591
1 84861 55714 246463016
2 84027
1 37577 88816 543878290
1 52389 8398 567793692
1 81538 46705 511632681
2 79672
2 92704
2 90730
2 81176
2 33275
1 33497 39475 845843810
1 34484 11991 674210639
2 29398
1 85470 21337 159399909
2 43972
1 81691 86114 34016254
2 98482
2 94967
1 10718 25174 937671137
2 24116
2 61849
1 19845 90399 58223733
2 91621
2 38061
2 50925
2 18668
2 6936
1 57224 33056 139759827
2 24061
2 30588
1 97521 52414 71329696
2 58515
1 34463 46716 495288073
1 71185 28460 789056986
1 51478 95872 222429917
1 72882 27749 299775805
2 58051
1 87395 34357 207718367
2 90129
2 90363
1 65843 21325 902110587
1 65167 15930 478319549
2 11036
1 20635 52767 406767841
2 34012
2 28585
1 87837 98938 83522540
1 9495 88383 123380422
2 58875
1 82059 25213 630280002
2 25539
2 63936
1 20584 47760 583978895
2 47741
1 53145 30980 757886042
2 11906
2 23190
1 46749 32591 241160554
1 21140 78384 54766636
1 42210 57834 504037560
1 83806 92480 241658310
2 9180
1 32611 9245 564410774
1 58402 83759 218567039
2 93337
1 81911 22346 972986423
1 15499 99102 161635579
2 63525
2 61829
2 40177
2 44665
1 79440 7260 858376548
1 25202 53269 559096275
1 23009 70846 364477467
1 16904 44489 454630277
2 65780
1 4326 72147 121322745
1 37307 52011 93526843
1 95035 78032 661153476
2 74731
1 47796 42227 103597777
2 11972
2 62810
2 38691
2 60826
2 28589
2 8683
1 81173 82180 545520321
1 44422 76574 859219833
2 92026
2 61791
1 65669 87272 220211131
2 57194
1 91797 78196 754445157
2 72343
2 86504
2 54815
1 74330 98610 939707163
2 9
2 20690
2 4743
1 15056 44608 925841321
1 65838 58440 944979150
2 65756
2 72205
1 25239 91931 26796112
1 90651 81555 539971110
1 37877 49558 185850226
1 59317 85144 655846572
2 32311
2 49501
1 96536 27209 914882489
1 96008 14165 492036001
2 20601
1 40334 50495 763889793
2 56333
1 37557 64319 600443612
1 74493 65758 277234821
1 68597 30362 62865082
2 94201
1 89772 17368 656067817
1 72717 75786 345250671
2 32236
2 412
1 94295 25354 240605468
2 29556
2 26225
2 38653
2 73818
1 21761 39540 44646880
1 3938 95151 845441305
1 80974 70119 875272203
1 30714 68097 505285506
1 7217 81009 476211974
2 98248
2 28111
1 57164 68452 987176770
2 83821
1 82286 76023 621712288
1 78675 94561 585860075
2 1214
1 31373 91553 645279816
1 16540 93853 656782922
2 22634
2 5778
2 85472
1 74652 16824 787534731
1 84568 49220 747608045
2 80275
2 3441
1 34021 88267 472494250
2 7901
1 90032 2072 452234113
2 73681
2 96768
2 78454
1 98674 92584 546733902
2 98684
1 53988 38197 87391216
2 41896
1 72936 93232 845870101
2 15319
1 87323 91954 147650508
2 12610
2 73284
1 50466 53725 577868538
2 79870
2 38934
1 65636 96965 441617628
2 25493
1 5964 4184 8000622
2 284
1 49059 43246 246051575
1 36795 18725 588921405
2 26870
2 18282
1 47481 73909 76690138
2 33804
1 46079 68332 963525410
1 42761 45446 532093036
1 9908 13354 731629341
1 32208 91121 448397465
1 97563 2181 249050438
2 53839
1 33770 5341 426902671
1 88571 7276 185335177
2 1085
2 74539
1 32859 50383 686475753
1 21698 55511 645807946
1 73476 278 217652703
1 66180 41254 399071982
1 41691 32883 477311082
1 57095 31247 991364412
1 37009 61221 637582180
1 10499 60811 437862907
1 41004 78051 496262621
2 50206
2 90452
2 62128
2 34516
2 8825
1 11287 20323 725530953
2 31854
2 68244
2 63774
2 2853
1 11026 83437 445996585
1 95364 85132 929888730
2 10993
2 91215
1 52065 75656 43282365
2 99324
1 86274 69059 35008752
1 92225 32599 723273281
2 5521
1 29882 61865 944076255
2 88047
2 27046
1 18087 32196 455994174
1 47081 45570 153996337
1 77069 1261 702035807
2 66408
2 81282
2 77783
1 14113 83046 797344493
1 97305 67634 479458613
2 67781
1 8249 34889 515882053
1 71267 91530 799925885
1 44045 53156 237243580
1 76111 89978 605614255
2 27179
1 44314 1421 170875678
1 97347 46431 545714659
1 45547 73459 862919222
1 31240 37570 51997094
1 84584 44379 437782041
2 43511
2 46213
2 48727
1 39411 29480 194820396
1 49409 10780 426015644
2 57187
2 70341
2 84638
1 40806 25859 850062910
1 25735 12510 28533576
1 15928 20053 748767106
2 39533
2 78482
1 21769 41305 510205850
2 65073
1 61972 48302 364701414
2 55986
1 5543 42207 251727513
2 32475
2 4297
2 29393
1 98209 64377 48922166
1 56295 23524 902690435
1 27856 20533 826555425
2 10538
2 95825
1 38383 88495 760442213
1 91654 80794 607392595
1 31690 14628 987775152
2 25288
1 60062 1612 262772003
2 58211
2 64729
1 11071 75535 641996800
2 29590
1 65622 44515 838567753
1 62293 25687 408533311
2 83928
1 78162 1682 672750857
2 83530
2 39014
1 78467 91729 920849238
2 63014
1 11634 6013 862717773
1 67315 9809 722173329
2 64172
2 38425
1 72586 78398 625119876
2 2714
2 21138
2 74785
1 72336 15232 893393332
1 3777 72949 543067222
2 62967
2 97897
1 28091 43553 905055113
1 34179 31686 912238946
1 6135 17960 257638886
2 41160
2 28857
1 72624 58704 588740622
2 36651
2 27179
1 49797 5708 34248533
1 41433 14162 643702663
1 40838 96652 351795151
1 96446 53599 565287883
2 1742
1 38826 63150 784316728
1 23833 88746 885876965
2 14083
2 51574
1 71574 80745 45617673
2 84606
2 60056
1 13256 86090 372375842
1 56008 41321 664109463
1 64072 21586 281237490
1 76758 5469 403096581
1 67534 48829 773894137
1 19156 91429 501930263
1 51999 459 179326527
1 89212 379 270027072
1 38172 13905 334315482
1 15234 18173 796138995
1 39078 5210 191632431
1 53473 66073 518967388
2 52871
1 82399 32912 857555419
1 50248 74461 152780636
1 34363 50458 343650042
2 52640
2 60687
2 41223
2 77648
2 39301
2 17930
2 99102
1 8749 67187 650125416
2 24525
1 47559 79292 302645857
2 60166
2 42587
2 33234
2 63206
2 75119
1 94516 66759 417158401
2 37827
2 25125
2 79711
1 14484 38846 302068841
2 43475
2 52911
2 38570
2 42891
1 63444 65791 435334610
2 57656
2 52630
1 97996 71667 445589669
1 85098 53346 183627584
2 92630
2 768
2 70148
2 84899
2 94631
2 1603
1 74783 62031 472629395
1 25312 44426 868292147
1 26705 11193 611227837
1 40531 14368 893041277
1 6088 24065 359292251
2 27857
2 65034
2 43326
2 46613
1 10447 94077 915446004
2 69040
1 23858 10118 608420829
1 28695 87293 664188102
2 38632
2 746
1 88679 80635 725236505
1 24607 68653 646655184
1 95448 83044 367370939
1 27056 78589 249503616
1 45039 3056 522698874
2 62554
2 49969
1 18475 98767 44079398
2 91163
1 70551 1418 739042048
2 881
1 98507 55578 880231462
1 55204 62199 984141379
1 12997 42332 388159311
1 38617 61971 776078342
1 32094 78184 300195927
2 60049
2 88210
1 36345 36019 108147825
2 1092
1 66908 11677 462252599
2 39083
1 6485 90027 24448116
2 60454
2 51901
2 48836
2 60741
2 96471
2 34996
1 42550 99744 156017246
1 7172 31704 42818210
1 87921 51892 195863935
1 18729 41865 210865376
1 11825 68556 347398508
1 50238 81473 300619550
1 24629 82269 94354277
1 40489 10110 332817131
2 20218
2 83690
2 70565
2 44489
2 21018
1 36637 2784 939705760
2 94747
2 43126
1 67586 60203 772082173
1 24580 78449 53653821
2 81789
1 66339 85838 253363101
2 78053
2 47956
2 63380
1 47032 60383 749790885
2 87472
2 56697
1 89716 9986 554376548
2 62816
1 62351 59771 697752043
2 77302
2 41871
1 57492 29338 455528494
1 7474 72252 35062158
1 65293 69907 498219982
2 54633
2 85189
2 39802
1 43496 55512 317636461
2 93546
1 94709 75258 376501603
1 77327 10854 546009481
2 53706
1 3067 47746 809254274
1 78579 20909 299349583
2 34685
1 72320 42910 873857929
1 58616 72650 639748951
2 19136
2 78688
2 72147
1 76485 66745 543470167
1 76142 33597 645249544
2 77104
2 79256
1 90572 68126 472788714
2 87024
2 18082
2 79784
2 48510
2 89463
1 54235 88101 538332288
2 72280
1 51693 35266 449077128
2 94003
1 15935 15492 305131222
2 21980
1 54967 27425 805178558
1 96875 97436 472537177
1 12333 45448 176667460
2 2609
1 63016 23953 989080981
1 17745 69729 55034775
2 47928
1 64361 15345 375424236
1 54987 57058 131477416
1 5259 31884 464927255
2 11383
1 12329 19903 476984129
2 5889
2 4614
2 84533
2 75350
2 20643
2 96348
2 43117
2 62587
2 61202
2 99900
1 46448 37986 14705623
2 22692
1 11119 23248 789419873
2 92044
1 980 98700 882746232
2 45873
1 29098 6442 604028465
1 89996 17670 301778169
1 75060 11891 134896653
2 65418
2 17636
1 97538 60679 107942459
2 88851
2 46712
1 69934 12469 619091903
2 22804
1 80870 8784 806928029
2 73794
1 75091 49264 654106706
1 80872 89308 640674744
2 90973
2 6420
1 69037 1241 621813584
1 42433 78558 876788728
1 24836 44317 444152782
2 90919
1 7204 82671 836002422
1 63115 78909 381883083
2 51901
2 36412
2 47602
2 13785
2 60335
1 12248 93323 244423124
2 89773
2 13991
1 9250 78191 897179236
2 77842
2 36076
1 42162 76646 196788265
1 82059 53057 330580537
2 27037
1 10442 35615 576965134
2 24452
1 8339 32206 308917707
2 82258
1 82035 78229 696166549
2 73698
2 16808
1 10494 98984 72384856
2 63569
1 9601 28020 490659873
2 64319
1 6985 18523 660342984
2 95778
2 51294
1 76996 94699 359486216
2 41018
2 58254
1 97898 56977 763304655
1 54932 19576 650395327
1 81425 86565 376866570
2 56078
2 71400
1 50221 1500 246362625
1 89406 46895 118240912
2 73471
1 24624 83432 314917305
2 76168
1 21776 3796 856661512
1 24244 97465 262624699
1 96237 82478 21749157
2 49176
1 78311 45711 50602203
2 44390
1 42039 6945 674744393
2 70227
1 21001 38602 211901770
2 31470
1 7654 3536 380924876
2 85932
1 44546 69009 40113221
2 40768
1 15761 95819 371948478
1 59202 3320 867617895
1 90602 39922 909256139
1 31547 55526 497406288
2 60009
2 79188
1 63727 8394 456515720
1 99139 32727 694281302
1 74455 12950 31005270
2 47230
2 60552
2 14457
1 13800 75468 841101261
2 77849
1 33954 74514 592686351
2 58957
2 46309
1 55825 48609 614752676
2 18463
1 58643 68411 838088768
2 47869
1 44285 70494 908683537
2 33501
1 21149 2846 715815871
2 82127
2 3870
1 62251 33889 133460210
2 99392
1 49701 75203 654385801
2 71858
2 32806
1 65148 66880 941248796
2 21350
2 29991
2 121
1 45101 86018 816591844
1 87543 37140 616885217
1 33903 35903 310410501
2 39236
1 22145 59753 789791304
2 93859
1 68231 64781 242602367
1 2014 26910 754794368
2 72955
2 33767
2 46518
2 93433
2 77640
1 82985 69323 177855759
1 1703 47104 803500355
1 94978 55706 387848127
1 14551 22876 855414079
1 10962 58031 455879589
2 1057
2 22883
1 69066 94078 744143759
2 50668
1 81369 5454 458532871
1 56377 2492 450525270
1 38154 32792 790446842
1 62212 42554 77460351
1 10121 50451 183149748
1 87188 66737 84623239
1 52298 75874 280130308
2 98075
2 21355
1 34215 47990 2496406
1 82445 25067 456750888
2 62254
2 8406
1 58134 57709 139950002
2 97074
1 17500 65941 110429815
1 60624 99605 144694614
2 58213
2 96639
1 45308 77534 41687572
1 19430 86839 794400377
2 93398
2 16165
1 81647 63852 132116035
1 60741 57109 49691850
1 62291 96335 598033782
1 12127 23812 793437397
1 82706 37347 378735963
2 11477
2 16320
2 12198
2 13108
1 48909 43441 166916137
2 38470
2 10419
2 78096
2 46718
1 66981 5533 310281780
1 15491 93792 476050745
1 50058 14435 814139245
1 81352 43341 145297826
1 55753 86344 470685855
1 15843 26564 533397421
1 14742 12250 963311395
2 53660
1 43382 96328 114629430
2 58992
1 58401 25659 478581323
1 79480 58695 747015749
2 86540
2 64833
1 62506 8626 577411754
1 83501 17180 253835948
2 13174
1 82689 26454 924460979
1 15203 84028 618707017
2 36380
1 28326 37636 896934949
1 60514 466 419264063
2 56377
2 4058
1 19066 94224 747156238
2 43049
2 53662
1 33021 16090 77263186
2 13443
2 54105
2 41865
1 92850 95571 810628339
1 34934 57783 190286016
1 63203 76836 166233457
1 66670 44525 235836650
1 95403 83498 574685423
1 47248 67952 105886032
1 92638 21807 869403560
1 25425 67650 873772886
1 59248 55696 755978760
2 61769
2 16317
2 27350
1 12206 97847 129184927
2 70102
1 86566 39292 765663142
1 39103 96804 241135714
2 32651
1 24832 76515 879815542
2 6860
1 16512 7448 439277456
2 93209
2 82871
2 49050
2 25717
2 4389
2 70925
2 6274
2 93808
2 89152
1 86881 69951 816027167
1 4150 68430 294965896
1 17464 38637 537780800
1 17461 89321 801180934
1 41003 16017 775033279
2 40979
1 53312 46588 670988378
1 87296 30396 924090417
2 56114
2 8750
2 25499
2 6686
1 4106 66791 630338873
2 83905
1 74552 34640 343595947
2 45948
1 74915 59251 655556006
1 63900 53405 929077855
1 17982 96762 841363408
2 263
2 99353
2 54843
2 51047
1 31737 68215 944722902
1 16453 16735 470660528
2 8932
2 76809
2 82780
2 72040
1 40605 65653 633729967
2 45558
1 14024 56068 845216438
2 344
2 40850
2 33608
1 14520 20200 969299005
1 30375 55958 887543868
1 32317 652 982690494
1 4350 46506 959531219
1 7522 76743 232218216
1 26256 71708 162993802
1 93131 30895 43944976
2 1179
1 46242 57384 937659947
2 88548
1 26349 8411 288595643
2 7619
2 91420
2 47934
2 20647
2 93084
1 81621 75668 826926841
2 83138
2 87938
1 65856 59044 910729531
2 89723
1 52723 57141 924959671
1 12449 28052 909884349
2 94473
2 90955
1 27129 33527 430792471
2 70287
2 39535
1 34245 67353 850175663
2 14749
1 26366 65317 227275718
1 74727 52504 107774413
2 85900
1 85725 71979 3469002
2 40094
2 99781
2 35884
2 12115
1 84980 46364 677045578
2 5594
2 26103
2 16749
2 24651
2 56968
2 43725
1 24217 47575 554302597
2 25801
1 41298 64610 435410276
2 25158
1 3784 78355 466015293
2 95719
1 64196 3043 36551512
1 76596 86037 794356405
2 65873
1 87071 27400 483571228
1 18703 59625 390780737
2 3556
1 12815 60996 410040467
2 83922
2 80858
1 66562 91881 111025267
1 59597 60444 645499502
2 10597
1 7649 69071 789227227
1 83401 48674 45844433
1 48822 29138 913808773
2 62656
2 46187
1 78096 25147 818095395
2 14163
2 42381
2 10693
2 77401
2 94464
1 73027 84290 38873187
2 90302
1 68836 6672 406783610
1 19608 43200 500077747
2 76998
1 93740 37208 680616479
1 96378 18499 412477788
1 4018 81223 849167085
1 28210 29730 697365622
1 88476 55274 98160820
1 38543 31739 618765982
1 9975 51961 399258777
2 71632
2 32533
1 54853 84467 400124687
1 91277 95135 359203097
2 81342
1 96600 23273 893211781
2 97793
1 74321 51628 49869690
1 9344 67688 960755502
2 56184
2 33950
1 73177 14903 561589085
2 18393
1 27866 8285 972397469
1 32208 57098 803167248
1 99285 99648 797728682
1 25173 72263 29911616
1 37582 9334 343540812
1 85463 32038 964751383
2 98760
2 36602
1 98808 25720 513155751
2 73683
1 69199 99168 399824577
1 78102 14895 692735007
2 75190
2 68466
1 13353 46099 296285367
1 25171 66258 957191956
1 27659 69501 734891028
1 33583 85994 156345441
2 11099
1 5584 56878 546431358
2 14680
1 90062 94819 711524718
2 90519
1 14574 77056 890239108
2 56773
1 77292 96995 954124829
1 51835 48595 655391724
1 66463 97054 194554464
2 37861
1 60847 62373 359377381
2 78052
2 34029
2 86567
1 2338 51939 550783121
2 62749
2 48149
2 60850
1 27550 11341 610612385
1 63205 50456 526013154
1 31612 87819 463564125
1 62621 67025 819642108
1 2122 56039 73091336
1 27460 56828 541860894
2 12074
2 66940
1 90869 28348 694547048
2 34124
2 98194
2 94443
1 90752 72965 345269143
2 66450
2 70827
1 95415 81529 75679345
2 12964
1 39961 93656 313925820
2 99064
2 11968
1 20103 26399 90614938
2 80651
2 46199
1 68907 51651 952609491
2 1046
2 35907
1 37552 16560 466116830
1 53840 29521 196324572
2 40075
1 6341 8998 855083002
2 2179
1 92920 42185 769011901
1 90230 36317 625895794
1 14526 8985 712607777
2 6996
2 84194
1 79894 47893 44273143
1 62013 13882 364924193
1 54998 42139 797693831
2 35102
1 72204 97070 528028577
2 60751
1 79667 97931 219369552
2 17473
1 22186 38766 892953855
1 94169 24487 306763020
2 8536
1 54571 87562 778169841
1 82462 45875 381315457
1 85268 61753 764899015
1 26160 73425 411849147
2 17484
2 28090
1 23702 53544 875594117
2 89474
1 84939 58341 777957713
2 68808
2 99858
1 89621 62000 91184863
1 92707 25735 759308110
1 12461 85749 9071812
2 60224
1 87214 28976 379281348
1 72754 78504 86907590
2 54830
2 20292
2 68729
1 98773 72914 808127464
1 28800 76980 232615308
2 64399
1 45170 74910 816857872
2 3321
1 45634 27591 771997004
2 65272
1 24522 36850 757078004
1 76450 70323 686068915
2 21597
2 27761
2 3638
2 93895
1 21112 57213 806387327
2 62462
1 1999 12083 271589957
2 85337
1 89888 47656 482683591
2 28422
1 25668 83648 308867648
1 75340 86760 274268466
2 9170
2 90889
2 2660
1 14143 64521 512711379
2 99728
2 6045
1 16730 65555 385996610
1 45325 17190 679153649
1 72904 51403 669322410
1 65713 61765 371217083
2 20093
2 42865
1 46804 48501 774744692
1 48705 75654 44086516
1 96103 1847 465585171
1 45436 91829 771516838
1 24561 17065 658476773
2 81225
2 49606
2 30769
2 40873
1 53115 6475 429132166
1 68297 52366 999221213
1 25102 19976 183390819
1 1470 75649 212858688
1 20781 91140 461618792
1 8009 62275 36370692
2 47858
2 80886
1 38652 31318 933129161
2 69444
2 49001
2 68652
1 60645 16515 652348332
2 21595
2 43154
2 3026
1 14499 81249 93434686
1 94086 60974 275806869
1 80493 7777 346034772
1 54907 43957 608608015
2 96092
1 29876 77663 994547381
2 63855
1 77380 58436 305872234
1 96804 42544 694061830
2 14045
1 43351 43525 354209445
1 24155 11490 611735347
1 6036 42909 251121789
2 51413
2 61074
2 38851
2 94879
2 53139
2 74169
1 29482 92769 499273963
1 33385 70542 863178252
2 95272
1 69316 94087 881821254
2 18435
1 89738 2085 77767332
1 38902 99941 153421316
1 71376 37309 751873535
2 4294
2 96351
2 18337
2 79451
1 51233 16417 899479805
2 78533
1 39821 69853 791261285
1 44949 49978 827510206
1 32180 63673 252595396
1 58713 37376 483441050
1 43178 31808 273906975
1 59620 39745 829563734
1 48509 97630 486437112
1 57216 662 333973165
1 69750 59067 269891227
2 37073
2 25863
2 41361
1 90702 83896 452978428
1 2803 96655 603688743
2 82214
1 11138 8619 448260265
2 13337
2 98064
2 4752
2 46238
2 67291
2 70050
2 65523
1 83370 5288 598584660
2 15101
1 24350 92428 457480489
1 13800 36936 836988970
1 36036 51900 6452575
2 42039
2 88632
1 40379 66104 101468142
1 99010 17348 686025869
1 41785 8811 244183860
1 20486 68013 276298742
1 38254 63692 548849994
1 1261 10251 586761959
1 4926 62545 849053748
2 26868
1 26459 42984 820859469
2 33767
1 86160 68331 721101307
1 82687 64645 172837448
1 13885 16446 254327993
1 37201 20733 113696879
2 13403
1 49378 82661 378180337
1 47011 32364 373164208
2 75451
2 5981
1 14528 30774 113633842
2 62244
2 36350
2 23178
1 33117 57394 636242940
1 99333 83072 718336187
2 5001
1 22781 84242 664615105
2 4873
1 94612 64428 566304725
2 93140
1 96143 58490 673401096
1 84698 18222 35073670
2 2365
2 6013
1 16484 50963 633615618
2 68503
2 87702
2 94759
2 44329
2 37137
2 24629
2 66142
1 71513 77987 247389651
1 6481 46877 792760124
2 30507
2 26033
2 90215
2 8237
2 51032
1 82429 15323 716739545
1 22173 25752 941255487
1 18453 715 341990158
2 18769
1 20707 17142 351862415
1 90081 39953 649348560
1 77172 31113 670085203
2 28711
2 83581
2 78
1 40294 83913 327962989
2 15693
2 31818
1 40894 5714 313688422
1 35370 67546 561640482
1 38973 16594 808546639
1 17217 93738 336861644
1 23388 54302 774839463
1 38576 56850 204186527
2 87927
2 56125
1 36028 12089 498107288
2 11717
1 80122 30753 71195469
2 81440
2 10915
2 15330
1 48716 3084 474482347
1 90337 17461 215509187
2 22801
2 18805
2 42264
2 72731
2 13050
2 75887
2 85652
1 54359 82504 120225269
1 92210 64345 845977490
1 49141 67835 460916446
2 18460
1 28301 79170 197873145
2 75427
1 50007 49112 523243117
2 24853
1 81648 3756 440315668
1 74577 88658 15284698
1 30908 49307 957272155
1 80398 54542 728757503
2 79051
1 31538 23388 345926833
1 66547 58713 750393003
2 81707
2 81813
1 61171 62770 245659084
1 60575 44177 689034509
1 40518 85686 98250345
2 6388
1 16923 76443 380420569
2 70835
2 97753
2 17304
1 52095 50493 523735895
2 77644
2 83115
2 16217
1 12549 74933 63854156
2 51453
2 18717
2 46879
2 22207
2 41285
1 95724 49275 438955811
1 61390 77965 554931746
2 96287
1 47331 21822 599817143
1 82183 52602 344399266
1 8438 74056 18080420
2 13331
1 10649 72710 721519420
2 28219
2 98631
2 14677
2 25080
2 8376
2 13550
2 23808
1 40372 79695 133361838
1 57699 31468 753493905
2 24353
1 52914 25709 934019609
1 88779 97596 618312585
1 90057 75090 739966735
2 34586
2 8236
1 10065 51906 285876978
2 37404
2 37328
2 74801
2 97487
2 85110
1 15036 1486 146526123
1 65660 65448 601637665
1 55331 87741 767905651
1 50667 59152 943418662
1 32482 7300 334246587
1 862 85098 381773846
1 63534 70945 527468616
2 1566
2 57169
1 85085 10135 578533771
2 70396
1 18900 9451 183972753
1 98590 13212 753645879
2 91495
2 92139
2 91863
1 48854 34362 885889863
2 15577
1 77163 3730 193606817
1 51435 17518 611765707
2 86671
2 56726
1 57850 62312 687847628
1 51015 39234 945071842
2 39333
1 73678 65295 123248773
1 26591 52053 204075596
2 32692
1 31345 81242 370231834
1 7653 81447 909175460
2 97076
2 81228
2 67789
2 79230
2 22609
2 34827
1 89511 23880 372956534
2 69938
1 81388 64909 714196840
2 17651
1 97107 1343 738243719
1 13056 15761 800391029
2 20912
1 91681 85432 424981850
2 56886
1 70842 23984 52701349
2 32959
2 68205
1 52131 84947 287912326
2 10603
2 38238
1 28061 54127 278900576
1 91633 10780 94532159
1 84038 28561 218756120
1 26398 46055 26386444
2 95917
1 96986 90975 463236690
2 81259
2 32379
2 76673
2 4981
1 21638 21057 612628893
1 44447 8567 595213784
1 19663 20128 864324894
1 73330 19837 851968678
1 57833 7389 677504371
1 51042 29534 161753258
2 22537
1 27165 22773 941968602
1 60381 57109 787976717
1 58634 35323 761027267
2 9193
2 89698
1 42971 71463 978626495
1 56395 53672 579962250
1 20255 59926 541732227
2 29608
1 15208 6400 566990402
1 56929 8971 10501328
1 81887 25478 11289232
2 27503
1 27746 4544 640100280
2 37877
1 53529 65999 467663608
1 66755 56602 450525714
2 41144
2 91724
2 69254
1 5842 18378 853880731
1 26222 22580 820345075
1 94314 75351 252770119
2 24518
2 62979
1 49162 51843 519984440
2 2579
2 68686
1 72321 2298 307676987
1 39888 13915 104181383
1 64746 28821 547682014
2 63610
2 9446
1 10999 68877 253986020
1 67999 73807 178470313
2 56060
1 68525 59335 387053159
1 5649 46452 634086657
1 26067 12557 319187297
2 81954
2 51776
1 86732 41937 424195127
1 70447 77240 975324845
1 77823 90343 234739059
1 32839 27126 893949170
1 94834 82224 44014690
1 69790 6998 90928421
2 88690
2 21214
1 98242 62080 606318473
1 97539 48699 78227511
2 6185
1 1932 48761 120202653
1 30761 52073 667757170
2 98046
2 71633
2 80662
1 26307 22930 761383942
1 45493 58338 1314040
1 89927 7735 900421916
2 10117
1 96668 99926 599210532
1 42908 2544 677952848
1 48549 52409 593540752
1 43226 14961 122455045
2 20307
2 30666
2 49232
2 54515
2 9352
1 53668 42217 609682665
2 99765
2 61857
2 64627
1 21856 20022 396874897
1 70616 27493 345296706
1 39732 77278 853006707
2 45950
1 60923 14656 875807793
2 99823
1 36621 76418 87981840
2 34409
2 4160
2 24747
2 82498
1 43702 41938 529593281
1 30387 32516 162797915
1 60047 30100 265085792
1 58576 76483 758650640
2 63641
1 40505 96823 724179897
1 24711 34768 824658488
1 79086 93965 531430537
1 88149 36175 380916534
1 6907 41490 457158671
1 80899 42578 225764782