2426 611353394
1 51806 18794 64216369
1 87577 73774 351747745
1 64804 61104 367388942
2 3824
2 35952
2 11679
1 6333 54664 594975508
1 20674 23707 510980718
1 63353 51555 945231842
1 3244 46637 249038307
1 650 35358 850426964
2 76904
1 33120 37596 107671794
1 13332 49265 404065985
1 44342 63501 122390425
1 73964 95835 573306570
2 31897
1 75031 32199 688299594
2 88422
1 45445 86183 281471381
1 58676 82529 217165216
1 70900 74877 630134241
2 44287
2 32972
1 63375 60092 84513981
1 92026 42961 377554859
1 52450 38167 885784115
1 80351 17714 463073369
1 95321 36199 366291032
2 71308
2 13907
1 32911 99194 364418448
2 6239
2 17181
1 71371 18308 586568711
2 1172
2 50642
2 65266
1 20514 91689 651019328
1 75199 27208 485570823
1 30214 84440 630697659
2 14783
2 18864
2 59816
1 64904 64582 634106899
2 68943
2 72270
2 121
1 57210 13810 941139751
2 40139
2 12184
2 4406
1 14637 31751 689432739
1 99009 7708 495994154
1 991 44386 71231606
1 36917 92456 482376870
1 44457 19683 871294905
1 17885 2871 826200754
2 90602
2 49705
2 37128
1 2803 13305 453295789
2 252
2 69476
2 68083
1 97692 82626 118293249
2 426
1 84486 40325 482057056
2 98074
2 40734
2 60725
2 12142
1 12290 44435 34095634
1 67856 9411 465461819
2 36613
2 62186
1 67110 52501 448946868
1 98060 17602 962858294
1 9033 63849 622711040
1 24301 282 625612193
2 63268
1 72286 76875 518439138
2 31645
1 76086 24742 278599406
1 25595 87575 659839765
1 70658 639 451682605
1 22543 51613 448664240
1 3325 48749 861459946
2 16612
2 98747
2 786
2 13492
2 63276
1 81564 79594 267160487
1 86551 22121 931324970
2 10395
2 48878
1 75977 79355 818098799
2 47068
2 4865
2 55011
2 6231
2 80801
2 78246
1 2543 24096 419073220
1 36015 93701 124331451
1 29219 94425 246117011
2 53199
2 89167
2 57960
1 61253 12486 904594464
1 60971 53718 880210076
1 7029 14458 257405851
1 20418 68635 448232467
1 17187 20549 531462792
1 38224 87071 315885410
1 95044 12905 633155595
2 1935
1 97654 61451 556459054
2 88174
1 51826 88163 823013688
1 18695 57438 720686081
1 16588 10784 782001556
1 31004 64969 244142815
2 53274
2 37876
1 7967 74040 936819597
2 8811
1 83000 69542 655097680
1 50353 90490 192560800
1 84467 58483 845604910
2 48287
1 97784 43738 638953004
1 79389 47718 891200368
2 89580
1 26580 64617 947251642
1 98727 96634 380176128
1 53036 14893 953279639
1 3377 10834 314844982
1 14657 64686 678739972
2 888
1 32296 29921 8208663
1 93050 9120 477076879
2 13563
2 89842
1 92845 99951 27686167
2 89601
1 65842 77194 240219561
2 2439
1 74741 21877 903226960
2 22321
1 18528 86320 467470923
2 97324
1 15544 14388 213473174
1 90858 1776 530926998
2 30760
2 15643
1 31291 87134 117743062
2 35132
1 28165 41562 244534931
2 630
2 84902
2 7759
1 4491 61944 434783137
2 47811
1 32719 35974 336908045
2 93729
1 61823 99501 779798715
1 3861 69532 902041549
2 50634
1 13612 34841 9241672
2 48671
1 77986 27414 743489053
2 85892
1 70235 10481 692054655
1 17388 15993 527010646
1 44723 43443 732647932
2 29108
1 51583 83055 811688203
2 84369
1 53989 96897 568059795
2 56559
1 3942 31035 459700017
2 27017
1 55183 61629 750489443
1 42713 11522 681007201
1 70770 42834 837674824
2 70299
1 90016 96408 313849164
2 67154
1 68235 71783 585254962
1 24300 4412 699476469
1 67443 80677 332612771
2 17657
2 8681
2 35403
1 86106 59180 205113050
2 60999
2 41616
2 23779
2 73130
2 44328
1 75119 83789 321238535
1 68369 89285 339914666
2 11795
1 83013 58074 480613731
2 97141
2 18405
1 46293 48256 977772213
1 65722 72613 769253170
2 74390
2 77821
2 67754
1 67923 35267 463471865
2 87127
2 30851
1 25721 42301 108138252
1 2685 86210 236042245
2 18996
1 92440 87105 158721831
2 31419
1 67981 91501 836772293
1 13143 76769 271949652
2 28594
2 35010
1 85010 10939 976091259
1 44280 92910 337453985
2 10953
2 80543
2 8537
2 79816
1 11662 23739 759254768
2 92351
1 94368 5007 125640932
2 80162
1 65287 35815 994474575
2 74545
1 81364 65396 808279202
2 91974
2 96084
2 53145
2 65867
2 12330
1 68988 48694 245573900
2 59027
1 48370 30426 340705192
2 87171
2 66701
2 8606
2 90679
2 60033
1 38389 25542 525327876
2 45872
2 66618
2 68347
1 90788 98311 788007549
1 49987 61025 970086010
1 41320 71645 112498919
2 317
1 62041 77581 870446029
1 30954 98847 248814044
2 62890
1 10236 48805 184594412
2 87199
1 14778 44739 107668142
1 62089 91590 975996300
1 35548 99402 979624340
2 28426
1 79717 22402 168849143
1 91642 79534 61928536
1 61074 30761 228313843
2 47323
1 25887 73825 665334006
1 46863 24653 30751052
2 33426
2 60961
2 80662
1 93202 51602 769393961
2 38511
2 81817
2 39765
2 66447
2 4963
2 97178
2 8674
1 40725 56051 833396336
2 74975
2 66654
1 39268 16862 571240112
2 65438
2 8576
2 72617
1 82226 55063 581615754
2 80350
1 73269 64558 16085878
1 98156 61682 503468523
1 22519 78686 595171060
2 11539
1 78384 84341 601858767
2 3096
1 72746 76483 3816625
2 90923
1 31466 34177 290270140
2 9590
2 51874
1 78488 52322 476048542
2 66125
1 18838 97962 390161131
1 44468 60950 718215635
1 46569 29311 130295466
1 75912 18924 970514261
2 3563
2 83917
1 82463 64503 798375852
2 60659
1 45833 69495 342498165
2 96820
1 79436 87988 397654259
1 59845 42957 753292293
2 91525
1 88364 66040 551855722
1 27015 66174 356355706
2 59385
2 28891
2 1277
2 17790
2 92033
1 59171 31970 687766771
1 44785 49908 382029924
2 5135
2 12689
2 19681
1 11838 64314 219348001
2 54612
2 74235
1 64646 38256 301691713
1 21054 61627 354918213
1 31296 82918 182407011
2 69926
1 76678 43165 25281088
1 41712 92595 224994374
2 31794
1 21715 31265 813526291
1 53550 71607 546683484
1 19986 75688 923382765
1 15640 35932 283470724
2 92807
2 6357
1 19435 14114 572811138
1 27383 27047 508758340
2 49821
1 72662 94953 406688824
1 29854 78972 528888975
2 93607
1 41148 67154 872492595
1 21997 24818 569810518
2 5703
2 51950
2 39484
1 4996 29962 798837045
1 52549 97897 533941876
1 73350 38717 2054144
2 85495
2 37035
1 93226 26768 666332050
2 63016
1 71876 29042 238553183
2 47634
2 20788
2 19507
1 65952 64576 487182087
1 63494 8937 46385170
1 21658 26068 267797918
1 48426 12928 933081305
1 60447 48579 398408039
2 80426
2 23605
2 31672
1 35388 49445 991128526
2 5546
1 60503 85949 101471531
2 32946
2 69704
2 48702
1 73317 43747 457312340
1 68564 88646 348398637
1 97964 44887 43635427
2 19228
2 34467
1 83422 65091 243611049
2 14796
1 67335 22470 583496461
1 91787 49106 350181700
1 90025 68481 24784374
2 53636
1 53945 60446 15078529
2 54686
2 60225
1 71989 80443 35295375
1 68017 77197 713918986
2 96325
2 80700
2 21022
2 90416
1 64268 2780 222027502
2 50332
1 76543 45949 433823678
1 3108 54832 998583881
2 48321
2 88317
1 49967 11823 457961997
2 53849
2 29693
2 89532
1 11511 73050 593295669
1 63619 2475 336318352
2 77974
2 58706
1 10598 55838 160998951
2 87712
2 32459
2 44148
1 87397 7678 637920335
1 3089 88030 973091932
1 98041 95197 96722176
1 10762 94864 209569970
1 28158 16591 719216781
1 79417 52618 384836384
2 37921
1 81103 81352 321465749
1 94523 88239 818149361
1 31321 49722 455533769
1 75984 77285 33429536
1 21530 86064 343099435
1 60783 652 41535976
1 63038 27783 117199468
2 54854
1 79050 62336 471514545
2 66055
1 30042 35270 471133755
1 25562 13051 885811133
2 6455
2 66708
1 52205 11282 503359580
1 9606 30678 715434512
2 94788
1 47745 88745 719120827
1 46569 52641 357056784
1 24893 49620 680126584
1 22281 24113 958426876
1 94372 17617 308340568
1 66009 53482 316315877
2 65291
2 59574
1 61965 47264 710676735
2 7960
2 41987
2 18664
1 37505 10509 779563813
2 41233
2 35927
2 47775
1 24678 70078 269813389
1 56208 53339 739781456
2 96912
2 56080
1 49211 92490 94101666
1 33434 87913 724951381
2 24646
2 72851
1 33572 45159 720798857
1 71580 39900 808044865
2 33611
2 76742
1 78024 93619 662663395
2 77247
1 60815 45283 874000222
1 43669 79348 488228764
1 51368 5042 669723
2 52013
2 15498
2 65766
2 69682
2 12076
1 42427 7281 995543990
1 67874 78826 81897602
1 47389 32376 58165393
1 49043 13390 844919758
2 1865
1 15859 53591 268754817
1 72872 97272 986346022
2 4167
1 79768 48035 881407153
1 15941 98008 828403099
1 93030 81626 767310358
1 84764 40880 298521619
1 46330 77547 648189959
2 92947
1 81879 3838 88309500
1 42990 99548 104214262
1 19490 2313 265477810
2 14084
1 25382 76329 86223418
2 52792
1 33068 13162 281917269
1 6837 54645 855350699
1 77528 17174 646052854
2 51825
2 39905
2 15070
2 42553
1 24219 60423 919096617
2 22386
1 55069 57485 672020717
1 25844 8913 2855012
2 63897
2 72982
1 52371 53673 167609664
1 31051 3294 808005970
1 18387 61592 586050329
2 7627
1 6195 79011 720897496
2 83706
2 56661
2 39820
2 46371
2 30072
2 19706
1 654 4790 542767517
1 48778 77331 578201366
1 33954 55494 282672669
1 5566 94930 84603535
2 51508
2 47338
1 24869 93774 493541968
1 24496 56124 561475974
1 93781 7885 194249371
1 11545 52656 835470721
1 77493 39515 927320441
1 79777 56556 740892969
2 38111
1 76261 59628 625454199
1 94117 23267 446770293
1 44845 83579 283712747
1 63083 96720 130453689
1 15308 37034 258782529
2 80187
1 89683 99357 483405085
1 58463 83751 93461219
2 31323
2 68332
1 47732 97328 731637218
2 19121
1 95705 66710 926757213
1 16810 8979 868522052
2 65157
2 52525
1 83538 74624 105665596
1 64411 73303 971405834
1 65259 86798 683345647
2 91561
2 45476
2 82697
2 14916
1 78072 1075 765622470
2 3142
1 33139 22288 715137869
2 31659
2 27894
2 43122
2 90522
2 70994
2 416
1 19444 62676 154011947
1 14199 27789 862724312
2 5857
2 19554
1 97491 26393 128324597
2 22572
2 52449
1 36483 80941 56770502
1 68485 84105 627391408
1 30301 23354 816414925
1 82832 62386 330530653
2 5291
1 34785 47700 631585141
2 57581
1 33828 62796 345629693
2 99956
2 33561
1 60223 80810 857749983
1 21196 74944 332041522
2 77736
2 63657
1 23199 65711 833326263
2 10925
2 14135
2 13518
1 37452 94526 132647744
1 27339 75028 469227740
2 77409
2 50870
2 84692
2 70935
2 70178
2 77391
2 2218
2 33576
1 87217 52728 830945073
2 65433
2 6349
2 26226
1 88797 57667 53790465
1 57728 5208 712534405
2 13473
2 64491
2 18403
1 63974 27657 812524221
2 38609
2 32797
2 46692
2 59055
2 45685
2 82575
1 54876 96509 964943806
1 62277 24733 141549886
1 93888 1109 634448396
1 17676 43995 490917942
2 42146
2 69593
2 60198
1 42524 86103 660688364
2 88162
1 48275 32162 310800754
1 15584 99385 701190776
1 61360 11939 811406713
2 31671
2 9105
2 95941
1 95468 31318 339555615
2 43833
1 43369 73990 286503008
1 88402 8522 206683897
1 33038 44649 759784619
1 84892 6616 711923215
2 90344
1 2215 58793 226160174
2 32176
1 52950 73759 516909068
2 95639
2 93017
2 84560
2 4636
1 83978 7658 457534628
2 5507
2 96291
1 71713 36034 705179373
2 33175
1 72576 13660 948511521
2 19021
2 61491
1 50552 15202 995309230
2 74902
1 17534 58857 930650252
1 18745 95131 665367179
2 61399
2 58073
1 9261 79738 814071994
2 55043
2 82588
1 68091 47436 827707802
2 38621
2 8937
2 94531
1 83721 57919 782327836
1 54533 26959 642786078
1 1882 36 445023049
1 24246 81049 486049133
2 77901
1 553 82722 696341279
1 57611 70283 673852868
1 92579 73124 580612814
1 25112 16721 462133982
1 10688 85390 566416027
2 35323
1 91042 87904 653102699
1 47268 13897 715085083
1 68783 9791 945258777
2 39581
2 42949
2 90193
2 60966
1 7234 78273 164978025
1 6201 26679 545797402
2 92798
2 17915
1 82399 72980 574237244
2 8403
2 30360
2 6862
2 61676
1 26297 8645 738144289
2 57149
2 59246
1 73144 14297 422172542
1 54256 14544 536966240
2 22733
1 5423 48033 613827714
1 9480 94144 321815401
2 23576
1 90915 24491 245515219
2 91745
1 25130 63622 386160512
2 91263
2 36275
2 11769
1 60578 10858 516495069
2 48339
1 67480 77050 39784887
1 48198 77363 811424731
2 72390
2 12054
1 74385 49130 330561405
1 22299 11687 22583441
1 90741 24583 452081725
2 30970
2 81837
1 29635 31950 560224551
1 18323 42321 661198182
1 78302 25512 44988836
1 84948 73539 422438049
2 55450
2 66715
1 97883 98213 521968227
2 54210
2 17699
2 13460
1 27836 24896 556503148
1 97734 61955 635479977
1 3599 41019 121635655
1 43430 54263 735899507
1 52817 20782 728482259
2 13078
2 94895
2 63758
2 24105
1 52779 18818 259336211
1 69768 70667 905251660
1 73071 32989 628206468
1 66754 68976 327927491
2 43451
2 52431
2 47885
1 71058 72146 697179576
2 13723
1 50527 89110 109621792
2 38429
1 73268 16978 143357770
1 80914 49583 203340874
2 92793
2 16977
1 65610 41060 719163117
1 86212 16858 77834709
1 49600 86765 671066015
1 57304 69319 725329029
2 18958
1 81666 92587 327473220
2 45883
1 46547 9306 492590948
1 19395 50830 240884182
1 79605 41785 932373174
1 29002 19966 601048907
2 58916
2 71551
1 70583 98497 193904767
2 59885
2 16019
1 76335 70471 624098637
2 93976
1 61666 26794 140013299
1 14071 13031 210345867
2 94174
1 36770 12440 931907861
2 42842
2 15779
1 63798 22208 575353998
2 70387
1 39450 2960 611052388
2 70566
1 33463 66647 396888912
2 68397
2 78245
1 97051 83215 359203227
2 85094
2 89218
2 77300
2 12595
2 56628
2 25659
1 22988 65859 932272418
1 79585 38996 428983645
1 49876 64364 515633492
1 66965 29087 483362332
2 95619
1 78578 44786 588969652
2 23383
1 41310 2119 458056341
2 89782
2 33137
1 23477 29073 924103425
2 69724
2 87697
2 53345
1 9080 67023 559457530
2 71783
1 54951 2382 891400618
1 10372 78029 491642661
1 3125 80223 390973121
1 84208 41386 628555926
1 96890 52886 968652719
1 63698 49638 568666288
2 45845
2 79375
2 80637
2 92233
2 19123
1 48375 33179 68027524
2 84670
1 72145 9967 784023526
1 51883 48652 89116118
2 9492
2 40545
1 75059 93590 590315271
1 37884 89253 565011764
2 3433
2 81248
2 15695
1 73450 35947 553365495
2 52445
1 66003 28928 540331633
1 72274 91082 95157715
2 37380
1 25396 53284 976062530
2 37747
1 82971 86457 70463043
2 69019
2 60017
1 74393 17823 506858426
1 34693 33172 32290465
2 71129
2 68441
2 42253
1 12476 36843 757893168
2 70867
1 89986 58858 488714771
1 82054 81835 178631125
2 43163
1 89016 94644 520637380
2 12795
2 48693
1 86901 464 520109765
2 37304
2 36111
2 99513
1 58055 41066 840724151
1 40479 36407 915328571
2 42960
1 78015 17209 801925879
1 13390 3032 517219943
1 7843 39022 906437106
2 94177
1 6899 60452 799460725
1 8806 78758 141050506
1 47955 73485 197815355
1 83970 77123 756671782
2 26518
2 55149
1 80936 22650 887526157
1 72251 32437 596024596
2 41928
2 11691
2 21839
2 59326
1 31772 73511 100292708
2 20729
1 13220 84081 340749353
1 98549 4037 692917100
1 1898 97315 495014037
2 99928
2 22990
1 73976 92309 340014942
1 28711 59323 831263884
1 49602 77218 425245764
2 358
1 90796 4154 259329728
1 15752 93192 800828258
1 84904 92725 168302171
1 19863 20539 199685215
2 71916
2 10195
1 19413 19504 252053910
2 68743
1 51259 12761 541685475
2 70178
1 34083 51999 334701028
2 24556
2 13158
1 26382 47931 503931408
1 68518 9175 779593538
1 69138 21627 224732178
1 8409 73713 914842447
1 43164 72454 954830553
2 31063
1 66438 19567 916787102
1 9796 45754 244388390
1 93131 70941 660996568
2 43956
2 93904
2 31729
1 49746 87992 867877158
2 77994
2 12316
2 80162
1 92132 97395 316730797
1 31365 54868 964211236
2 87397
1 41932 47158 700338972
1 16682 48312 241183752
2 60967
1 34218 14452 423549296
2 72043
2 54834
1 41027 48439 797638117
1 72367 45641 667085506
1 16739 14139 442424939
1 26333 57982 74298801
1 27284 93921 279570968
2 26351
1 71675 27959 495791434
1 38148 40419 188814894
1 12570 24348 941791284
2 56157
2 41954
2 25790
1 16428 74182 765942558
2 37169
1 14445 52032 29619113
1 45577 810 397370671
2 93360
2 13892
1 63444 29716 857869284
1 23295 69180 307317157
1 28843 79270 289089624
2 28674
1 14083 45982 570301918
2 88627
2 38127
2 81930
1 59482 14290 845271823
1 27914 28977 979223914
1 78720 82952 528218493
2 58610
1 26824 74775 119338356
1 68882 81803 107494706
2 2824
2 54891
2 82469
1 37828 34573 767270591
1 47752 32455 975048317
2 3800
2 64869
2 27387
1 41404 34681 253038214
1 23713 41998 567943625
1 13400 9174 567224507
1 97397 67174 936462309
1 24509 66476 898928774
2 76365
2 5927
2 97572
1 15834 41111 253396997
1 29516 58878 373329187
2 84183
1 79253 78655 345125781
1 69808 38291 934287558
2 61127
1 53935 22300 539268461
1 10117 98538 232066972
2 4623
2 28385
1 57250 12520 845610668
2 97385
2 68367
2 63455
1 6699 8564 884822668
1 75037 24644 823556638
2 17114
1 52008 32731 450582883
2 7826
1 63882 92783 837563180
2 8746
1 30296 89257 165797735
2 88850
1 28460 73836 230425637
1 72917 16260 961452024
1 60823 72391 18960753
2 45076
1 62234 80967 789000961
1 99915 64142 149650633
2 10709
2 89797
2 16721
1 39949 42335 138693534
2 40054
1 82930 89931 987044325
2 60563
1 41491 74969 802275701
1 55312 46113 845802536
2 38800
2 55936
2 76193
2 60172
2 28929
2 44295
2 13159
2 58437
2 49579
1 54068 80646 257553520
1 13864 1860 98116669
1 83002 17211 601750169
2 45475
2 64061
1 64112 68044 2032541
2 88270
1 40307 87925 300042113
2 53708
2 2923
2 37807
1 28802 11731 400668906
1 31245 54270 967899630
1 62344 30009 455105470
1 51602 64510 174113768
2 8625
1 23274 70140 451211526
1 38743 53981 385513415
2 43249
1 98264 98169 366821168
2 79320
2 86787
1 46117 57857 371639821
2 37618
2 49546
2 12682
2 39589
2 66929
2 48453
1 63956 9638 917981125
1 14596 79861 946281761
1 1438 99372 592048503
1 43589 66013 580592799
2 8801
2 99618
1 71565 38692 443581714
2 99818
2 15146
2 99940
1 51483 20103 794594404
1 46628 8234 677589252
1 72570 25190 157301509
2 60504
1 15708 93632 554985816
1 39813 65440 359735961
2 20488
2 17552
2 99606
1 83837 71955 908197834
2 10466
1 88771 34127 766044766
1 3128 82325 440145535
2 48142
2 25091
2 86512
2 53833
2 35162
1 43828 3007 56664147
2 71973
1 12482 5603 661799843
1 19709 96832 789770661
1 29695 1135 893273976
1 42058 14252 988943824
1 74474 59417 782690299
2 80523
2 64114
1 63191 6381 767077062
2 61332
1 62941 30758 697724254
2 54509
2 25427
1 67485 12726 621231471
2 35
2 7185
1 22698 61617 534164961
1 64149 12836 207051038
1 98064 66442 583005156
1 278 77519 585041678
1 10257 87819 35656536
2 49756
2 63222
1 65424 99564 232797878
2 46785
1 58875 53380 914747660
1 97026 56016 523650863
2 47710
2 24175
2 25048
1 99507 91624 722888568
2 5222
2 45814
1 67638 33790 576992475
1 58410 94655 594063492
1 9832 69631 79312466
1 25834 25583 920943313
1 69593 73578 148251380
2 34358
2 16385
2 1892
2 66352
1 61908 68759 231711749
2 29835
1 15334 21808 199544555
2 25431
1 38140 71462 415138450
1 58856 2055 662763993
1 61598 77802 416573827
2 35372
2 82255
2 33801
2 35644
2 48663
1 9137 68647 147996204
2 43722
1 76431 14557 541961957
2 442
2 88015
2 71484
2 22834
2 3123
1 58055 25051 827436888
1 58677 13760 888263258
2 24059
1 13041 12304 830721268
2 79659
1 20939 63101 60800095
1 71474 86601 310052398
2 91202
1 70748 887 124250762
1 27637 26725 146537387
2 56818
1 13821 39184 986083554
2 72659
1 2246 77729 842427643
2 44840
1 50253 6878 624821534
2 82566
1 71071 83924 982510531
2 71566
2 92149
1 35423 56867 201169744
1 77449 19258 741029537
2 65502
1 32982 14839 176508248
1 83104 44792 679825460
2 65256
2 60502
1 22573 28254 815572532
2 97751
2 53525
1 5948 35902 661206825
2 2192
2 43740
1 54807 35924 142114491
1 91549 75072 209898061
2 67972
2 25043
1 20237 76752 248071174
2 82839
1 19266 23148 977238008
2 38352
1 41765 22569 556042028
1 70674 72883 840300933
1 53041 55608 123718147
2 43149
1 62390 38875 330505029
2 85484
1 80667 62973 822083224
1 75773 13295 16838497
2 52057
1 12689 17516 206409708
1 17531 43707 124575061
1 76902 59638 630874174
1 99454 72171 631177400
2 30468
1 40052 38649 105523047
2 92083
2 69101
1 86754 46574 684052507
1 97327 2705 627774907
2 25968
1 67726 40913 902115167
2 90152
2 50030
1 67224 91670 72512937
2 786
2 41423
1 65191 58467 537505836
1 55048 10346 485513703
2 41217
2 73690
1 48669 17143 701711714
2 23595
1 6800 80701 875842802
2 20307
2 83140
1 67079 94919 502938340
2 93683
1 7744 60924 70063846
1 69233 86871 345422641
1 91181 26854 289848320
2 56763
1 39473 46135 272612569
2 11104
1 20553 89532 109761724
1 5284 20374 98101522
2 48971
1 87885 41431 677919381
1 9053 86032 619202503
1 43308 29444 45522467
2 98361
2 35355
1 26743 2056 291634512
1 49886 91275 300343696
2 24939
1 61985 66149 396906233
1 4251 23289 483056630
1 10726 73602 2529857
1 38774 84646 41771073
1 3492 89319 949699012
1 60740 9887 618464007
1 12559 3154 240137370
2 57173
1 32134 73279 920451782
2 42929
2 94857
2 64791
1 78780 77082 547387067
1 77401 40960 601283929
1 19709 46503 564553858
2 66083
1 39457 56699 714315749
1 41319 81058 317587221
1 74837 89987 256432120
2 86123
2 3213
1 3352 29903 356767952
1 6842 70895 342988000
2 96784
2 79868
2 74593
1 37599 5051 613421420
2 42933
1 47593 99951 751499823
2 48849
2 15944
2 5208
1 73157 41661 271763396
1 82303 49272 716909749
1 74116 51078 568237213
2 35292
1 56132 98616 943734984
2 36374
1 65637 30942 895851696
1 37969 11214 313693892
2 29101
2 74744
1 41427 18821 343608415
2 91040
1 98423 54649 908845249
2 26317
2 94864
1 82065 47891 483142062
1 38825 88083 427562984
1 67586 22550 590606703
1 91332 79892 4355960
2 42212
1 44842 30397 186179552
2 4875
1 42965 46261 225093394
1 84357 21252 682081699
1 44402 44592 25898327
2 6839
2 90413
2 54747
1 31658 87294 461612864
1 48794 94141 980599570
1 32558 97713 494785084
1 12496 2593 958706588
1 33862 52484 711113546
2 61176
1 64517 93635 620036890
1 73087 10234 713625616
2 40851
1 37213 78838 845342009
2 49736
2 22607
1 99764 22142 821851971
1 89526 81058 870985065
2 15416
2 64366
2 22337
2 87162
1 43465 59250 645437165
1 46695 19627 393166498
2 14821
2 90339
2 75362
2 53279
1 61681 22672 485709067
2 89217
1 32768 77569 387590136
2 84688
1 18008 25903 174991419
2 57061
1 93132 61099 701255642
1 76762 1404 537611797
2 19374
2 81678
2 30688
2 57712
2 42190
2 34424
1 12778 23130 552264510
1 82966 52806 27053350
1 98101 76633 373475982
2 92087
2 25153
1 56159 7629 842189600
2 84375
1 99702 76121 312688991
1 92231 57119 167758749
1 65683 29673 765495620
2 43636
2 21114
2 82654
1 46563 11300 939795228
2 45676
1 61556 39865 832682544
2 3537
1 55736 32337 914223421
2 73087
1 90106 84639 445374174
1 69795 43264 455336752
2 65723
2 5349
2 24100
1 35671 96322 279029958
1 22398 21485 318566754
2 85844
2 18181
1 2885 99795 178892747
1 71119 51739 650840433
1 80310 49789 243405627
2 62313
2 75561
1 39675 51983 149816030
1 5662 80093 66472536
2 61850
1 95468 42708 818976674
1 26227 58603 555240893
1 87783 53964 790590910
2 44208
2 28507
1 52800 8716 519275728
2 34771
2 99773
2 68097
2 46724
1 57529 97209 162594938
2 68627
1 37788 28202 198757768
2 25991
2 42117
1 62547 87718 182749204
2 9594
2 85831
1 90557 18790 23912082
1 63192 3291 317014382
2 75571
2 95017
2 68820
2 67414
2 59057
1 31358 8047 97864635
2 81230
1 50272 7625 143609892
1 5287 73508 936418463
1 6808 37844 771982829
2 52811
2 66786
1 31304 72988 610894200
2 23158
1 59216 36653 314535307
1 35379 36708 32462299
2 38094
2 18964
1 68274 74048 470697754
1 56093 38126 510608396
1 58663 25659 990010917
1 63153 72813 299921428
2 11559
1 31374 12113 912001058
2 5908
1 94691 7 725555381
1 28438 48687 737928603
2 43752
1 58016 83370 948325741
1 69966 55552 972978460
1 93485 88043 689435581
1 7522 53166 620525533
2 90907
1 88641 57827 862140821
2 33319
1 75308 60632 697394062
1 13517 92400 751113801
1 96761 80509 982353151
2 68529
2 35696
1 20670 47847 231557405
1 15140 38359 192302739
1 6018 15946 672482394
2 59647
2 71384
2 6570
1 79363 36460 506716517
1 76486 26584 326315920
1 2254 69458 167085930
2 38410
2 5282
2 1231
2 108
1 33232 31770 892906741
2 93652
2 61444
1 50498 30490 305572335
2 41087
2 18978
1 60230 6092 719971381
1 65411 46047 473566127
2 38790
2 78022
2 385
1 31470 4683 915285826
1 79878 5044 473574198
2 22008
2 8517
2 48972
1 3549 21686 576639279
2 49519
2 77228
2 30552
1 22056 36911 206844642
1 15528 67425 933448231
1 68340 60416 934834159
2 49569
2 54408
2 35382
1 22243 81337 304947431
1 62193 42301 913132004
2 22684
2 37971
1 14312 2517 519897614
1 35314 79235 598125494
2 29498
1 99966 75793 786027104
1 25960 27333 987086345
2 62380
2 43761
2 99064
1 49711 39619 861805093
2 10018
1 69155 47690 460842602
2 98400
2 54893
2 79220
1 46677 57432 547702536
2 35327
2 9491
1 91704 92873 18073793
2 30589
1 61738 12192 273252190
1 40383 51334 216281231
2 22834
1 24094 38451 185575446
1 58986 70501 15827401
1 52774 64197 130018127
1 49042 52966 191636972
2 17329
1 94535 40357 732755311
2 46644
1 99257 87206 143117404
1 718 55603 593883297
2 15909
1 90597 11917 823399392
2 14358
2 43977
1 57894 34758 725265159
1 15814 76504 906069371
1 92464 26530 33006107
2 26925
2 55356
2 24650
2 43754
1 36680 15916 537467847
1 11607 46651 295964849
1 37143 65782 871879468
2 72540
2 25783
1 57697 29533 718113568
1 42164 15534 133346174
1 95252 60776 808464834
2 350
2 57505
2 11401
2 81670
1 86683 39016 908440590
1 82891 7695 508587429
1 34161 48603 376285432
1 91312 86624 500008663
2 80936
1 41957 89851 249900696
2 71728
2 28364
2 21598
2 35944
1 77688 95096 70026969
1 60246 97638 846523906
1 44314 5022 69635433
1 73943 38289 593217944
1 20468 44284 708208405
1 95768 51981 318513355
1 16227 36615 467086351
2 27633
2 36397
2 81701
1 69027 27653 5711828
2 29056
2 4985
1 75685 52775 106604138
2 28264
2 38496
1 60830 21484 298529758
1 75611 67015 395035495
2 93589
2 3466
2 25185
1 33383 52025 898331298
1 61531 11539 539992860
1 77827 31096 407305702
2 87038
2 77406
1 71161 3607 72903700
2 42960
1 93823 32779 2007027
2 73809
1 43857 10428 735959733
2 4359
2 26451
1 97637 66555 804773684
1 36459 60007 778041362
2 11679
1 38982 68816 381259683
1 77801 16774 660688959
1 85394 89824 988134444
2 20439
1 72696 82981 360096295
1 44875 59790 615661957
1 14803 3666 683714426
2 48715
2 88134
1 55291 24934 157677601
1 57711 39781 202327892
1 79483 13825 44563214
2 63402
1 31527 20024 623057326
2 36790
2 12004
2 14487
1 56965 98823 369573081
1 84777 94557 352032631
1 47388 84781 589990737
2 97471
1 34069 51326 953162464
1 66116 13221 191489969
1 97816 55633 751252583
2 55246
2 76677
1 64742 17856 753351154
2 51510
1 13934 43080 434610708
1 60604 9831 876112089
2 49387
1 62962 59868 189206755
1 16128 89776 364146753
1 53962 93543 221975096
1 25306 91152 70694225
2 23619
1 79661 46063 318091263
1 63837 735 866945654
2 23448
1 66458 75220 229163879
2 32210
2 51987
1 42158 53190 775082678
2 40962
1 71780 97063 216188195
1 42432 44656 366653922
1 31535 4539 786418258
2 63497
2 97567
2 46908
2 6547
1 43707 23252 691578871
1 17053 13467 976062216
2 21353
2 56561
2 39288
2 55610
1 66352 77827 926505675
1 40643 29063 864587928
2 97019
2 11048
1 62119 86728 778195490
2 5991
2 16689
2 30196
2 62661
2 66461
2 82120
2 98862
1 90572 85574 932116651
2 74422
1 28707 59616 688854727
2 13928
2 92363
1 98329 8516 238528882
1 42755 41370 8265252
1 5190 5446 889804087
2 81171
2 33103
1 87989 86625 607675536
2 88077
1 51306 2483 17559639
1 49906 15241 196170958
2 36489
1 99115 40811 86445037
2 98987
2 12376
1 29740 47640 987630224
1 45880 25476 319675016
1 69756 49510 655846001
1 91459 99455 739964481
2 84797
2 82871
2 74709
2 48608
1 49580 93385 340496163
2 34604
2 875
2 895
1 46876 32015 737319493
2 99535
2 45244
2 26632
1 15718 49436 214021351
2 23696
2 49677
2 64840
2 50389
1 25162 93974 603717957
1 2234 79554 518162783
2 89069
1 7518 80327 752973871
2 74329
2 65573
1 57858 9418 966686786
1 38523 80909 138822866
2 62296
1 88224 58633 943775853
1 19428 70970 257871753
2 62891
2 67340
1 63682 76493 299092363
2 91306
1 14083 48800 515890317
1 37801 10310 52284843
2 38317
1 61971 26513 73420729
2 44708
1 67709 30377 786208027
2 49087
2 33163
2 24215
2 54465
2 38638
2 60178
1 22412 14322 918199160
2 2242
1 53527 30087 929440757
2 30849
2 60564
2 73714
1 33279 2432 676275143
2 8438
1 55847 69232 777905995
1 96654 6910 968863142
2 98115
2 33513
1 68675 28323 811494139
2 57789
1 44058 71321 826121055
1 73497 71939 364543710
1 39252 26639 529116757
2 9409
1 70967 33303 460405887
2 97856
1 53633 23915 628656285
2 78398
2 310
2 31998
2 38657
1 67255 269 393196255
2 96072
2 73873
2 74492
1 98964 73168 387932172
1 55873 54503 65632366
2 94051
2 36256
2 66812
2 34111
2 87692
1 24535 69345 908362350
1 16766 45738 407136690
1 27139 28701 260180333
1 69877 59070 927877188
1 92104 59796 691655579
1 19852 52743 954364237
1 35415 48630 199950796
2 62846
1 98833 71694 567217245
2 59678
1 25957 83958 25461597
2 85709
2 6516
1 51431 99034 714232728
1 92332 44784 542341445
2 62291
2 21160
2 97925
1 30781 76973 594823281
2 85044
1 36279 14925 795745658
2 95255
1 97574 8167 650078452
1 70064 48912 73845371
2 89539
2 41740
1 31935 94768 772081677
1 29093 67596 96517307
1 96606 67899 764766852
2 12254
1 72938 98579 861052397
2 45014
2 55466
1 52347 38595 520868432
1 96664 2207 49720666
2 91116
2 69890
2 99714
2 7737
2 90440
1 88539 78381 655191756
2 72351
2 36335
2 48593
1 74129 3862 989269957
2 79332
1 99720 17902 919901021
2 25070
2 88226
1 9934 62612 859148764
1 12281 61863 731188238
1 24295 51962 289001288
1 63684 32081 209881515
2 71766
2 88864
1 97329 43454 975352443
1 69499 58042 534095829
2 88828
2 55090
1 23183 78684 462211468
2 71580
2 6523
2 69861
2 52696
2 63408
2 74511
2 68142
1 81240 82025 779294609
1 33059 66757 235804277
1 57682 59830 493822370
1 34757 40728 449871607
1 68301 72182 6806772
1 77686 85444 498342545
1 90201 52487 635045177
2 17015
1 95866 55970 246582426
1 39593 2616 44106631
2 41887
2 62770
1 54679 79077 761812861
1 48705 71260 552212875
1 74921 18600 816035094
2 26322
1 32495 4623 377422711
1 66250 55189 870860848
2 53951
1 79791 47670 771336336
2 19566
1 96331 69132 15093733
2 87514
1 88766 21663 515600254
2 30367
1 61735 90903 723492711
1 6081 86312 375771169
1 29174 33453 762629201
1 64759 14154 606358735
1 61034 69220 386201986
2 45134
1 71646 21847 22136247
2 16564
2 70727
2 46292
1 2352 29663 42266337
2 50573
1 97905 96580 688635746
1 44099 23657 917994537
1 63379 96028 153723630
2 21765
2 60479
2 30515
2 37229
2 95109
1 18408 59798 487573230
1 48218 96707 586854383
1 62110 46999 799073291
2 32944
2 42551
1 73318 57938 72717382
1 68704 79800 66440701
1 99423 43685 869769066
2 42363
1 37321 20645 632900348
1 16169 45021 785247496
2 2460
1 75909 13488 428529907
2 66151
2 1875
1 15482 61414 533152907
2 31753
2 15888
2 91314
1 73749 99020 319012177
2 96204
1 76849 80861 228317600
1 85296 11992 335535421
2 72994
2 9470
1 30316 83793 504151901
2 38794
2 74972
1 68772 77629 947721358
2 16150
2 3947
1 16089 22991 561237156
1 13709 30640 191855632
2 38090
2 28897
2 74978
1 71975 78537 704659630
2 75483
1 74192 47815 970041537
1 97213 20486 768037791
1 38857 23801 236857391
2 83382
2 51887
2 21956
1 29131 62219 75857072
1 86524 86305 860523461
2 76773
2 44883
1 58215 53338 21924493
1 84054 63516 394009475
2 50894
1 12271 91442 842128620
1 54150 60694 588570185
1 69632 77067 777804881
2 87113
1 87972 53694 861268556
2 4151
2 39404
1 31296 70438 598407246
1 69763 1642 293666593
1 62804 30445 720327395
2 71212
2 12128
2 76533
1 34240 35584 434457009
2 46352
1 66729 61424 567605617
2 48079
1 55233 57185 240851257
1 74717 49898 769911988
2 78057
1 27317 24651 967191112
2 12728
1 36498 64853 560812237
2 2999
1 39429 30312 106668861
1 94719 47080 434074232
1 27083 45629 450094081
2 97184
2 13914
2 11482
1 68578 3095 815228908
2 56209
2 14593
2 27358
1 80572 84930 109753279
1 47908 17163 776015971
2 43422
1 65264 32211 31521394
1 6856 83234 286150489
2 44455
2 65231
2 93130
1 50598 57668 691168181
1 12000 39812 427706548
2 63909
2 16643
2 20168
1 71933 53462 138277991
2 41854
2 72014
2 23556
1 79258 39482 405373609
2 75391
1 16389 88404 228940028
2 44831
1 22789 75187 673302068
1 91016 18351 709254801
1 87950 24239 118817700
1 63648 76704 747512880
1 88834 80749 364935728
1 95667 11331 231450242
2 8767
1 53805 83436 146339935
1 73644 60675 951348
2 87154
2 18925
2 20241
1 58408 95810 673676545
2 17071
2 91030
2 38920
1 47522 67459 457236686
2 45532
2 56947
2 38925
1 46580 73119 139191274
2 29697
2 91418
2 89014
1 96678 97906 692152806
1 99509 20600 853882876
1 59109 38580 241364981
2 87920
2 32387
2 59909
1 43911 52171 343449988
2 69163
2 1115
1 50160 37636 37076857
2 2465
2 29766
1 15027 51750 706936238
2 94144
2 56071
2 97549
2 34932
2 79214
1 68947 95211 401188438
1 1903 71517 883952096
2 17072
1 28449 47870 306046362
1 97503 57454 622918078
1 41445 57060 326957627
2 42345
2 57070
2 73814
2 72300
1 56974 92274 452883992
1 14190 34841 671105262
1 19845 15351 619432874
1 27253 80433 64660144
2 14351
2 74973
1 98206 77053 420192824
2 93594
1 18753 95786 480459571
1 16271 59728 347756023
1 49763 13500 584666643
1 59363 44908 177580037
1 74930 25579 695154217
1 48504 15438 550209816
1 95469 56795 156891826
1 17954 3997 326593738
1 93557 77146 55847946
1 52424 75308 375396159
1 36951 9424 171915592
2 58297
1 25731 94337 405870607
1 91381 71685 565192367
2 49706
2 65196
1 46791 86934 317678396
1 82522 44308 10330857
2 53690
1 26384 27136 299791623
1 48109 74824 984629391
1 75851 86763 284723077
2 50707
2 72158
2 7622
2 16698
2 41598
2 22092
1 51156 8431 95601767
1 66499 40502 282531786
1 88987 82366 632797854
1 33646 71117 481540657
1 31160 10752 189041289
2 46571
2 33783
1 12808 22406 171513387
1 58989 67180 634461746
2 46663
2 28594
2 794
2 39593
1 27254 25274 521019374
2 15626
1 78075 14321 985090122
2 50723
1 92822 28647 141634276
1 97858 93296 107826619
1 64566 43586 640957310
1 57886 27319 51279067
1 79015 97410 37886672
2 95074
2 57504
1 14416 659 870899605
2 19935
1 57249 83162 124503857
1 40826 39620 282104562
1 98941 10036 970386754
1 67137 67960 838880034
2 15682
2 74284
2 39186
2 29678
2 4841
1 51206 16401 192457389
1 26429 49629 352122875
2 68586
2 52476
1 77208 24854 191624042
2 63224
2 1765
2 96720
1 42745 69905 832683294
1 28373 64866 469854064
2 51855
2 69526
1 55859 68826 460249066
2 19145
1 80021 13436 601325645
1 53622 56736 423804804
1 404 67701 357508891
2 32917
1 47330 41146 980802928
1 38354 82250 292138665
2 8459
1 93013 46376 906756128
2 55697
2 26419
2 84084
2 32995
1 6646 40279 279279364
2 10632
2 76994
2 35885
1 23450 28340 364743267
2 18173
2 19449
2 92921
1 11532 98934 590050178
2 47324
1 27190 38758 985427029
2 4220
1 14721 36176 387568846
1 55662 29434 705237322
2 32911
2 18888
2 53042
1 4804 74635 195676814
2 64619
2 72021
2 75561
1 20979 75846 518788918
1 78730 51608 358849355
2 11103
1 87237 81319 102214982
2 43523
2 68534
1 30153 62226 281852922
2 97211
2 87087
2 81469
1 93735 78985 618331994
2 86150
1 60753 10288 89979898
2 3845
1 62660 560 101784684
2 96735
2 253
2 31995
2 64973
2 79275
2 82586
2 24891
1 99535 17256 825858096
1 90997 36492 684582540
1 79584 56825 859375200
1 71166 86784 574506113
2 1243
2 9698
2 29692
2 35714
2 74260
2 9254
2 81880
2 67051
1 26102 24191 372669149
1 13151 88808 878942589
1 46380 3913 34386607
1 60245 42365 793194415
2 30447
1 24846 56237 792865747
1 38543 63974 137891057
1 39541 85055 636565046
1 37600 82063 132973492
1 29140 56481 725431987
2 22676
1 17899 77014 657171133
2 11699
2 47228
2 58947
1 83827 25190 613741617
1 42441 15978 728563951
1 18575 68000 133536680
2 56126
1 75822 61659 258295547
2 98632
1 90335 11540 507324298
2 61555
2 33178
2 43741
2 81492
2 30144
2 46767
1 42499 972 455069521
1 50902 9356 415071255
1 77680 24337 247596199
2 62998
1 53654 48574 376429822
1 76198 84388 715363510
1 36750 24728 561163813
1 53671 28145 447125159
2 11901
1 24452 48494 766723065
1 99067 18041 785750906
1 37919 52311 741102315
2 78051
2 69355
1 74276 21787 409563904
1 48213 91960 284804617
2 59362
2 23352
2 18064
2 84986
2 38598
2 25897
1 61623 57573 676483310
2 30796
1 42631 75564 50034554
2 79428
2 20994
2 70533
2 81387
1 2271 91846 403771941
1 77560 22973 400418074
2 55674
1 75526 7669 687184107
1 40513 44031 978225372
2 99235
2 80270
2 70103
2 76926
2 29968
2 59168
2 12239
2 46211
1 15461 61674 59100729
1 66588 96640 711999128
1 77061 62771 131768603
1 60233 54272 266997406
2 86726
1 48388 49723 362054883
1 17686 977 176550166
2 43411
2 15789
1 46058 50270 318771998
1 42326 27520 297275983
1 83543 18362 394892475
2 69753
2 34680
2 33356
2 58836
2 91722
1 38767 57466 678406066
2 97259
2 87321
1 36637 32554 779794849
1 17582 74912 966768483
1 49180 25267 375658792
1 76800 16983 601625951
2 1176
1 45753 3850 976464801
1 94045 24851 747186053
2 79178
2 61158
1 39926 56906 24788154
1 23046 523 822285557
1 23757 70722 762349636
2 5215
2 95681
1 98348 29015 737803211
2 51810
1 84536 28508 148303733
1 6769 49551 39412791
1 45686 5390 431499074
1 648 15850 25860311
2 12318
1 45107 76389 5571770
1 42648 2083 72659985
2 56811
2 23389
2 37829
1 41291 76792 911237188
2 30769
2 16515
2 52910
2 58114
2 88417
2 96400
2 54993
2 8621
2 3969
2 40679
1 80242 6338 901795102
1 94737 71409 260136480
2 21136
1 70444 8742 356996520
2 73479
1 33707 82280 933120659
1 93514 63002 830367010
1 71451 16442 315032845
2 82147
1 16570 3996 102921254
2 65801
2 35568
2 91788
1 97276 11394 573405325
1 5013 89304 326740816
1 5008 92577 207412261
2 9179
1 56047 30210 31055502
1 56027 92101 133773996
1 3848 60129 157861504
1 9704 27387 2722158
1 14934 6107 473509795
2 72987
1 66084 43580 766874318
1 72298 78980 618808398
2 78252
2 13059
1 17597 40637 689395910
1 44283 97418 58687203
1 91283 7778 788673127
1 44360 93043 105814469
1 39513 28914 541397994
2 31505
1 55066 90585 106897676
2 77262
2 84783
2 7569
1 74743 34994 475396663
1 84545 88714 160153879
1 65262 32787 745303539
1 12313 11164 47248583
1 50504 64145 96568932
2 39030
2 78149
1 82904 32671 561334517
2 16768
2 73230
2 92972
2 98238
1 76025 42428 392096993
2 90374
2 49201
2 41374
1 11139 69985 844910967
2 45715
2 37846
2 90138
2 51890
2 50695
2 36497
2 33238
2 5139
2 12424
2 21737
2 665
1 24160 6525 976252948
2 29843
1 7585 30756 379524014
1 68533 12486 25790807
1 31982 70007 401279032
2 13978
2 79769
1 6063 11309 177993180
2 48794
2 60274
2 49018
2 27122
2 61637
1 5805 76691 428142347
2 96880
2 56006
2 73557
2 84852
1 83724 38161 987409185
2 46148
1 19070 47544 925959136
2 9571
1 73698 71550 914597860
2 43226
1 78305 96985 77187188
2 96488
2 30230
2 10639
1 84655 65137 443696861
1 45725 66496 13134999
1 45576 60308 174791196
2 28415
1 49793 68860 314681918
2 90970
1 75233 19262 468891373
1 53590 49466 19285616
1 71500 80632 859428853
2 1292
2 43845
2 90093
1 28288 7266 912754693
1 52632 90940 814142966
1 91379 25948 797537937
1 70127 44791 753490480
2 43598
1 35054 87960 858497508
2 31771
2 60803
2 49115
1 84165 4005 652691701
2 82116
1 14502 65898 18449476
1 3218 89544 809051738
2 84257
2 45136
1 83614 30654 179693294
1 5186 1115 949126938
2 26270
2 14781
2 29391
1 44346 25538 440253245
1 7802 8852 280964091