1094 708974899
2 51997
2 9506
1 77417 49849 962689680
2 79033
2 79563
2 8645
2 40752
2 9916
1 82194 89027 226221544
2 39990
1 94948 81564 940125483
2 76601
2 41965
2 13211
2 67446
2 58909
2 681
1 13362 41161 882274376
2 50620
1 63761 93775 580436844
1 73263 97691 479651386
2 9061
2 93577
2 31897
2 36515
1 81984 23837 941769928
1 91656 97791 792233101
2 21343
2 74833
2 95540
2 24195
2 37230
1 6197 63015 52663941
1 5383 96786 76108358
1 92929 93312 971987738
1 95314 91296 833611080
2 19421
2 73964
1 29312 87546 316304200
1 93695 32806 587463007
2 21027
1 61482 1286 301894951
2 66503
1 15282 1021 758584114
1 9317 34881 371138913
2 7265
1 12533 57904 451236361
2 80525
1 10551 66656 265213130
1 93438 63484 204107924
2 37135
2 42661
2 35164
1 38451 62005 712401163
2 92025
2 52238
1 74335 91942 222133194
1 95244 3920 753114743
1 19295 18079 727181151
2 97170
2 72917
1 72889 3012 588500479
1 24498 86395 653695567
2 15027
1 76552 51716 72274585
1 86275 74464 655735814
1 10051 48984 263680251
2 95301
2 22225
2 17946
1 13607 87746 195354654
2 22063
2 35810
1 2787 73980 510836622
2 77104
2 556
1 70055 46358 392123622
1 13961 41268 657753383
2 22231
2 88637
1 66365 39505 973535324
2 43242
1 71440 24945 188420795
2 79107
2 11394
2 26236
1 73530 5392 540894134
1 20785 26157 266336524
1 62214 31462 223514053
2 28665
2 70425
2 76315
2 38669
2 57554
2 87275
1 87335 67572 136341037
2 70190
2 57712
1 46195 6001 785955494
2 17942
2 30395
2 94286
2 87746
1 24576 53349 326396554
2 86618
2 91786
2 33822
2 7242
1 1255 42359 757293589
2 90932
1 9912 87771 633758972
1 78778 19344 737851221
1 48710 76781 269324377
1 44179 64900 807829119
1 71780 98783 129469623
1 70342 11791 594269199
1 16792 25122 595299857
2 53703
1 84283 40867 386736621
2 26097
2 59993
1 7236 42948 375192541
2 19389
2 31107
1 5176 67822 833983707
2 30963
2 71940
1 92881 76725 558358591
2 87343
2 57085
1 75676 53653 65335065
2 80728
1 80425 99266 881502510
1 45032 86803 636305225
1 21188 57479 179608292
2 23720
1 86712 78793 535590715
2 20349
2 27047
1 35779 39749 23864391
2 53305
1 63484 62197 476746675
1 4353 5011 918253292
1 70898 91871 935219440
2 18893
1 84168 17722 48213405
1 43695 38983 27581411
2 80502
2 34452
2 76416
1 53439 5160 596117981
1 93024 48753 41469481
1 58266 59188 516519671
1 28342 45458 643449907
2 17394
1 86549 93864 344570208
1 19865 30681 521702363
1 24787 92386 385810303
2 53134
1 1574 87137 950307268
1 10962 61670 779732807
2 6391
2 81102
2 72005
2 21184
2 36788
2 65858
1 54597 27550 361765055
2 34059
2 28927
2 84949
2 97583
2 91213
2 68360
1 75158 23122 50193185
2 98095
2 89258
2 64372
2 94110
2 26874
2 82184
2 69717
1 8846 6233 391385034
1 94265 77824 797341192
1 578 98858 729644903
1 71516 25000 769956829
1 18055 62488 171958109
2 44341
1 12831 13090 976034644
1 53890 67174 268912046
1 75230 85893 797176378
2 80855
1 88260 59128 301198183
1 399 61219 145102784
2 45787
1 18097 40214 374486399
2 57115
2 30816
2 82630
1 15143 35093 140767269
1 98144 72474 80550237
1 29177 92370 264107745
2 15150
1 43609 46828 837126321
1 55137 45148 77495923
2 54407
2 79597
2 58444
1 14470 14214 736882192
2 46508
1 32013 14723 201075526
1 15400 97732 356470001
2 27857
1 9261 28847 1569539
2 25990
2 63913
1 77616 26271 285782940
1 21361 59150 732041988
1 38545 83055 995174878
1 21606 39788 28456988
1 53734 75580 454569033
2 47518
2 44557
2 795
2 59984
2 32864
1 59955 12303 602342312
2 83743
1 55643 71464 653078779
1 25023 52232 264622631
2 67462
1 59615 66862 529789291
2 27502
2 89984
1 27025 94208 231282299
1 60374 12910 221620850
1 84364 94599 252672360
2 42592
2 33227
2 21380
2 51612
1 67154 66437 981305299
1 38457 63168 823811531
1 17856 6357 150103803
2 56945
2 25368
1 92961 37924 457397849
1 51341 47472 219673162
2 87417
2 73804
1 7633 4207 509207413
1 91558 29729 276462778
2 14070
2 42009
2 42258
2 56317
1 84518 56190 274185205
1 86489 979 207032770
1 46553 91226 466348202
1 41798 92789 933898274
2 78776
1 67597 29679 880730282
1 37026 43233 39143313
1 5297 17764 410215628
2 45570
2 47613
1 96639 38021 450075945
1 79271 6435 410287731
2 32132
1 61196 38360 603960079
1 60182 94334 73894831
2 46656
1 9838 25774 88051746
2 7083
1 92489 92203 434356836
2 52161
1 41055 93803 786876960
1 14145 39910 807508743
1 26701 23507 370359893
2 76697
1 18350 39316 918072530
1 6796 64518 623129498
2 45641
1 73312 67246 5706024
1 81789 80231 65679635
2 81094
1 30279 52221 469615361
1 16318 65910 912818632
2 34578
1 56315 57191 335285379
1 45818 9957 727621539
2 41230
1 59935 68723 54947557
1 98698 70697 798759176
2 46586
1 57112 11166 227011704
2 17216
1 91924 15595 809979854
1 72024 70859 641912360
2 47488
2 90208
2 20399
2 86745
1 89719 98702 336154560
1 17236 71262 106675727
1 76969 8347 926471719
1 82126 51321 548533280
1 21119 51946 723336387
2 73180
2 46404
1 35157 26961 958535339
1 43702 56759 474103434
2 44463
1 79348 12091 672234101
1 94409 26217 578742532
1 21700 37407 639967219
2 84424
2 90009
1 71607 20184 997608836
2 37411
2 98114
2 95175
2 17501
1 4488 85791 829309647
2 62288
1 13405 54762 795981763
2 95900
1 46648 92533 260406544
1 89028 93266 370143362
2 19004
2 31451
1 8175 32851 42369199
2 64069
1 89876 9235 833512325
2 18123
1 49327 9137 483585602
1 30645 12582 648219637
2 68762
1 22102 10476 307626796
2 54951
2 25243
2 59166
1 32231 93799 522404530
1 42200 70174 397546908
2 24318
1 11257 6233 740932897
1 2052 59752 437640408
1 54296 6743 222794097
1 62460 55964 357456809
2 28977
1 92157 45506 551071349
2 61404
2 40379
2 98808
2 51164
2 11838
1 63238 7429 824978652
2 20320
2 69259
2 44836
2 4228
2 67701
2 98369
1 94411 74380 50702744
2 47024
2 11783
2 2064
1 73740 61494 149003971
2 8525
1 32878 77003 66091230
1 96442 57172 399436009
2 36592
2 15783
1 3563 70143 914514979
1 21399 59356 359517071
1 75154 75924 913295833
1 16991 76059 703294783
2 48753
1 91878 70336 984023251
1 70482 19261 127532373
2 75058
2 84123
1 95779 30382 393958462
2 24752
1 77132 30044 186926495
1 20090 62526 302942161
2 61879
2 90621
1 94034 47095 165674937
1 7833 35618 12355452
2 76256
2 35862
1 56622 63109 79789739
1 65052 23003 101872444
2 84789
2 61147
2 83294
1 68011 43638 602339387
2 33374
2 87936
2 77717
2 34182
2 83681
2 69062
2 53784
1 89362 81257 946285168
2 15452
2 71821
2 39484
2 96277
1 12721 78533 350338094
1 60009 49730 366505139
1 10690 49884 386563671
2 443
2 4815
1 39868 452 565884215
1 59438 85491 719893588
2 8905
1 8892 84404 174591577
2 14866
2 29674
2 10297
2 61500
2 97614
2 62684
2 47036
1 43214 91097 801415165
1 68720 5737 407265129
2 16975
1 53709 73949 358418975
1 69766 75240 80322072
2 61587
1 6230 40840 364641357
2 58238
2 85075
2 31919
1 15833 94154 934338208
1 41402 41154 306768266
2 42135
1 42850 1832 401243544
1 3841 22195 237839423
2 94410
2 95537
2 38499
2 9061
2 72277
1 98537 57804 66925696
1 57536 32263 806034705
2 82800
2 78317
2 89261
1 41371 63830 186538268
2 2870
2 11825
2 12899
1 26308 76754 952059535
2 15839
1 89661 97043 536411729
1 72257 97351 69238431
2 24002
1 59864 50944 245651961
2 22713
1 27754 10924 62795811
2 20769
2 46306
1 16742 6989 972997897
1 86752 53419 789369282
2 87941
1 11599 94454 944255691
2 88778
1 45169 98257 973767281
2 38969
1 80459 45252 253212879
2 81198
1 33363 10984 46207305
1 34300 21840 851061727
2 44284
1 24382 79085 790033679
2 58633
2 54136
1 99858 93385 888494708
2 86233
2 55041
1 82674 54136 76999310
1 13116 18797 114710317
2 90081
2 20367
1 2245 26155 896729173
2 26832
2 38018
1 69166 73619 862114381
1 55644 85075 200965577
1 70350 49586 684653277
1 61196 6043 940450646
2 1384
1 34123 78702 564647251
1 67814 39946 176674952
2 40215
1 13475 50820 798680429
2 51678
1 84021 9438 510414734
1 31859 53176 309207384
2 67673
1 27244 86910 542357098
1 74436 82235 255688025
1 22261 46622 48093738
2 60197
2 84028
1 34394 4122 661143333
2 82687
1 57043 60634 944097086
1 93526 92906 38016988
2 19200
2 33266
1 7332 63309 318194127
2 6935
1 82549 33779 252628019
1 72062 71202 193536019
1 82183 6204 658639205
2 64304
1 4681 3576 223797030
1 55058 69240 498700740
2 91121
1 92203 5973 109341821
1 25763 51258 985247002
2 92775
2 65318
2 64005
2 83313
1 11231 61365 434696668
2 75638
2 18970
1 50857 42852 496304625
2 4309
2 64401
1 35667 90528 644974359
1 79728 78248 389538981
1 31552 82321 279266387
1 87368 47622 756282601
1 41445 79643 673299841
2 90818
1 42287 30180 396519644
1 31199 31996 642934457
1 55858 73420 245811753
1 63531 50930 622573793
1 99956 8625 945522037
1 88226 41040 442366576
2 17135
2 55304
2 14505
1 3082 42644 618765111
1 16654 49926 123515807
1 60412 52437 317772134
2 47206
1 66953 93504 829920952
2 84049
1 22430 73790 851079786
1 36323 98444 51631170
2 39560
1 52966 62837 561473705
2 70153
1 94522 57475 598093702
1 8547 6843 383473486
1 13469 16565 668763176
2 59372
1 6682 60535 251793608
2 83731
1 29613 62947 891331053
2 81434
1 59882 83204 204549339
2 52359
2 40891
1 35732 43070 506579224
2 9080
1 15587 30093 415396501
2 23585
2 9796
2 45915
1 99745 87824 355006881
2 63090
2 60002
1 92590 58486 282555261
2 8524
2 47526
2 43774
1 24330 4105 459856907
1 49355 19279 245500195
2 87085
2 35009
1 991 33849 675983087
2 39446
2 22241
2 62850
2 43435
2 11300
2 80805
2 53175
1 9634 45137 993651102
1 84116 86680 208684002
1 37276 96912 459464807
1 23472 14771 687924047
1 51725 72686 570367235
1 20984 21332 84292765
2 68886
2 22613
2 99993
2 21516
2 38572
1 51219 94767 15617098
2 60140
2 25549
1 46580 69284 822236557
1 45219 92631 549405993
1 62532 94575 822069103
2 20585
1 46834 26947 883627846
1 32400 28075 787052311
2 53319
2 95697
2 74194
2 60053
1 16462 77789 730003337
2 74818
2 9358
1 17400 69445 335547329
2 87510
2 7739
2 57466
1 15532 65328 887663853
2 95625
2 30087
1 66676 61938 532051750
1 80195 92443 933140950
2 74148
2 54687
2 33079
2 90972
1 75629 53256 679335266
1 73796 97802 873523733
2 21604
1 84125 74298 484685771
2 21093
2 38373
1 89707 28878 64603451
1 30945 78564 362611840
2 88617
2 20301
2 78971
1 9495 13110 851936136
2 10573
2 68052
2 79613
1 21087 522 262407574
1 47084 63704 799502035
2 40752
1 88051 44878 666903239
2 63320
1 68964 38796 782568307
1 93470 70390 601641268
2 18184
2 7541
1 87543 98484 853709049
2 14455
1 48521 88510 905048860
1 17407 24456 690270284
2 31130
1 18028 60114 98840666
2 28746
1 28460 1198 782015764
2 28701
2 14348
1 96541 5418 576241551
1 3001 52045 603686506
1 11312 99275 574782765
1 46627 67510 724320499
2 26059
2 25968
1 17157 88254 822269901
2 61565
1 88982 68267 771391950
2 84052
2 18637
2 37741
2 74721
1 91504 98093 720281623
1 9849 21167 841718576
2 43766
2 89339
2 94242
1 72658 85421 894626690
2 25259
2 80330
1 97277 33956 886082566
1 78740 1074 901254074
1 38000 82667 348725342
2 59933
1 6857 56120 523811875
1 54111 55025 109612834
1 38693 71124 609199499
2 47071
1 63747 30434 383024359
1 42242 9189 597503679
2 56785
2 65667
1 54146 98017 850627878
2 40840
1 57597 44525 107398906
1 75665 99047 955073065
2 48310
1 22632 234 649346890
1 16192 88378 365573137
1 36404 70270 797414403
2 69256
1 87417 19756 138803279
1 34289 88888 845856772
2 62181
2 3022
1 67148 4677 818625528
1 64496 30746 585989165
1 96761 31121 746460766
2 93546
2 30872
1 9119 9986 169755706
2 82235
2 46522
2 42502
2 64342
2 5199
2 49893
2 26121
1 11522 75002 355233499
2 55037
2 42790
2 46288
1 76200 29199 668635150
1 28840 78293 60854106
1 70227 7761 141525620
1 27861 13199 50389053
1 79247 98511 992883462
1 55171 59810 384113157
2 37084
2 37421
2 2466
1 39215 26820 790078655
2 5122
1 2061 42227 169824911
1 28223 62739 656977730
1 88724 16195 736706840
1 64473 68607 410163373
1 36027 14229 694212931
2 54625
2 55796
2 74728
2 22379
1 93283 41015 715673424
2 14234
2 1433
1 71481 82063 22138772
2 98704
1 94524 57495 706822605
1 45105 65061 740916824
2 9788
1 93796 66400 994147638
2 6637
2 80630
1 83192 73919 810062933
1 4196 166 753058433
2 75023
1 28015 58399 329057671
1 48458 13880 396127607
1 84136 74437 544342496
1 85291 81009 72025652
2 67056
1 37233 62951 158781253
2 66591
1 31931 83589 135375508
2 22643
1 5123 24824 495193047
1 32158 82453 275218221
2 79225
2 13022
2 37527
1 54364 43321 23427420
2 69974
2 5424
1 18984 10795 141079842
2 40861
1 13820 36984 31300206
1 99971 51436 126417354
2 20471
2 41456
1 10610 28925 947795666
2 53423
1 15015 88248 12462106
2 46148
1 10646 20193 9268220
1 59199 65016 987898445
2 85100
1 77586 33711 89822378
1 81167 72633 570926924
2 89951
2 26761
2 48480
1 82136 81614 588264859
1 5659 80081 248646815
2 93975
2 43066
2 83793
2 62979
2 61429
1 29544 67422 605187178
2 58339
1 19805 77234 907355089
1 7124 21514 562891712
2 78735
2 12688
1 9024 90926 793179525
1 45494 78640 493487294
2 77657
2 71365
2 62538
1 59057 83458 53898140
2 25484
1 75492 70201 777261445
1 39912 83734 630891749
2 1667
1 16736 64860 33461592
1 54966 14470 684419880
1 17606 38684 386430137
1 30591 32233 694650777
2 4554
2 65705
1 68602 29461 351155086
2 33707
2 87560
2 29408
2 43115
1 90808 86298 907355456
2 22944
2 42869
2 18873
2 61607
1 44834 55298 803013978
1 98050 139 625083641
2 84868
1 28734 45328 455689122
1 85290 51289 961373942
2 54704
2 74977
1 66198 39093 594501703
2 83328
2 78415
2 60221
1 26563 60245 8240088
1 88450 43857 644100377
2 63224
2 57053
1 14454 71459 716796084
1 82391 99511 646206233
1 19205 43822 488898208
1 77056 4195 985949664
1 45093 98137 442580581
2 53094
2 39680
2 46900
2 83092
1 2744 40939 461213008
2 29583
2 19853
1 39312 29864 237121787
1 81481 57919 46516362
1 53428 10838 372209497
1 22063 46649 92117647
1 87571 32398 600202762
1 42110 64953 232082263
2 58256
1 78513 53821 651449382
1 21336 18428 268778554
1 60683 6039 139541928
2 29404
1 69439 58972 348881785
1 36796 6582 353564284
2 68014
1 92845 6808 653497445
1 62083 54246 379815021
2 64037
1 64026 82466 38455901
2 71115
2 19317
1 54567 7265 418447645
1 22333 62347 302126505
2 6784
2 88935
1 29758 63680 946616476
2 90704
2 13837
2 60698
1 62393 94745 727728738
1 13605 9251 175479388
1 29828 29536 108314636
1 49577 24427 348123538
2 62951
2 42672
1 25059 11576 309662275
1 4797 55041 527309108
2 56661
1 71424 25123 377761279
1 46927 652 930552956
1 46516 87396 912830908
1 96337 83113 308740858
1 39328 29441 796228286
1 49878 5197 575411905
2 96504
1 36043 29532 419036123
1 90400 95127 506013510
1 81579 75378 779946239
2 46971
2 86301
2 89374
2 94460
1 35460 60893 478961358
2 31313
1 84621 47106 663730121
1 15165 46931 524283324
1 85424 876 13890763
1 75026 76013 83367241
1 20724 68927 609346001
1 71778 70182 262361185
2 45175
2 70362
2 65028
1 51035 45954 834974405
2 4556
1 86288 32120 793158270
2 49139
2 88555
1 41761 98964 905690571
2 61435
1 75107 48174 971719108
1 36845 74742 77848264
1 26223 57191 554789235
2 14560
2 81848
2 72243
2 31288
1 96067 74585 799554484
1 57419 20654 974481350
2 66010
2 97242
1 18094 230 48387297
2 58260
1 78949 32338 195586151
1 97001 10914 91067818
1 93067 24277 983842735
2 46510
1 94743 10774 522686572
1 77255 16521 45641799
2 11717
2 14780
2 72758
2 61370
2 87492
1 20754 13930 899741437
1 91515 55232 30069767
2 58841
2 19528
2 14087
1 67862 43179 485302668
2 52614
1 40633 93369 524908841
1 7923 3083 530227451
1 26990 19402 437541594
1 46310 90266 540140133
2 72439
2 12592
1 53795 27765 728842881
1 40523 60775 328598773
1 32732 28646 339455777
2 16026
2 79745
2 37587
1 37613 37450 278592479
1 68011 76680 890035585
1 32239 80622 457264906
2 61793
1 40650 8128 134454246
2 8205
2 98137
1 3201 24851 764119980
1 66398 13351 528107422
1 80014 28511 451141763
1 85634 59534 238699017
1 7193 78467 160311388
2 88511
2 93805
1 14592 40359 431404770
1 9859 43443 569372614
2 444
1 51275 95375 775115421
2 98282
1 81435 46316 931273170
2 72183
2 13852
2 25926
1 68891 84887 102933633
2 38275
2 63751
1 72087 29499 844958161
1 51913 92316 207676634
2 68174
1 92780 3087 792608505
2 91218
1 16497 80734 293776940
1 15369 53291 818297859
2 8463
2 50666
1 2652 66669 180342904
1 47990 67181 599047898
1 21356 5815 98157033
2 49042
2 30284
1 14372 99345 472437362
2 95865
2 68761
2 53594
1 19622 78193 840838340
2 37336
2 60720
2 35016
1 17228 6517 286235152
2 81694
1 17759 50031 205823334
1 48006 95225 559768335
1 46456 81938 772496907
2 86203
2 14310
2 43985
1 24723 83106 952826693
1 60877 9529 509634529
2 90756
1 67126 20002 50401014
2 30620
2 2679
2 25192
2 48159
1 25153 79102 539731784
2 51631
1 6384 82236 118267545
2 96679
2 15188
1 8942 89638 344029458
2 23384
1 3749 22689 629288703
1 29031 68351 430907634
1 66944 61408 720886004
1 47864 30367 797384486
2 73088
2 38563
2 27008
1 24151 61447 998705291
1 64219 44874 633740668
1 26610 19598 870513591
1 94935 41651 179605487
2 75583
1 34569 60948 381200928
1 49017 54139 926046394
1 21345 98370 593710858
1 60618 38744 497684568
1 1362 27241 897372719
2 66405
2 38999
1 98671 85452 819590282
2 57741
1 73850 81422 297571076
2 84208
1 32269 58908 632954308
2 16050
1 62262 83525 216235189
1 16241 87939 881627437
2 3252
2 5072
1 40651 562 722290532
1 64984 35456 187760728
1 65266 31548 492830288
1 11229 88938 691004140
1 53510 53581 432731528
1 6306 37821 678832011
1 29706 66016 341526162
1 85864 85248 814926359
1 16947 67270 229335728
2 93345
1 19347 48418 132179684
1 47867 92780 312559051
1 81324 54819 798228043