3067 671245318
2 62778
1 53733 2556 875250433
2 81198
1 4781 38091 582351115
1 81138 22419 252834879
1 49454 30658 138928741
2 26186
2 33980
1 57238 33856 288335943
2 27561
1 74668 40681 930557208
1 44029 785 521867757
1 42119 64048 370106995
1 34837 45694 900366542
2 15111
2 3515
2 90495
1 72969 9591 585872413
2 90253
2 99087
2 96700
2 49195
1 40273 71099 431906479
1 44883 43161 191107582
1 8268 87821 716188001
1 43704 85356 168566715
2 3829
1 60138 38691 207807347
2 27727
1 10991 55605 996659938
2 7046
2 31333
2 12080
1 88697 90916 729037218
2 67301
2 62899
1 79017 347 436009043
2 72221
1 81796 16891 942348847
2 19401
1 52455 25712 537688143
1 99079 73460 299338326
2 33993
1 42592 32930 977052540
2 70588
1 23601 29153 98961954
2 4586
2 65544
2 69999
1 91386 44252 438927053
2 75316
2 40633
1 8408 50830 656149455
1 93003 21664 480055025
2 48475
2 44833
2 29239
1 35631 20237 137514885
2 50083
1 45128 41031 643216955
1 62513 57637 659432922
2 38254
2 69064
2 70958
2 61577
2 32266
1 90864 63692 143599108
1 65914 4527 24510212
2 10629
2 72291
1 55446 95321 868596026
2 37918
1 36800 87444 297369400
1 52958 42033 706418154
1 46267 72953 650005553
1 42964 7919 42480131
1 80507 8858 928598535
1 66279 19665 517498888
1 749 15836 54562965
2 28302
1 22914 93229 491370945
1 11757 98170 748991357
1 77516 29135 461046523
2 48928
2 73829
1 32724 75881 19170081
1 32920 77740 405228210
1 56375 11473 96448428
1 63365 59794 690679459
1 20561 46897 111184563
1 59386 74317 113909728
2 41909
1 87391 53901 415324208
1 73534 24146 90378894
2 57881
1 98137 76760 583333718
2 58262
2 75553
2 8275
1 89661 46868 29805610
1 40429 98952 657755720
2 76256
2 36349
1 14136 30004 799472220
1 2960 64076 144669739
2 67061
2 47895
2 13256
1 13220 86192 118572885
1 15975 55322 489485481
1 53607 53835 159703983
2 3241
1 43125 31735 907186335
2 10219
1 85650 44683 732788143
1 5093 54347 290818793
2 99875
2 18492
1 67795 14311 113930894
2 38280
2 84895
1 34471 32635 459596829
1 90698 51117 657015238
2 15869
2 45825
1 51851 96429 169472622
2 74996
2 47227
1 43386 55244 45559735
2 25526
2 1487
2 52278
2 68088
2 98194
1 47282 43898 976447749
2 65317
2 85799
1 21740 71549 652849439
1 37825 23889 970432093
2 85654
1 88609 41369 187355399
1 87509 12344 324251779
2 22897
1 28817 12183 850111288
2 75672
2 19416
2 70713
1 38444 33305 757691187
1 86146 53773 153467955
2 30504
2 36159
1 7791 54788 444488885
1 23229 50032 404144319
1 8445 82686 751310841
2 26447
1 40148 66168 860336585
1 7719 50986 416413909
2 11635
1 7860 19704 714194077
2 57179
1 63327 8958 232483487
1 1608 24112 940454456
1 39456 98146 446302575
2 36032
2 90447
1 54890 51135 681686468
2 51375
1 35959 14100 935257243
1 23915 69612 937323127
2 26940
2 99033
1 23991 83692 60179622
1 60911 87650 543183474
2 72566
1 93441 6831 711774949
1 65730 71702 317032606
1 65671 66520 576788961
1 46607 99854 141031270
2 74430
1 45417 8087 988653316
2 11564
1 45710 29687 24151895
2 39604
1 92597 12208 478273858
2 1238
2 62775
1 46008 61285 492773030
2 83582
1 10512 28312 821051324
2 6222
1 52097 97801 441436281
2 35901
2 99732
1 4118 55075 601235567
2 45659
1 50189 30386 165798644
2 57437
1 90331 19509 906806639
2 64887
2 78179
2 54764
2 87035
2 70066
2 95071
2 86679
1 12550 41534 774602243
2 3912
2 77306
1 94350 13542 200426297
1 38842 29597 215223137
1 54490 61308 696861097
2 10636
1 80844 7737 491499748
1 9146 27241 937784151
2 68003
1 98459 89709 7300889
1 87470 86158 222558981
2 39500
2 34461
1 60837 18592 64649606
2 15748
2 84239
2 20356
1 80894 83606 190717620
1 98768 81664 392480508
1 64140 73819 144138575
2 97968
1 87869 8976 563743968
1 81075 36049 224611236
2 44679
1 66492 21044 904954895
2 91173
1 22919 23037 714412327
1 11494 60754 596354450
2 86334
2 43234
1 93474 23800 381888108
1 81559 6488 673707751
2 23652
2 36707
1 10340 21388 854403780
1 76273 60948 663542416
1 12215 37410 277476496
1 83150 66333 499160676
2 75606
2 2457
2 50813
2 22324
2 86125
1 85621 39666 479963156
2 84792
1 89904 25881 153333729
2 31379
2 37070
1 29906 13204 166415634
1 80458 72223 421623513
2 63811
1 2408 93702 548242805
1 98437 71100 264024524
1 35363 51566 467239193
1 8866 37653 49287885
2 43937
2 4477
1 72073 26026 693594924
2 43308
1 52277 57430 479353388
1 70981 44465 444170875
1 88815 35620 72373270
2 89076
2 44928
1 70057 93089 236923082
1 46158 41752 818257589
2 76375
1 88358 57259 228252682
2 43334
2 65654
2 33042
1 18980 83757 897239510
1 23710 71939 619417732
2 33841
2 39635
1 38015 48456 289016801
2 86944
2 61952
2 50669
1 75837 79420 965561385
1 48951 27530 682427708
1 37385 19717 209587280
2 48104
1 41933 11271 611717604
2 96069
1 60275 886 727622838
2 77411
2 26270
1 4879 53088 778808092
2 55507
2 12965
1 2585 39234 837273235
2 27621
1 91740 81329 524792038
1 39966 95389 385410328
2 53628
1 32693 88721 921208727
1 21794 93388 507923562
2 79678
1 5778 4573 246317960
1 46138 92970 385566805
1 77214 78906 655761250
1 418 32697 347352294
1 66802 29027 791204287
2 37857
2 24466
1 45800 68889 846078679
2 78810
2 11478
1 91444 29540 421538930
2 19582
2 87479
1 18166 89217 558233385
2 10775
1 9844 72973 717387793
1 77362 97242 934538853
2 38280
2 71394
1 12174 31885 530260701
1 49537 86442 197205561
1 20008 22226 734882188
2 85069
2 89242
1 53090 66896 643974250
1 27402 83569 52391030
1 98039 77592 505406183
2 66146
1 38794 98803 186541343
2 57469
2 51191
1 29242 83665 179406765
2 95285
2 75212
2 74177
2 76151
1 20570 52212 961381417
1 69724 95567 270285478
1 8207 11506 743797454
1 67082 19605 754197806
2 66660
1 86843 77625 251455850
2 36662
1 21794 62230 206678308
2 14595
2 10871
2 46876
1 9310 165 22225678
2 20322
2 25359
2 81281
2 76259
2 52030
1 54695 63115 920852120
2 8403
1 99979 60307 974193837
1 88034 31471 81659640
2 73487
1 41280 15902 542927027
2 64096
1 4865 86829 349458274
1 56771 9126 71668637
1 52789 59244 85220403
1 78782 22812 795035763
2 84748
1 47535 84661 715432004
1 93980 93326 390534622
2 63372
1 71337 16475 709501151
1 39119 65433 497194773
1 36399 46102 630280356
1 85164 47595 457820676
1 44722 24227 156321079
2 24061
2 18953
2 31724
1 76314 3171 450585386
1 1060 60086 327303652
2 38849
2 62441
2 9335
2 41727
1 6977 66786 967677752
2 30032
1 80595 72414 76453757
1 11023 63289 253658758
2 97609
2 58245
2 54551
2 69685
1 70229 82168 61077367
2 88341
1 54551 821 371475704
2 53856
2 77186
2 18632
1 52983 46664 586950167
2 7893
1 23944 62175 933879240
2 3707
1 56418 25889 106018103
1 6394 28092 863823561
2 38366
2 24890
2 88911
2 15741
1 43891 53755 218252390
1 18733 5624 95063025
2 79959
1 6811 97516 714391637
2 51623
1 90221 23884 365341496
1 92187 46 411145467
2 98267
2 94891
1 94099 36932 145153230
2 33884
1 13114 97254 310379778
2 67785
2 37362
1 63143 74338 890518363
1 74365 59258 663833976
1 85172 66874 857810233
2 82527
1 50844 78599 742918095
1 45028 95387 824811937
1 36150 43704 753224582
1 20836 92096 729050962
1 76761 24050 810910300
1 19205 47703 820413890
1 47244 97642 898157144
1 40089 44778 296487838
1 19909 91951 66892494
2 35092
1 59793 15227 739538236
1 37212 7896 95403181
1 83974 7654 500208300
1 41255 98908 792281327
1 94687 95145 824932582
1 85338 64474 326001506
2 1524
2 43749
1 16326 92764 792028370
2 5508
1 2531 17542 353672454
2 93020
1 35799 73058 900332712
1 63836 8101 847515992
2 7899
1 40011 34199 233282477
1 17189 84109 228037928
2 44802
1 35814 73377 850003625
1 3458 24577 172411771
2 90437
2 44605
1 12089 56352 479489267
2 43838
1 34661 9982 828327618
1 2467 46623 106459324
1 50987 90057 112705289
2 35645
2 25212
2 5329
1 91864 36649 858984769
2 93667
1 57303 72710 922327667
2 76967
1 76052 38365 386505339
1 42580 74907 323398898
1 58739 81547 453974450
2 14126
1 17761 16034 493837866
2 77577
2 61400
2 79652
2 70791
2 44174
1 32928 80843 999188215
2 22970
2 38902
1 93868 63278 100178958
2 51547
1 45210 51095 505237438
1 73801 32925 258278119
1 5144 380 361926232
2 67846
1 21762 56855 860487993
2 28559
2 50172
2 17693
2 52439
2 42928
2 54804
2 78196
1 80415 89375 156545141
1 32379 41501 254504869
1 49567 54488 72035262
1 5528 44602 462223991
1 98515 94708 846881572
1 98436 67716 895888318
2 52278
1 32890 28509 310559567
2 52196
1 93585 41318 869796408
1 84699 9654 211067885
2 10012
2 10874
2 57018
2 96651
2 7192
1 96587 52887 729266721
2 44346
2 75034
1 39539 78746 542363410
2 11099
2 42730
2 91463
1 48794 19979 14703693
2 28332
1 85083 29756 71395527
2 91764
1 17133 90553 610757028
2 34212
1 35129 30759 699684970
2 41221
2 5812
1 18878 91887 486490385
1 48319 23636 19588879
1 47262 71203 358046785
2 51296
1 71099 32936 277483369
1 36356 43161 17441989
1 89780 35318 222707265
2 41904
2 21325
2 61682
2 60561
2 84411
2 96124
2 9028
1 27561 6235 958246163
2 25940
1 77136 25085 163179810
1 4020 86720 580323706
1 51084 95877 434131172
2 26998
2 75702
2 30377
1 73939 23276 929419777
2 13952
1 42940 92425 720240280
2 15688
1 98953 37466 76026850
2 90955
2 3537
1 58784 4876 81535007
2 98231
1 95564 99267 21526710
1 68572 2273 960960711
2 18337
1 63787 33806 521473955
2 88409
2 76959
1 38884 93756 961286228
1 40457 39460 272795672
2 70768
1 46674 85093 12950189
2 71359
2 4795
2 51111
1 26940 63917 898276963
2 81140
2 3074
1 59519 19474 764971187
1 93762 30087 964641699
1 82551 11685 777749009
2 66627
1 94626 72766 131498184
2 29724
2 36053
1 25012 8525 795550378
1 29316 19644 970982570
2 63454
1 78243 54342 2729265
1 14921 52535 688579781
1 92913 329 983837329
2 86016
2 82411
1 80633 75046 528638325
2 22777
2 76722
2 95848
1 42476 53349 429808524
1 8767 21780 383169529
2 55078
2 70827
2 26988
2 71043
2 9922
2 65151
1 988 58052 324785256
2 92747
1 89007 11132 516365931
2 21894
2 12264
1 25122 27594 447775214
1 25817 3492 454732342
1 91259 30133 695065974
1 38939 54047 153467829
2 41859
1 70859 35130 187771245
1 11640 77494 484221105
2 46362
2 26631
1 59501 4839 955158022
2 68612
2 13223
1 4876 96338 164749371
2 82955
2 28019
1 63865 38254 352098539
2 39650
1 49890 4634 473464009
2 87786
2 52516
2 61065
1 80532 21486 103386474
1 67906 30283 760244175
1 43728 26155 980353102
2 75774
1 45958 10804 153673197
1 29002 33864 61812284
2 74949
2 64928
2 51100
2 91393
1 98880 19028 735642088
2 88132
1 65685 73780 554065073
1 59971 54786 676869090
2 98446
2 50922
1 74106 680 408505665
1 35038 47953 593589701
2 63392
1 55353 5728 847523451
1 40362 93171 652140723
1 14548 1238 949901380
2 71664
2 60112
1 82792 32898 274987933
1 70848 66632 47351127
2 8052
2 14114
1 60342 45926 236451964
1 39736 45920 441369372
1 62560 3147 574880055
1 17565 51510 530163242
2 12895
1 41971 46704 11443442
2 75611
1 16967 68686 413581092
1 78985 43486 294962923
1 31232 29272 785751032
2 41226
2 4929
1 48953 94014 350273410
1 3800 65763 537388679
1 70300 12958 31466863
1 14269 29948 991050478
2 68687
2 69708
2 94773
1 2971 58200 502986635
2 54188
1 80187 21176 62363732
2 70453
1 63969 20632 93093876
2 96233
1 5350 24190 853264536
1 92081 82408 196725304
2 14740
1 73084 14908 236764599
1 48609 49797 103529126
1 56294 43550 518486173
1 31339 39617 971818898
1 62898 85476 51429906
2 90292
1 20997 97760 954063683
2 22766
2 15068
1 47843 94206 150140534
1 9170 75567 531318266
1 30517 45431 558836475
1 75630 47101 586313261
2 82853
2 60247
1 36098 92253 429410698
1 40538 27365 209802551
1 83241 86375 644129724
1 94775 59383 292279946
2 65393
1 24265 83571 692451856
1 71854 4979 258967879
1 87424 36524 806579603
2 79141
2 13258
1 32852 22261 178529237
1 46756 68561 379959465
2 4860
2 4753
1 1073 48701 816358863
2 82236
1 14171 7803 903849691
1 42802 20033 172471266
2 12032
2 23773
1 24573 50611 183111630
2 30132
1 98813 90876 180396322
1 87712 36501 907879984
2 87212
2 9657
2 74456
1 64204 10078 294120131
1 80295 1261 448951802
2 13673
2 82913
2 9500
1 71565 42688 669028063
1 96276 4100 299872164
2 16885
2 12507
1 1554 38134 637000092
2 38776
2 92887
1 94908 71205 480826778
2 28620
2 4248
1 90873 84278 180382942
1 73338 51562 151916910
1 40206 21627 868472136
2 51805
1 9118 86062 892938906
1 17080 94640 668774549
1 52924 96371 810199233
1 20021 19930 631013368
2 13121
1 77098 49094 488627121
2 14072
1 63669 45118 328384808
2 77415
1 50077 72991 987061655
1 92269 2220 868462381
1 40551 44192 259806758
2 84289
2 89738
2 88037
2 93125
1 30243 31884 845823527
2 40958
1 21045 45129 949505206
1 19006 12186 429393018
2 50441
2 82526
1 29998 18997 733824492
1 27951 16067 370501508
2 88688
1 76389 99642 642259257
1 65340 44196 166519758
1 88922 86605 875215375
2 46627
1 33637 59417 813071971
1 6850 21060 442365275
2 60710
1 49231 50612 741798757
1 78619 30824 806689372
2 93101
1 14981 8710 111034133
2 32727
1 25636 28079 15506601
2 35667
2 8950
2 36524
1 68196 33633 346349771
2 77541
1 94658 53964 722506177
1 18672 89904 191360113
1 72602 46751 138394149
2 92190
1 1463 25292 739345051
1 71394 75662 767852833
2 67334
1 20279 99301 441817505
1 93606 5062 302834789
1 19348 96025 840360512
1 34129 43076 68198544
1 50461 85416 252281585
1 31828 73283 489623212
2 36868
1 8940 95780 179684652
2 34611
2 54191
1 31800 88217 644089346
1 29444 1113 620293722
2 4988
2 83595
2 75239
1 99846 14193 535384467
1 22191 55848 577057716
2 9194
1 47639 89687 832631686
2 91265
2 69963
2 70361
2 47731
2 77268
1 55771 18813 713277436
2 36778
1 72100 83160 786342772
1 15070 14936 508016500
1 72123 94236 318366292
1 16598 91855 688524849
1 49115 13080 200123158
1 90251 99672 177149957
1 5302 58908 40137437
1 2728 60981 557808952
2 25990
2 56629
1 12676 2478 401411979
1 35593 32197 152138850
2 52174
1 32348 29461 129481748
2 19458
2 85501
2 39045
1 11818 38708 445724695
1 93162 71758 212928308
1 86848 18318 367346845
2 47631
1 82993 12838 949144019
2 82193
1 93224 70834 12120618
1 89734 36126 117201909
1 79779 73927 498882374
1 39652 62067 658499871
2 35036
1 3636 78212 432626735
2 84409
1 78533 73922 653786731
2 16473
2 6445
2 82910
1 31014 79721 949587422
2 31916
1 64214 4504 98416462
1 96262 54808 515364506
1 70464 63628 728361514
2 58723
2 9633
1 99014 5379 289335382
1 81305 35713 312403847
1 88753 32051 706314352
2 50563
2 69696
2 90265
1 83303 56656 54641487
2 74406
1 18242 8193 939061503
2 34156
1 11646 10248 613335720
2 10517
2 8081
1 66815 40041 535352478
2 38102
1 55793 54055 672405307
2 52840
2 23832
2 67082
2 56066
2 75745
1 31797 60256 229417047
2 62626
1 26993 38688 340485470
2 89083
1 21144 88855 349450545
1 57109 8516 309140128
2 63231
2 91701
2 58067
1 62752 13628 916971603
1 50630 54235 773329094
1 6982 99640 674122194
2 11905
1 27476 26865 849619766
1 57935 20907 418355142
2 66828
2 76050
1 77206 32530 235233329
1 25828 9876 639430327
2 7437
1 19503 47619 553169101
2 41519
2 76862
2 13196
2 37570
2 63015
1 56383 17712 966306071
1 57918 49755 819731640
2 42963
2 35956
2 36550
2 9761
2 69051
1 31386 48021 553328143
2 45329
1 7726 71951 989644175
2 88271
2 54480
1 11618 24208 821688262
1 97966 39249 684181328
2 48572
2 75601
1 82038 95846 735415205
1 33368 87605 475958479
1 78539 48306 76026995
1 82204 11446 680108758
1 46401 85396 664322680
2 80014
1 25047 56736 280054796
2 33921
2 14651
1 46337 20266 891489340
1 6950 90443 324159014
1 71222 12656 65560327
1 39259 62918 713354853
2 38697
1 46510 77446 985111805
1 58709 92995 873983045
1 45046 82616 770305606
1 6323 80348 662022605
2 86250
1 74488 47378 896459155
1 29124 92978 575499538
1 5352 22534 343075781
1 5102 73560 685695288
1 81188 21021 280957742
1 27281 82002 141139824
1 34719 18626 390114810
2 21335
1 1307 21299 632788875
1 5921 54046 989261245
2 55875
2 92606
2 18440
1 4041 61789 13130510
2 48088
2 46841
1 11568 5044 165364741
2 23346
1 89321 8513 532495214
1 45898 32415 363379744
2 76270
2 46459
2 90033
1 89885 16150 718885208
2 41874
1 69389 23879 777888314
1 41140 68570 135790290
2 36311
1 99312 50475 971387176
2 32623
1 44437 11300 500069478
2 10732
2 90017
1 35038 90852 631689996
1 29960 32277 204517469
2 36266
1 51342 37506 265899244
1 58442 64897 454467199
2 34559
2 20542
1 78092 70304 60719944
2 47311
2 47227
1 34954 84678 647916573
1 72409 6103 412343028
2 25048
1 61831 94594 877709241
1 37251 45203 312093532
2 13203
2 98486
2 11856
1 31920 86705 163805669
2 35294
1 66566 69352 983339731
2 60075
1 62622 15151 599026406
2 80444
2 82655
2 58361
2 23123
2 74278
2 23594
1 28794 48399 105495325
1 41560 36595 429454715
2 34092
1 71547 75929 183329966
2 76411
1 40306 83538 45883374
2 67918
2 76123
2 99359
2 70130
2 80334
2 86092
1 9204 56575 944107360
2 74704
1 53095 60271 206457009
2 49731
1 10073 51302 145619781
1 20209 66655 122901702
2 17490
2 79712
1 88118 15781 701993826
1 5736 30468 177521414
1 48938 43549 664403678
2 39422
2 84069
2 5174
1 56936 52611 410844516
1 73854 85394 411332234
1 99596 11998 458828250
1 78704 89416 651441454
1 74592 51013 632442213
2 35140
2 18535
2 48788
1 45169 57679 580329207
1 46010 32513 573868037
2 16519
2 38958
2 13476
2 32609
1 35 36782 821462776
1 21731 52209 4074225
2 40903
1 81180 36645 500265172
2 19067
1 83189 96201 41590976
1 96725 1047 112787934
1 54662 64527 166680796
1 79536 25004 137698646
2 97761
1 88729 98313 141319563
1 71064 57704 981860056
2 98747
2 93890
2 94696
2 10554
1 30502 23594 773922926
2 20517
1 86499 59102 704763478
2 23593
2 22198
1 9966 52953 257512183
2 88960
2 74366
2 49421
1 22926 65953 993003678
2 70877
1 40207 37605 300053236
1 79372 54425 326114703
1 76356 40462 562090707
1 93944 62523 407014309
1 47782 2963 157167133
2 25241
1 68035 26256 479557731
2 94008
2 49906
1 16147 32345 82391037
1 13715 50178 449974056
2 76989
2 11348
2 78604
2 87313
2 47340
2 3347
1 30513 3094 778784758
1 42372 23753 617670195
2 24668
2 83969
1 27718 58935 806581313
1 79130 16405 441222203
1 50564 29800 369409973
2 67066
1 58587 63831 189608685
1 74333 86734 20635867
1 53370 51714 354260110
1 43417 24400 589201137
2 96106
1 40429 81011 51362411
1 84909 96628 606337637
1 63879 80848 459138955
2 20767
2 53079
1 47543 20093 932435511
2 54530
1 71976 21633 711653477
2 37505
1 10823 97605 855298131
2 43410
1 95452 26928 430076696
1 99909 17001 871862032
2 91594
1 38866 80713 317139022
1 50614 79023 793820674
2 96231
1 71844 76520 274305206
2 41246
1 10276 89188 815173100
2 12551
1 26013 87451 486497552
1 2358 50133 266048748
1 99773 69631 436316394
1 32347 57403 201493974
2 66874
1 58514 59172 827909774
1 6283 32878 634831217
1 41253 61506 838690770
2 3963
1 90943 8075 993461955
1 54794 67696 903539305
1 36075 99864 737316452
2 23564
2 45824
2 63313
2 84553
2 9185
2 50633
1 25136 89344 942607603
1 41800 87112 329751117
1 19893 34962 36401496
2 56195
1 57985 60421 531629073
1 55813 30888 657952304
1 5347 74011 990862325
2 39737
1 41078 20922 188702381
1 22512 77779 500623633
2 18106
1 33706 51556 336602678
2 62793
1 67600 14276 245774480
2 28337
1 61461 22442 886231523
1 21043 71285 171923081
1 33606 76459 134779579
2 49168
1 97304 49230 397985773
2 34037
2 80182
1 74214 77357 835556875
1 88442 63480 485675706
2 97249
1 36634 4436 292511892
1 7811 96907 1211946
1 86948 19380 728557875
1 86642 66915 289429562
1 50767 69470 265155198
2 63477
2 92224
1 22713 75008 492448840
1 96710 81476 504998186
1 83062 47126 575573444
1 71022 24337 41121293
1 56799 29798 318481060
2 79333
1 28824 48839 529971071
2 95185
1 49840 93039 728874738
1 62286 35194 670754880
1 26711 24015 357540100
1 43450 82827 259066829
1 87167 81154 703660405
2 98261
1 65242 95922 810552630
1 76328 73844 110996583
1 74582 17719 313424865
1 59751 49607 255695564
2 84154
2 90729
1 79916 33512 217387576
1 76021 7993 843833591
2 24497
1 31575 34161 704480071
1 78892 78437 63977665
2 29869
1 4558 91906 259389383
2 36173
2 37172
1 31415 12525 382772171
1 50647 85771 474267260
2 7422
2 41607
2 78877
2 39619
2 82989
1 54811 75117 878647972
1 48934 14235 483769846
1 27093 98722 303470708
2 19348
2 20344
2 38789
2 54641
2 59200
1 77572 89225 885842893
1 62965 3433 81476230
2 33308
2 23151
1 79687 41605 910725679
2 25937
1 50053 24411 179992460
2 65197
1 83681 29834 642658423
2 28400
1 54723 36125 695402556
2 82184
2 5611
2 79014
2 15237
2 67612
2 72941
2 85053
1 4619 5150 261611686
2 95132
1 20634 7968 912556374
2 64136
1 30801 83355 252346876
1 57655 40272 792920028
1 66978 71499 75520847
2 28267
2 35900
1 11789 33789 838228215
1 80227 62505 346442806
1 77521 91480 277131911
2 45737
2 96222
2 53648
2 64581
1 27025 10885 541491083
2 20980
2 73794
2 2097
2 19298
2 45808
1 88719 75897 118017413
1 67071 25216 435646565
1 96145 16917 962247195
2 65920
2 33267
2 96895
1 67424 4976 640272223
1 92062 4555 482560981
2 4295
1 24656 51215 353315693
1 97063 45500 408927527
2 76131
1 40387 92574 830528759
1 33365 91585 416980682
2 36827
1 11987 51550 74652030
2 46846
1 24414 94112 228002382
2 46101
2 18438
2 18785
1 87619 81944 721704321
2 50701
2 38485
1 75875 64125 677369067
1 83197 28456 929906277
2 2187
2 78672
2 65462
2 15596
1 82425 77202 103234602
1 54293 79100 367054642
2 61389
2 79456
1 70003 48882 636521697
1 80854 21724 812643908
1 26204 89042 183343457
1 23333 70091 423020655
1 99502 7293 600942064
2 70197
2 92841
1 31900 96572 258403644
2 54166
2 57192
2 67286
2 20405
1 34163 49400 906923948
2 5040
2 53017
1 50853 35712 141560636
2 3556
1 21747 10723 941230630
2 20796
1 78701 74134 878823849
2 5713
2 33695
1 87865 74658 898093140
1 74311 12839 338359463
2 16121
1 83046 52159 19755147
2 5705
1 27106 67697 26266155
1 42273 13375 578813521
2 55799
1 29605 76351 983407508
1 80223 13571 943774928
2 37440
2 27646
2 53071
1 84948 13565 568265971
2 34812
1 98246 87055 118200016
2 7496
2 86822
2 40288
2 66098
2 49338
1 49853 80957 86359572
1 17527 25279 57801203
2 29592
2 91969
1 82488 96266 341734288
2 42779
1 50338 56836 12475547
2 82741
1 90540 21724 113163642
1 60628 89453 276666264
1 36676 75738 642324646
2 59941
1 2238 11136 238996348
1 2786 95318 713129608
1 95401 14589 601137652
2 56179
2 7521
1 47132 62987 287981087
2 46335
1 45095 56144 855574067
1 40553 75554 949239934
2 42952
1 38745 44403 949113486
1 66244 53528 249942394
1 30044 50893 523434059
1 94546 95425 435641144
2 38192
2 37377
2 75218
2 17361
1 15962 63514 555661303
2 21902
2 26679
2 62052
2 93175
2 39716
2 60264
1 46438 90506 594347879
1 4244 67791 395458452
1 31745 41086 684192872
2 5470
1 6266 34273 43758458
1 30501 51436 402353557
1 98643 57777 779174315
1 71295 97220 190367563
1 89720 15199 982164428
2 8104
1 10793 91771 441456155
1 26729 98338 674437622
2 58133
1 71551 2388 835768047
2 86047
2 45051
1 25904 53501 188866473
1 82318 7448 187519327
1 19621 75935 859354120
2 92259
2 11678
1 38695 55413 273557696
1 81526 23116 773766335
2 28501
2 62855
2 32718
1 19164 70693 8680804
2 59033
1 41048 95753 277613621
2 70303
2 13717
2 51895
2 45107
1 93661 18976 941061314
2 89958
2 45800
1 44113 84887 677981065
1 37363 18571 413248043
2 7297
2 2166
1 37938 96014 707878218
1 10650 92310 288146152
1 94769 55203 66579104
1 80084 18327 340148926
1 32763 6994 43828795
2 84119
1 86000 26603 91474922
2 25191
1 4915 7135 580428012
2 13104
1 97205 83931 361301360
1 32084 87489 21821837
2 86140
2 58052
1 63906 86400 670132839
1 90530 71950 487464112
2 9541
2 48905
1 82603 14237 383776926
1 22822 56414 397426023
2 64830
2 31774
1 54937 45689 410416144
1 74764 51320 253926082
1 58216 97199 80674406
1 53576 61456 863523915
1 52550 34811 66715061
2 63651
2 34344
1 89364 47155 915405049
2 65619
2 5899
2 59886
2 77779
2 78668
2 91391
1 65763 11247 326648811
2 14157
2 28478
1 23407 93603 843427736
2 45518
1 86771 3806 866664648
1 55684 54244 862606796
2 71886
1 33087 37475 628679185
2 96045
2 85646
1 61886 78912 69122548
1 61661 47289 280135024
2 93779
2 23919
2 80395
2 79219
2 45144
2 38187
2 13582
2 45972
1 25081 6426 921841673
2 24010
2 44839
1 64384 4858 703709461
1 66083 64107 8774734
2 26003
2 21485
1 38854 91918 717594355
2 36752
2 4382
1 50811 68656 551225126
2 49716
2 80706
2 875
1 7988 82414 369136940
2 45700
1 60579 33019 10996706
2 23103
2 92759
1 59010 87288 745785112
2 69873
2 26618
1 70564 41097 328560235
1 7286 1065 357381930
1 56543 21996 67903074
1 13261 75352 974361663
1 61248 89707 362875819
1 12881 93509 790087633
1 77123 53294 672903384
2 92826
1 98924 6939 285792791
1 30761 67188 998712500
1 39472 45905 960755431
1 20202 16239 376031035
2 49711
2 56461
1 58465 64636 42206501
2 77104
2 80506
1 47181 38074 959420809
2 9706
1 20105 31104 126901207
2 13922
2 40897
1 76942 99369 431028332
1 67491 82637 146900606
2 65833
1 86981 75079 605198281
1 32196 71567 744987060
2 66179
2 80449
1 73802 92584 904135041
2 44561
1 27702 3264 719627671
1 85815 36516 792142101
2 40788
2 3913
2 80868
1 94582 60675 215947549
2 108
1 96300 8742 320071877
1 3832 31611 350699009
1 1651 39499 219673282
2 30318
2 32033
2 878
1 47863 32750 23571719
1 94698 61301 755944498
1 30011 41695 127196383
2 82162
1 34755 25077 568217239
2 53530
1 56925 41950 727836993
1 82913 13406 455383322
1 90151 20971 753545063
1 77783 90473 424435841
2 16932
2 58643
1 41928 43702 313748586
2 36724
2 716
2 60766
2 84691
2 16718
1 58753 88923 918599367
1 18286 75453 258598420
1 93557 56067 951251657
2 85089
1 26008 10834 497579592
2 97825
1 11391 4470 106103479
2 10393
1 57482 18496 233360377
2 19852
2 27211
2 85720
2 58715
2 61478
1 37275 98934 176302159
1 25754 50492 504153596
1 19237 65155 468518048
1 44040 11270 677736634
2 86001
2 13812
1 21519 15041 950646348
1 48337 49945 998603865
2 37772
2 97422
2 451
1 25953 39801 118816143
2 83295
2 75771
1 55744 22898 988652498
2 15774
2 66490
2 58866
2 95148
2 28071
1 36531 8494 316169377
2 85060
1 16276 35564 274894739
2 55931
2 72258
1 82119 85612 976491046
1 64077 44323 184367186
1 23703 51530 626316204
1 56612 22992 53007666
1 81709 96220 731894809
2 89556
2 4389
1 42356 56600 766740300
2 86427
2 85803
1 54923 68083 570919224
2 51289
2 47445
2 2768
2 4208
2 85330
1 17278 39324 103127312
1 2118 14425 610260204
1 96090 78460 198129388
1 86718 74151 391203548
1 62636 68940 624137035
2 23151
2 92299
1 57918 65545 131355779
1 12814 22559 114851203
2 23213
1 4241 29642 341908461
2 88597
1 82131 26819 659075126
2 60622
1 61378 20638 787484139
2 3954
2 59883
1 33503 42824 706073026
2 57644
1 66719 267 439097844
2 14167
1 90986 97670 313753735
2 48541
1 1815 83936 514421192
2 21777
1 75424 52137 531512727
2 36456
2 23122
2 44025
2 18398
2 34896
1 44986 58372 369244832
1 65112 5438 437550161
1 35373 18343 704154136
2 48955
1 82930 73698 384937960
1 80484 35626 307308000
2 88698
1 46523 97095 789166274
1 71885 2476 158255669
2 39693
2 14133
2 51343
2 96377
1 46484 14995 425436587
1 15536 81078 40581296
2 18377
1 43125 8581 70618385
1 27308 49032 675738827
1 8050 3879 398223461
1 43011 27047 453764043
2 6327
2 8502
1 98617 65473 745627756
2 11240
1 73004 15087 129961385
2 53549
2 34331
1 92762 27178 169219089
1 53245 88837 606886741
1 26560 57438 465676759
1 99879 32530 154012919
1 46336 88661 518607014
1 15638 85610 70859618
1 65587 96231 213669683
2 27684
1 1687 53721 861687897
2 93531
1 42200 34742 182551571
2 1100
2 59372
2 4207
1 55264 12383 81517559
2 24233
2 38509
2 10776
2 98117
1 53442 17864 647973324
1 50903 48024 431870480
2 35273
1 98370 75931 517337349
1 23953 81184 401148982
1 19405 47478 997386087
2 69911
2 67278
2 6347
1 61000 86035 129879644
2 9316
1 88760 19887 977806059
2 77771
2 18675
2 27254
1 94224 51532 167877449
2 1724
1 79916 77532 137500259
1 71376 20080 299396857
1 51128 81940 836321530
1 43116 31513 306838675
1 22695 82921 287201522
1 54816 9187 342640546
2 53495
1 75966 5629 495844257
1 56923 13046 974066329
2 56752
1 6990 9548 694347329
2 15829
2 7339
2 32820
1 18714 86422 769549740
2 36226
1 25926 71894 499733626
2 72340
1 65791 55184 703772515
2 8255
2 26249
2 9899
2 98279
2 15037
1 58246 84385 823738927
1 29279 59930 892378474
2 6057
1 63172 79652 428027458
2 49395
2 35848
2 68595
2 63676
1 98838 15343 893836159
2 42368
1 77288 73727 406312952
1 9239 12003 632341667
1 47295 54884 908343251
1 42726 34697 662894687
1 25963 66980 763697186
2 31290
2 24999
2 30136
2 83066
1 75732 95241 173316893
2 67326
2 36459
1 54914 80220 836311215
2 43482
1 43855 66703 567324773
2 51491
2 31707
1 47089 52999 21977048
1 7077 94300 924137744
2 77482
1 40316 48420 999674932
1 69720 13446 494588545
1 71192 36801 418969851
1 38126 80433 957853580
1 1233 60693 3823257
2 32000
2 1059
1 92834 92569 823718214
2 3467
2 74903
1 66490 87131 207838827
2 31777
1 85011 42588 80005454
2 46280
1 42582 40477 855715084
2 10906
2 56024
1 41819 90276 421520442
1 3544 53494 111072388
2 69348
1 55169 61449 584104292
2 45991
1 19860 80293 71919854
2 15790
2 64797
2 84202
2 41415
2 40025
2 61578
2 6226
1 62855 4948 229186318
1 54318 80824 725758975
1 2526 9466 337515311
1 92457 97963 699615256
2 85756
2 80078
1 33711 25311 476383999
2 87390
2 15512
2 98567
2 90847
2 60400
2 92595
1 91515 90930 580928002
1 14138 62845 765848332
1 94739 38758 266538146
2 6829
2 19553
1 99138 22869 717105027
1 15259 83896 101118969
1 37584 19767 264576361
1 361 28589 156936381
1 50382 68301 158232343
2 2176
2 56737
2 28649
1 3887 15825 680068579
2 42548
2 61561
1 87417 18042 422517283
2 89462
1 33667 24671 331320626
1 28496 55912 373980003
1 25441 15972 194396401
1 25853 25811 910512381
2 20201
1 65159 35269 581281730
1 79747 10990 796848047
2 30312
1 63459 99847 688268284
1 35846 5372 146064169
2 51869
2 36705
1 61667 75370 797116583
1 92208 72820 895927319
2 19976
1 34449 41615 30798024
2 92738
2 46515
1 81838 76200 981400764
1 95141 82744 673592383
2 74624
1 45411 50296 581649744
2 40646
1 7353 7723 594335936
2 34005
2 35503
2 29452
2 84100
1 46576 48671 694152896
1 50220 92162 432111114
2 6950
1 65737 1985 763672486
1 51701 66286 530010264
2 25450
1 5288 42441 616345568
1 1656 64865 251413699
2 45719
2 62452
2 12544
2 42285
1 61510 74124 743912124
2 38101
1 14896 52236 895406498
2 87231
2 84855
2 55883
2 19385
1 71625 17136 533199314
1 59587 47101 260003765
1 52733 7800 99779780
1 4787 29287 139340109
2 31278
1 24934 41788 303947558
1 42980 48456 643524689
2 50740
2 97247
1 4479 75156 56104125
1 39551 61013 520707246
1 30763 56688 554481677
2 71493
1 32043 23062 594390209
1 81415 9547 991050489
1 34897 77286 376508089
2 25391
1 9584 3094 620766520
2 68299
1 98684 58303 667922892
1 51148 73602 329851872
2 14820
1 15382 34919 974903933
1 55594 85965 337489375
2 8813
1 25551 96398 888532988
2 80482
1 96839 76911 684284611
2 15289
2 78882
1 37745 25998 720679931
1 34450 97156 495037702
2 61308
1 31110 64586 856054675
2 69210
1 57514 44563 201436241
1 15547 57105 944486750
1 83780 99821 404972378
2 40769
1 80886 11051 352611575
2 15803
1 65906 30482 583992067
2 17233
2 36950
1 42623 91099 193227887
2 41006
2 32950
2 36939
2 80317
2 9542
1 49994 37802 795272324
1 28124 68678 269155312
2 33814
1 8237 34356 587393751
2 62179
1 6446 98903 910817513
2 87336
1 80191 31805 477606856
2 36697
2 2473
1 77217 28848 242145352
2 54762
2 12136
1 26382 88603 711896839
2 96534
1 98209 57366 687226421
1 37737 84567 995687199
2 17956
2 48105
1 19385 74174 378079015
1 53638 76004 675482028
1 20594 4778 213320201
1 26641 77639 490180687
2 60415
1 14514 81093 650169725
2 26065
2 79433
2 81333
1 58703 84352 839624022
2 69463
1 42463 40817 208890442
1 24570 79127 111059877
1 25123 39846 433417125
1 40354 63049 38794345
1 51528 85124 994887286
1 64235 14559 129303797
2 22598
1 69748 36229 189020226
1 27129 37554 49281805
1 63974 45750 790282658
2 85979
1 68530 67528 406906322
2 17613
1 29147 37599 334043860
2 79787
2 40111
1 44626 75635 277593713
2 66415
1 1989 55771 377049118
2 80763
2 5926
2 79911
2 7429
1 41892 50832 46270977
2 44111
2 30464
2 26214
1 41910 26500 286205794
1 99760 93639 236291461
2 17296
1 45894 49177 446166523
1 80978 17603 994433205
1 20614 5048 837588799
1 71661 3088 707883231
1 43871 6930 321149303
2 82972
2 4813
2 69402
1 47608 47601 643338876
2 36040
1 71229 64404 936574936
2 6397
2 90081
1 11230 76813 805120533
2 37568
1 9011 66129 544173738
1 72061 12350 859475490
1 55172 80253 744142175
1 85201 88726 867253418
2 91239
2 25327
2 56
1 66416 39302 216869367
1 48249 78951 909602852
1 59088 52807 18051166
1 39186 59672 330838463
2 43694
1 53419 58639 653749031
2 92795
2 54705
1 62901 92140 814386655
1 85371 91972 84814943
2 15597
2 26802
1 26850 9904 380118690
2 3460
1 13240 30587 707814208
1 52986 95000 759289590
1 32210 63848 186537859
1 6599 78906 64088348
1 61001 87968 368135759
2 74814
2 54939
1 32560 93051 970240848
1 54186 44711 840640079
2 79462
2 86693
2 36072
1 49190 52103 22893749
1 20668 94342 822192546
1 82660 79314 906104292
2 37802
2 20606
2 50746
1 83453 52045 104360933
2 63440
2 1750
2 38973
1 51064 53765 508327354
2 42325
2 50563
2 30170
1 53237 27481 657254659
1 73146 71773 54752447
2 54858
1 42745 94964 665868190
1 10361 44899 35483865
1 57313 68451 419914010
2 41304
2 3042
1 26285 84289 455016911
1 90071 34049 805806903
2 83246
1 13241 74742 229292293
1 42796 52721 31127925
2 69520
1 77620 22427 11921727
1 20308 26399 252515850
1 17775 88037 900321147
2 51184
2 77690
2 28857
1 20202 17931 479112103
2 57421
2 85278
2 54853
2 60763
2 27403
2 13300
1 36798 59295 119572887
1 11856 61937 810296133
1 3050 81589 162839887
1 40676 3870 587727005
2 91483
2 3862
2 23484
1 90040 88026 98163998
1 23794 32097 721311310
1 15082 37974 467461301
1 57176 44014 775527714
2 9028
2 86972
1 49066 51368 471554339
1 89206 30100 617564769
2 780
1 93352 28031 132394025
2 65454
1 55831 21573 169563164
2 13283
2 38077
1 49638 13093 471956895
1 69712 24993 19346842
1 51970 42094 829024669
1 12426 84906 778506164
1 75680 80566 971097130
2 79870
2 62317
2 66896
2 43372
2 83047
2 57258
2 47552
2 23960
2 93282
2 74257
2 22551
2 40644
1 85323 86813 433995931
2 73947
2 75908
2 29056
1 58868 19993 419400124
2 1393
1 51779 34617 198096893
2 21022
1 19000 10799 629622902
2 47596
2 4661
1 44272 73116 336757003
2 55701
2 91167
1 9680 94908 347309359
1 19650 3739 408970693
2 30874
1 32309 93422 13039876
1 68723 3066 913721366
2 6906
2 3439
1 56092 48136 29149445
1 37514 61868 158990548
2 6996
1 4750 93490 688879144
1 71518 79846 258271606
1 48723 44541 844880109
2 69022
1 42514 44745 630953614
2 17028
2 87195
2 78873
1 17067 25832 334768853
1 79529 12495 121445354
2 44678
2 7394
1 9817 58143 535950591
2 64959
2 57392
2 8621
2 94555
1 99851 64250 581236251
2 11960
2 55837
1 99034 35907 851651592
2 17148
1 87699 26015 862234591
2 31847
1 80844 85813 138870726
1 32955 3783 820984167
2 80568
2 2737
1 526 68307 522139128
1 35012 57451 755721488
1 50238 27319 910947530
2 81087
1 97774 19420 103851071
1 44552 49248 836140965
2 53149
1 17773 66377 634240365
1 50182 157 461302262
1 91975 27184 61630744
1 52082 8194 916380502
1 54848 34354 46353252
2 67226
1 38881 98760 277087122
1 27928 92632 18208264
2 86015
1 63180 3502 399121850
2 42436
2 86903
1 35630 16728 846209970
1 9044 45025 641565392
1 32284 20661 702368800
2 39249
1 99511 12145 409625855
1 24097 40172 271269056
2 15728
1 19096 68125 28568025
2 59464
1 83884 46529 495787809
2 66295
1 7398 65607 848203865
2 54747
1 55649 25515 858465216
1 13847 13325 324886975
1 66728 52317 851675213
2 75603
2 81857
2 43872
1 89953 18468 579336634
1 29123 19995 662774183
2 80065
1 17569 37873 38822996
2 621
1 99217 87612 712694695
1 22601 7406 452991831
2 76532
2 66180
2 35706
1 75523 91457 242752836
1 13296 83538 544931810
2 55172
1 85496 44468 669492581
2 64159
2 82444
2 28406
2 64688
2 50685
1 38345 62005 795717931
1 72426 80498 555055558
2 6705
2 88854
2 84676
2 75259
1 25990 43369 812239871
2 17183
1 94466 58459 287845480
2 58130
2 31264
1 55750 20462 871095156
1 33633 49137 867418694
2 81724
1 20887 21634 245833096
2 31104
2 6817
1 10910 26328 33411025
2 75068
1 20736 11272 958824472
1 97090 61374 437228591
1 71251 55138 931935565
1 68527 89588 253638282
2 70056
1 5510 37185 589248879
1 67802 78053 754422891
1 93348 17986 340556973
1 58685 98853 300219473
1 74240 76562 577031565
2 15465
1 97717 10985 832514739
1 88535 98172 820687599
2 81319
1 47021 66949 454283679
2 98064
2 81098
1 28339 97004 700807351
1 38423 44303 343921235
1 6321 52225 855661625
1 51344 9709 356677051
2 23493
2 69088
1 27502 16012 96238735
2 62862
2 42915
2 93299
1 9642 61033 803401822
1 78997 34785 356753563
2 99607
2 24646
2 29001
1 73002 84626 305263694
2 51876
1 82526 61835 362474669
2 65353
2 3172
2 60317
1 26184 60588 17962143
2 38982
2 32534
2 27127
2 25880
2 48454
2 17972
1 40083 2589 63684943
1 46210 39401 683857524
2 75922
2 48730
2 61936
2 44695
1 59627 45350 9494554
1 13351 99950 838290533
1 37289 48786 980953160
1 16750 17806 909775439
2 890
2 90732
1 71295 61831 798151659
2 21825
2 50295
1 85537 56187 642874890
2 39628
2 19806
1 49798 29398 135394579
2 7130
2 52239
1 9087 13273 61135819
1 87646 41484 720371491
2 94888
1 69447 39010 81399568
2 97802
2 74189
1 77877 7933 712864438
2 97403
2 82353
1 73875 77504 866484833
2 94114
2 55869
2 8676
2 35823
1 83901 53641 98522878
2 52287
2 4690
1 3260 73972 855565469
2 7191
2 98325
1 69442 89777 42361437
2 9341
2 89240
1 66363 32998 877104267
2 67689
1 36791 11911 767911398
1 21185 46678 992355330
2 7729
2 66055
2 89055
1 8537 50942 3296158
2 17710
1 57879 87185 413876863
2 82770
2 90471
2 78747
1 8858 29503 926468739
1 41157 82278 432135804
2 65921
2 86498
2 81272
1 17696 1252 484204319
1 85569 75893 428715147
1 72497 46459 244436162
2 559
1 1292 60373 201113892
2 95594
1 46045 17112 549128147
1 56834 26111 472682657
2 27336
1 51097 7267 812439639
2 15145
2 97802
1 78935 45144 308246125
1 98864 37581 159171204
1 75204 60458 649605290
2 25052
2 6814
2 74375
1 83494 83890 270322716
2 73154
1 29477 51747 113873572
1 76507 71560 559440745
1 39224 37267 926231572
2 36420
1 89029 89459 357146210
1 21752 57653 716269760
2 86015
2 6980
2 57865
2 82649
2 51591
2 33728
2 18580
2 82322
1 69698 87738 259202204
1 63618 85574 916392020
2 77687
2 23208
1 1388 78249 304188418
1 15173 65742 714751900
1 55234 47002 200245763
2 19938
1 63540 45788 634710264
1 5864 88257 725217693
2 96214
1 80807 23407 877343530
2 62208
2 64204
1 17161 45963 662649895
1 46036 29659 557395357
1 73895 88810 466077516
1 81295 13220 702059596
1 99497 6626 721372429
1 32435 61553 904425062
1 92246 89393 469470206
1 67449 2696 481885949
1 66283 84630 403220965
2 76368
2 45513
2 77657
1 36217 39328 308245816
2 45592
2 76166
2 85150
1 88370 49562 274902450
2 45091
1 72001 60470 818050123
2 78707
2 9176
2 56961
2 85062
2 39820
2 87795
1 39528 290 786539215
2 55809
1 30910 15938 227409541
1 27524 27328 180930988
2 33481
2 29924
2 99356
2 9186
1 96495 84767 626266567
2 28554
2 93052
2 98662
1 12604 59504 497486034
2 15252
1 68118 70357 549562306
2 15679
2 67408
1 33986 15344 702374364
1 81853 29325 403128643
2 47459
2 24817
1 92460 18507 904416340
1 46273 16977 524172010
1 83321 24360 447858743
1 34754 82134 444687201
1 21775 10997 478187973
1 49959 50864 83551926
2 42644
1 92195 36143 717167605
2 35943
1 15182 68998 246672531
2 47804
1 23760 58312 269679144
2 69426
2 18720
2 32767
1 41933 37903 181215681
2 93505
1 2270 34939 934055570
2 69886
2 29386
1 11662 55314 538631230
1 16056 27065 845273529
1 43608 66927 787676373
2 65393
2 74425
2 53687
1 3837 54996 726905659
1 74846 31151 173743241
1 64961 71132 446868771
2 1256
2 19673
1 72967 12803 222109702
2 37992
1 98896 84698 999310174
1 40087 96361 242389845
1 69724 80252 167858572
2 26893
2 38570
1 45277 33457 931097759
2 75209
2 93121
2 60291
2 52321
2 56679
2 95842
1 36892 68934 716900263
1 40709 78118 772432299
2 70712
1 36905 56150 807412805
2 18641
2 41650
2 33327
2 20244
2 45244
2 49605
2 10460
2 4065
1 12033 9161 343405390
2 97711
2 74582
2 72733
1 50128 22587 385501146
2 53053
2 32100
2 8265
2 64998
1 33899 14277 784006485
1 15485 38633 400072480
1 16176 88823 498017000
2 53696
2 49852
2 77530
2 87103
1 31444 61299 255951776
2 50018
1 27979 42409 509908448
1 48727 18037 15664632
2 63575
2 24283
2 67190
2 24668
2 59847
2 48836
2 20378
2 71468
1 51784 83519 375301645
1 38186 66163 753715348
1 46469 10142 157825828
2 7739
2 95052
2 37645
2 72105
1 86066 73499 394060554
2 52107
2 47850
1 49264 11721 129555535
1 2710 44875 166742860
1 41336 16734 767590380
1 71987 33531 248107687
2 15019
2 36531
1 26938 13684 105622357
1 90039 48666 713196273
1 99363 59682 664130430
1 66100 48481 929125886
2 34442
1 1627 69228 739628590
1 48122 29819 282162309
2 88528
2 9161
1 12778 72041 973005075
1 67039 71354 558516257
2 56906
1 14666 95258 384511874
1 24258 98607 288022270
2 47655
1 85218 84199 105424948
2 88158
2 30489
1 91618 42031 339557708
2 19047
1 29819 70592 177494595
1 5193 36433 809931370
1 11640 65637 486181542
1 17800 33229 492135437
2 32823
2 70327
1 689 43410 326228646
1 12942 95461 378057429
1 18942 821 209763551
2 37543
1 14560 81825 531766355
2 73510
2 44903
2 62517
2 14193
1 57766 27635 731035086
2 81809
2 70855
1 79603 95642 992264827
2 26609
1 63654 1921 701145800
2 13469
2 11639
1 6875 65578 504832600
1 10529 10644 967620761
2 54352
2 89660
2 58257
1 63726 28864 94463780
1 43048 40133 453447210
2 89090
1 1988 64360 540863206
1 63049 6185 163252327
1 39957 32317 844714696
1 55478 74905 661256446
2 18115
2 5090
1 20179 92137 495421434
1 21613 59776 168130200
1 97687 9818 44437704
1 39931 83054 238405271
1 53367 54681 843181330
2 31983
2 93508
2 7699
1 34928 97816 148334758
2 93344
1 91008 7788 668192930
1 34053 29177 728975887
2 49221
2 24930
1 57628 65258 338493813
2 62514
2 65932
1 5656 73727 219904910
2 60810
2 23033
1 69364 6883 275339372
2 95931
1 63035 8015 257163776
1 65127 90496 508462885
2 37928
1 45653 84656 530598030
2 81949
1 80633 67575 756840942
1 1422 98713 150927435
2 48756
2 75036
2 87062
2 97497
1 13664 6989 735833784
2 85240
2 35111
2 39161
2 26003
1 6419 75905 198961108
2 11553
2 67066
1 3154 23739 808730279
1 52646 66055 245556151
2 27308
2 79649
1 43046 40257 672085388
1 76517 32928 61310021
2 31520
1 87144 85694 406699924
2 97223
1 9027 79562 490827458
2 65779
1 10818 9616 716435381
2 27361
2 5697
2 67229
2 17818
1 96430 85617 12887476
2 46214
2 81641
2 67115
1 84578 77063 6615155
1 58060 98334 633927317
1 2202 77129 973258084
2 17667
1 84316 75711 307740824
2 26104
1 93680 32283 480031486
2 1774
1 67046 40464 545319907
1 55560 67098 900842066
1 92693 72682 273879151
1 45025 61710 880507905
2 20815
1 55389 34192 662452255
2 49330
2 96776
2 13831
1 55582 27413 70977928
2 17484
2 43261
2 81041
1 11985 1765 742031662
2 72435
2 26502
2 59312
2 53177
2 5310
1 48213 5277 96680427
1 93946 53196 819901383
2 34501
1 46063 22535 938104184
2 9518
1 28942 16646 654387962
1 64328 92381 159412883
1 67172 40767 643300433
2 63294
2 60765
2 16982
1 60579 10292 664465051
2 76534
2 81177
1 8707 68418 808060260
2 79035
1 56076 86258 536857577
1 84314 62345 593132922
2 66502
2 82656
1 75359 90258 354876118
1 88893 39606 927565665
2 22744
2 94997
2 45019
2 93759
1 11935 87710 711969156
2 53263
1 24576 87949 29948546
1 19772 84139 881994977
1 45664 86996 242887324
2 67438
2 67686
2 73852
2 285
1 37684 47701 942038073
1 1405 45188 957528243
2 17549
2 18807
1 29875 43151 455762925
2 48930
1 82450 36265 661967867
1 44400 7559 596991656
1 27698 99192 301780353
1 43187 76002 47785506
2 63292
1 6062 28719 999796184
2 94441
2 15029
2 79451
2 67932
2 7849
1 82930 54546 531085
2 54629
2 64293
1 4649 98402 293880826
1 31563 58891 662047337
1 10834 92270 531188545
2 62155
1 42627 84207 725426780
2 3608
2 34775
2 14306
2 45903
2 63004
1 65043 53150 976932175
2 61043
1 74819 13497 655477670
1 56379 52171 964680880
1 87698 88852 124700531
2 1102
2 73938
1 84607 50739 142248369
2 57619
2 32755
1 22491 80943 158267562
2 53745
1 29484 41101 904170785
1 12200 37287 550040220
1 81070 1310 961025548
1 13082 71091 326098295
1 95810 85697 71404540
2 85169
1 80534 57647 790778739
2 3910
1 8372 17220 7717334
2 93510
1 15178 85396 639345116
2 45088
1 7536 73643 462607658
1 50265 32585 9162805
1 63280 66123 593948981
1 98323 40534 597484675
2 44814
2 32708
2 36547
1 39618 9938 464198815
1 43066 68742 718368621
1 53835 49616 399634551
2 9630
1 50726 87355 616146604
1 4147 25365 678854218
1 15261 55253 89198002
2 11733
1 19042 49913 487120560
2 99328
2 12135
1 72204 78687 889490039
2 20029
1 23676 27299 507682784
2 1512
1 46114 55998 404474900
2 38654
1 96272 46519 396374458
2 78792
2 75825
1 25332 28725 304401773
2 43396
1 33625 22958 218202195
2 4527
1 8264 56082 913690599
1 36008 21792 22500438
1 42560 52553 841263926
2 43510
1 68596 25870 98198945
1 734 58722 633291073
1 55961 83134 903690198
2 39004
1 72376 28848 639939209
1 40132 44062 183695758
2 22797
1 48615 6538 419154610
2 46139
2 61470
2 92387
1 36346 53732 267246036
2 37026
1 83186 20931 963109518
2 17711
1 54084 95891 587467057
1 4208 73452 397889327
2 13769
1 32541 4600 878896288
1 99185 21741 574259670
1 7457 43355 259910867
1 63705 14144 242929656
2 68347
2 42734
1 59844 43572 204064309
1 57907 73633 56771346
1 6394 31314 788426964
1 35711 70213 685091297
2 77029
1 133 13010 585004326
2 10426
1 62328 13102 914629011
2 76961
2 29351
2 65571
2 11631
2 56039
1 60791 16727 881742796
2 54746
2 70301
1 49168 15056 472488142
1 40331 58039 119270755
2 96400
2 34015
2 13199
2 11711
1 39953 71313 737908100
2 77291
1 33755 15435 514520471
1 54151 14900 165026004
2 73431
2 36371
1 63896 40076 618907314
1 65039 14190 566475172
2 50008
2 33570
1 22003 92562 419709231
2 84323
1 9438 10007 612688517
2 64565
2 47542
1 31665 1250 169920640
2 22924
2 40101
2 45099
1 6397 20181 828151689
1 69764 48476 381078390
2 15020
1 29580 62927 789864827
2 75234
2 65288
2 38765
2 15425
1 60651 64160 971423761
1 44235 91132 33984303
1 19366 68973 157997646
1 6406 53530 235444804
2 44149
1 66186 74490 19729382
1 61892 76272 182390071
2 794
2 42870
2 9326
1 79431 69233 655138945
1 72857 95472 825758544
1 17375 40852 871683570
1 52430 85456 31411421
1 32151 2442 963558122
1 14088 10813 73535738
1 37598 10838 226064590
1 59849 53262 571228
1 53526 2360 82832136
2 57371
1 9387 82638 526282054
1 17019 82921 848546505
1 21062 75812 285065491
2 29886
1 88615 4225 812805031
1 97792 96214 443737360
1 73824 51572 414396630
2 80565
2 58537
2 63875
1 52876 46009 186924168
2 20672
2 81783
2 35749
1 48578 98805 747721392
2 25704
1 25592 41985 701917353
1 4431 25753 936735608
2 41208
1 2670 44398 23905341
2 10961
2 61568
2 84876
1 75176 50231 373160258
2 63916
1 8794 28327 285277221
1 56353 80590 486900931
2 43350
1 76565 31715 835703557
2 67944
2 49366
1 90546 61838 462614964
2 22417
1 42083 18828 188933534
2 40098
2 92924
2 26655
1 77664 82824 467133495
1 88547 63773 887597002
2 41003
2 78890
1 46510 9608 935292808
2 62697
2 11705
2 68059
1 33020 97600 276325971
2 65235
2 42256
2 4841
1 14304 22866 506898147
1 88577 60170 265614834
1 7241 64474 188112286
2 64882
1 90977 14641 12964676
2 18601
2 4712
1 12274 73015 504959200
1 16980 10065 268188376
1 30023 61071 533383371
1 25247 22148 38868669
1 22890 22881 324298671
1 80707 91045 416139123
2 9686
2 9499
1 86 62067 32539584
2 40553
2 62263
2 95470
2 94471
1 47632 78848 936328789
1 12314 73445 85087552
2 95990
2 88194
2 82521
1 28810 75361 627051655
2 73332
1 40003 62012 297686864
1 86667 74787 893207343
2 31511
2 48900
2 43436
1 78051 25112 406594691
2 44395
2 41321
1 55353 18904 843008281
1 53262 45034 984610537
1 22675 21189 440162043
2 57688
2 72081
2 39438
1 37138 18716 274624069
2 64148
2 68652
1 58540 88573 134427465
2 38973
1 48365 46867 778952544
1 74013 19091 649793545
2 34288
2 86430
2 5855
2 11503
1 40899 70373 157105281
1 58654 6984 470181240
2 13942
2 60739
2 36360
2 20341
1 8581 15003 798312707
1 64501 40376 962071271
1 24267 66808 856826896
1 17086 4699 940209887
2 47155
2 12805
2 7891
1 94006 79106 300273826
1 61455 96622 112253677
1 91227 39331 952356734
2 90267
1 63111 77585 299653296
2 14388
2 30268
2 7698
1 65863 56927 77275776
1 11861 15264 384476768
2 74929
1 68402 71115 246997475
1 56286 22798 585348569
1 21359 14844 845723325
2 16892
1 3436 17262 653222787
1 14644 34711 718107517
1 68238 69313 86144619
1 50025 98996 926872799
2 75707
1 35094 83937 667133412
2 53416
1 3562 10399 924301574
2 36520
2 70606
1 88990 4422 175805886
2 51858
1 13612 66496 979610487
1 22903 24628 674818564
2 30749
1 91978 727 769632915
2 52389
1 44698 67654 455274376
1 26166 71549 282956600
2 77
1 90105 67684 34877242
1 67142 8621 589201601
1 16288 61739 149524176
1 14761 67253 896467519
1 30737 74826 117242118
2 96632
2 34352
1 93828 64115 778731791
2 81869
2 27584
2 28049
2 95819
2 49340
1 41595 12618 595869072
2 518
1 44852 48773 959077151
1 52545 890 790930691
1 66298 25949 492691278
2 34806
2 10902
1 38542 98800 400810773