2249 949270517
2 15272
2 86170
1 19700 12420 507070121
2 65287
1 75038 57458 447124329
1 88854 42429 501452848
1 33122 87264 16763976
2 7586
1 22153 79870 512842649
1 7351 72416 168811679
2 9976
1 76866 10652 64797425
2 77791
1 90137 83721 194497949
2 24211
1 16023 51070 715736685
1 33029 58665 825681141
1 76769 94000 812699156
2 83884
1 88854 61489 313802757
1 57544 49921 202691082
2 79736
1 47277 8454 865357925
1 7307 37951 979746813
2 8041
1 8722 313 144338383
1 18618 58770 761873128
1 37234 82146 879299845
1 14686 10616 237063328
2 91057
1 29407 71524 921919907
1 5386 32146 885032422
1 45870 58603 742854097
1 54001 18351 649933346
2 41630
2 9975
1 79210 38856 191096997
2 91100
1 42979 38939 876519583
1 19734 36903 852727375
2 95557
2 25361
1 29656 87466 748933092
2 64172
2 20508
1 43037 31165 81883898
1 41059 94594 365388764
1 93222 16273 382911839
1 90870 19718 700177793
2 16188
1 86491 94182 552897926
1 16330 58094 938493973
2 77206
1 58758 35207 685841940
2 57382
1 69374 81253 476022639
2 23917
1 14530 73497 592559193
1 94981 47516 961607151
1 55191 3394 220331186
1 55934 17697 889814372
2 78991
1 29687 16306 857622024
1 75836 21550 733448927
1 35677 69410 492957937
1 29497 3398 407331267
2 40293
1 65956 86036 785172883
2 83398
2 90445
2 63712
1 13574 91489 530023539
1 68908 33184 313211368
1 52064 10695 48683379
1 41699 86035 182976244
2 88390
1 24011 28414 626868169
1 17934 4464 703602519
1 2582 32964 324484393
2 75800
2 35914
2 84701
1 69965 65482 419612973
2 71854
2 40253
2 44458
2 39188
2 30746
2 17305
2 67270
1 64156 6229 624790956
2 41356
1 9099 17173 773961028
1 52169 1480 369067826
1 82914 56578 35782538
1 84646 69967 881113914
2 50681
1 38105 11167 267072572
1 13856 65360 421362714
1 72797 61761 944067483
1 36744 19197 438288197
2 84785
2 53277
1 69968 561 683812206
1 84802 89344 194270965
1 47286 49237 578175304
1 57047 84723 145472028
1 33627 52636 190335950
1 11160 20736 849931393
1 40302 92534 321213710
1 10564 75101 994813196
1 25470 78665 239770424
2 22192
1 93755 83563 338883045
1 41685 95341 693268047
1 46059 51502 6934741
1 24197 25622 250063701
1 95500 23962 192495745
1 64021 75421 421278361
1 26498 72584 763889086
2 50821
2 60107
1 27039 42641 166592614
2 40114
1 76324 29546 693398614
1 69234 53344 992734136
2 22652
2 66598
1 91372 12485 232558589
2 46424
1 15502 33382 805732385
1 6377 22546 667883623
2 62940
2 57181
2 93589
2 1460
1 10864 14492 822128915
1 77731 48945 783684797
2 97905
2 92578
1 41515 76992 586693357
2 30883
1 86721 71582 521613671
1 90755 70605 111907450
2 92240
2 14994
2 36863
1 40800 35884 250165050
2 76653
1 14879 6889 762229389
2 45169
1 7615 79225 41932414
1 12535 27851 926165907
2 57745
2 17048
2 495
1 4166 85936 951605135
2 22442
1 95209 31632 97753654
1 70098 24704 160765995
2 24874
2 84344
2 82258
1 33299 58882 93107452
2 67421
1 59435 65892 959930913
2 31763
2 17418
2 25370
2 10970
2 78576
2 8193
1 87473 70382 521752042
2 18477
1 19072 85383 736279959
2 1287
2 67492
2 33990
2 97062
2 84095
1 37656 12587 93688303
2 76454
1 61624 21061 908597755
2 17999
2 22633
2 27774
1 96326 47158 193590674
2 80089
2 59319
2 24981
1 82319 95519 590324232
2 68917
2 89325
2 17827
2 64191
1 69486 71476 389440473
2 23381
1 82883 57975 970564532
2 61804
1 24082 31870 794871895
1 10213 27094 221233812
2 10973
2 99548
1 74733 7604 321832863
1 9390 20350 656038638
2 9224
1 13570 8696 976924052
2 27164
1 19460 20694 848578677
2 72788
1 29832 43254 894224924
1 78072 43159 576438038
2 96639
2 67041
1 45560 4180 652821491
2 87186
1 88560 58257 487613630
2 85256
2 41908
1 1231 80901 507731470
1 10808 3481 696387501
2 93089
2 4050
1 80009 1818 740265007
1 7083 66742 439106691
2 11220
1 60706 10364 305349948
1 40731 40390 48947365
1 12754 47209 825340421
1 88029 39526 965361503
1 1142 17330 506963198
2 84688
2 94892
1 99183 66282 717955619
1 70138 92048 596012055
2 91341
2 58048
1 56283 38021 63577682
2 93550
2 14953
2 81069
1 29208 30506 617374862
2 93292
1 22680 53559 761830309
1 64727 65334 135006355
1 75508 77476 313178975
1 57606 86669 243099297
1 57284 17539 54602867
1 56661 55060 973375657
1 46651 59310 285410944
1 52192 88589 106808600
2 14736
2 93580
1 77261 26683 530777240
2 58176
1 62497 5751 615334490
2 68928
1 29447 97352 921607284
1 90206 14813 466496305
2 78105
1 99641 26802 375552712
1 79575 94257 432685319
1 29183 39805 405335837
2 50764
2 73828
2 73249
1 63016 35981 860312599
2 99382
1 96895 8551 779330444
2 64656
2 75907
2 49891
2 54191
2 95992
1 5980 61055 77449168
1 81754 56961 314203656
2 70520
1 21674 80089 499812847
1 34296 49457 145682983
2 6155
2 37780
1 87743 22068 670763330
2 24457
2 51008
1 23756 70997 656782680
1 19519 92706 574656515
2 51504
2 49400
2 14194
2 21255
2 62939
2 58129
2 56538
1 7422 18801 70498790
1 62677 84736 728704756
2 45260
1 39489 70446 660926628
2 33821
1 23370 35654 94762148
2 43040
1 96210 11807 960967980
2 96924
2 28128
2 15556
1 55978 78331 496039368
2 60780
1 43966 52625 923721891
1 84783 936 641867291
1 54336 44866 339786393
1 84950 55292 66011068
2 64745
2 57144
2 1851
1 67161 40520 105761214
2 17115
1 18903 26741 261934238
2 66066
1 22917 15952 103573285
1 63771 23119 936923273
1 58194 99451 123595005
1 12751 43096 564759181
1 94913 39650 314265053
2 69475
2 27088
2 20139
2 28618
1 47411 72247 574151206
1 39953 50205 690330149
2 11670
2 5450
1 75933 96569 73840109
1 12605 26810 702545057
1 66374 90689 494844951
2 69001
2 70877
1 52124 70689 534879726
1 26576 2453 192361341
2 69324
2 90638
2 84216
1 15663 23571 508581055
2 18668
2 5428
1 7177 68674 824749844
2 43874
1 59391 20760 102280611
1 94102 78311 771231243
2 9557
1 31406 48532 554495096
1 52699 35444 521672767
2 23726
2 69053
2 66856
1 42434 1491 402384834
1 2984 34122 326618772
1 90290 80830 457402438
2 95595
2 66820
1 71296 91158 322419865
1 26406 38819 345702576
2 12031
2 63262
1 45023 60128 350494706
1 81031 36498 455160584
2 93199
1 71597 60335 472329057
2 86817
2 20053
2 21000
1 88545 85299 389489503
2 46196
2 10205
1 20108 10326 891809670
1 47860 72315 863884448
2 90219
2 92982
1 63414 15771 220584286
2 32798
2 86123
2 92984
2 78689
1 19697 92158 911829398
2 87574
2 12222
2 58673
2 25785
1 42456 93930 827700231
2 27927
2 95338
1 70523 43888 298078703
1 14014 35894 317637173
2 55398
1 56653 1343 284354981
2 13621
2 77245
2 71475
2 87510
2 24607
2 43795
1 85786 7940 563299216
2 30579
1 98934 95754 875418226
2 20575
2 31352
2 13421
2 82635
2 95372
1 78951 25068 436792541
1 26150 413 622830077
2 27120
1 78945 3404 789727115
2 21560
1 91872 51379 177327400
2 42159
1 59935 38724 973394331
2 53032
2 54710
1 50912 26664 783043471
1 59857 90337 491871336
1 79089 22717 493321205
2 6900
2 22282
1 65521 49476 284086100
1 21749 30494 238125905
2 81529
1 57614 37260 430228730
2 66023
2 91351
2 97427
1 68817 48935 818618408
1 53970 2482 466846096
2 74054
2 67672
1 33498 18375 735790993
2 74690
1 98369 44327 893803026
1 44413 86547 671023069
2 15323
2 35310
1 13248 90615 325401133
1 61137 23272 340591853
2 20108
2 671
1 44197 9747 372629257
2 54364
1 46564 48413 194002391
1 6835 792 492795248
2 72377
2 4859
1 63119 3664 772673279
1 93603 74190 911814900
1 3061 31842 464999640
1 34737 81772 774909357
2 25660
1 53438 31075 35965944
1 39971 74522 42753549
1 24868 66899 961862310
2 6969
1 25497 71786 313454112
1 43000 63435 197363817
1 12104 78946 368449785
1 87597 26264 689968248
2 95413
1 78133 64315 897313146
2 52475
1 94298 96545 893261335
1 98639 79772 113882361
2 88272
1 52750 18521 635580302
2 27640
2 2573
1 6865 10795 522560877
2 53843
1 61872 54619 568777380
2 73522
1 98061 71059 955143278
2 18651
2 90747
2 60369
2 21996
1 81459 82792 927815872
1 78592 62715 511700429
2 45687
2 9257
1 75540 12741 987136389
1 19913 31088 729936705
1 98987 49819 536545827
2 52170
1 67390 70876 310941896
1 76723 86172 887533121
1 71016 28009 600697420
1 21597 30241 511649962
1 87760 29098 822386716
2 18825
1 54991 33575 790393757
1 60145 57773 286172583
2 11069
2 64734
1 20484 98808 311240545
2 56818
2 90013
2 85486
2 88825
2 6620
2 31242
1 16229 27433 508943463
1 3006 25564 152058124
1 70857 72625 606551378
2 79267
1 36098 90763 473800069
2 18498
1 79061 5947 586280255
2 74233
1 87657 66776 698229731
2 75723
1 49590 62817 976539363
2 12850
1 39473 69363 124945541
2 30819
2 88044
2 752
2 67851
2 24031
1 77998 73221 915138548
1 32983 44434 890558964
1 37406 79458 608508124
1 91764 32124 167438411
2 84401
1 35503 34617 7930742
1 31033 43565 421857156
1 97754 25 604536965
1 33190 42654 154919478
1 39792 87168 216592204
1 63283 73366 872610552
2 10655
2 65768
1 21059 45169 450020950
2 28334
2 21924
2 98335
1 51338 50403 62427185
1 67214 19870 267751819
2 23180
1 8323 78831 723104155
1 93111 3617 165173853
1 16310 81774 429968347
1 56057 42897 370985653
1 93499 70219 341715325
2 61862
2 64728
1 45399 19740 247219395
1 7716 27038 450680830
1 48718 807 350426736
2 31367
2 26131
2 97977
2 35163
2 63724
1 36607 86294 111446726
2 67107
1 56251 65257 186245821
1 93206 83050 65433902
2 90786
1 57740 1589 416240319
1 45720 73163 499254
1 49230 51376 450127551
2 43019
1 54964 81812 251614590
1 92649 23642 975928193
1 26835 96830 387944674
2 29896
1 11341 91575 667308248
1 74238 99775 532058558
2 64187
2 9081
2 2551
1 95109 46583 953800586
1 97427 20576 115026733
2 43911
1 92982 15599 678958944
1 64010 55507 322641207
2 22786
1 84598 86922 469256722
1 63281 24619 416174279
2 52970
1 18557 21786 14205476
2 72228
2 50512
2 65142
2 5342
2 21933
1 67957 78082 637763207
1 98767 27971 578935520
1 16176 25432 849458893
1 49121 54280 554896578
1 93654 16745 351183389
2 87487
2 34439
1 5663 87317 740790363
1 57742 95062 795152284
1 54838 18546 611551643
1 11267 16894 465433795
1 49897 5920 163984063
1 21414 87058 290435515
2 99264
2 11909
2 96322
2 17910
2 61869
2 14286
1 970 94043 900649068
2 23718
2 88136
2 89022
2 55409
2 68589
2 78496
1 84823 24934 304504185
2 50736
1 61986 54557 923669165
2 6807
1 55646 2593 18662105
2 33513
2 81804
1 15081 56045 879398445
2 37610
2 64360
2 29982
1 19079 94756 347340763
2 98986
2 20736
2 63288
2 61130
2 59805
1 7991 70831 292623819
2 39157
2 58491
1 23843 12548 333017216
2 36362
2 49218
1 81485 83672 881589826
2 46975
2 23819
2 71159
2 42931
2 37319
1 97091 95800 446544053
2 53673
1 5961 56510 315792685
1 52925 5722 868698344
2 94469
2 35899
2 21761
2 24872
1 4728 26807 263528200
2 45859
1 73825 99805 281986723
2 60513
2 3634
2 10491
1 15048 90188 587137349
2 52999
1 62603 48783 412959682
1 81645 96469 864962271
1 34260 83547 51556701
2 42103
2 87288
1 54679 92152 709764055
1 1410 58400 77894919
2 18610
1 82857 8313 209859373
1 48378 70997 761975112
1 517 93359 690467952
2 5441
2 53589
2 25436
1 57955 51809 702839232
2 32088
1 30312 48821 896259298
1 30228 75636 686496753
1 19487 86094 549808105
2 10323
1 25539 62399 778632721
2 2986
2 29309
1 59681 90754 874636185
2 48548
2 97295
1 1719 92878 187001889
2 15650
2 11768
2 87758
2 44567
1 9833 65008 911001755
2 23386
2 34806
1 45891 4290 956908285
2 63910
1 21879 96253 915292973
2 5985
1 62216 42642 790162391
1 75340 68190 614860466
1 60996 30505 839520135
1 37243 49429 383355867
2 5591
2 65944
2 39626
1 1428 18764 177639142
2 58357
2 24798
2 53893
1 27875 60613 160132687
2 11820
2 1864
1 25847 99744 74061307
2 37885
1 54186 35214 883707251
2 39708
2 94993
2 54819
2 71231
2 88489
1 7584 39100 207729111
2 50039
1 42766 11388 295620980
1 8903 11605 852333673
2 95518
2 63208
1 28264 8276 706665676
1 88936 55513 906335276
2 61429
2 78005
2 31996
2 32720
2 9910
1 56489 3359 689048959
2 92959
2 57046
1 68928 64800 222023608
2 5690
1 43697 80507 743106382
1 21675 28046 228755968
1 64012 34414 769591479
1 79796 30526 985364682
1 6873 5558 83940599
1 79441 29545 605881118
2 23797
1 96160 35060 150416153
2 69409
1 30182 89401 948777020
2 2639
1 14780 61281 30397296
1 83176 73729 774954483
1 31248 7160 826295317
2 50947
1 16383 81464 628792260
1 71420 2580 2241462
2 73675
2 89968
2 90242
2 22256
1 60307 37120 52935419
2 37314
1 67369 17230 892147490
1 18654 6974 644763549
2 41581
2 89983
2 89978
2 14179
2 10525
2 15476
2 67238
1 6325 22559 855837716
1 67588 96315 160327202
2 43615
2 85492
2 75249
1 91790 75927 698014014
2 37487
1 61393 42651 988516874
2 30445
1 42209 26907 750258149
2 5776
2 20537
1 86464 9518 872183998
1 39287 61049 134690905
2 83387
2 23123
1 87424 73241 38989678
2 59772
1 88389 25339 719170399
1 78215 53984 611485498
2 11027
1 16209 45818 126076137
2 52756
1 76144 31703 972139221
1 62457 51467 945396048
1 4930 56236 3714182
1 63547 32353 784674793
1 21044 43627 97346574
1 63927 41346 434593447
1 58188 64291 914984547
2 9288
2 517
2 83536
1 64862 1142 962886351
2 95317
1 55741 68110 44654062
2 69168
2 8458
2 41701
1 5176 59833 193666792
2 6655
2 17605
1 34011 81897 988412439
1 32250 42293 646788863
1 49469 87761 788263539
2 10512
1 21225 22899 596578172
2 34738
2 55786
1 56366 56168 58542191
1 32044 93120 223811953
2 19986
1 60794 19213 264061789
1 45647 70310 220901754
1 10359 39474 836696190
1 44814 39780 6950291
2 21343
2 90802
2 6774
1 15434 14881 517500512
2 35008
1 87738 42573 224281016
1 18614 84973 650866069
1 66585 37381 310967185
1 37048 80966 617159000
2 93997
2 20778
2 87380
1 8011 36506 912085933
2 52089
1 64433 9450 419268032
2 59451
1 68302 14087 983344399
1 35731 85594 840075925
2 85363
1 29529 51636 16371500
2 41112
2 32807
2 26868
1 29464 76240 356904088
1 18221 38220 250601983
2 26979
1 80627 61453 376050287
1 88802 93410 548267886
2 83597
1 74960 69186 174111674
1 71873 63461 959596444
2 2922
2 65341
2 41705
1 19277 7142 257626723
2 37525
2 42793
2 77846
2 83598
2 43397
2 8209
2 96589
2 93315
1 34395 24108 772885122
1 30926 73350 241701679
2 47585
2 98827
1 61855 8913 31902576
2 6584
2 3136
2 59050
1 60771 96320 618573719
1 31800 40666 593088781
1 27955 66689 698745460
2 93964
2 25764
2 40597
1 91433 67609 934437944
2 10668
1 44176 74950 686034681
2 54828
1 43565 13000 632999747
1 93144 74020 309978252
1 27230 18119 358235079
2 277
1 29870 91694 267815798
2 49106
1 92124 47522 53290242
2 38997
1 37119 81802 452900624
1 96999 10046 641073410
2 56084
1 26884 88367 399746921
1 98026 76865 377336276
2 63835
2 2652
1 88714 19329 354384464
1 3198 8030 785274446
2 51227
1 71542 8444 296250054
2 96824
2 71375
1 39320 96269 555909212
1 55742 10633 220031520
1 99566 45088 497472706
2 95811
2 75648
2 8914
2 98681
1 11862 34028 970566470
2 50116
2 22704
2 3950
1 72544 43561 203444469
1 96771 42162 827778445
2 57908
1 83433 43849 91435784
1 42651 96768 965146484
1 83345 55534 520105948
2 37121
2 14372
1 74323 78897 565055244
1 38566 37110 95537891
1 14093 92082 563336830
1 86355 51699 995862363
2 99579
1 88014 82254 603103405
1 48743 11781 364738543
2 47639
1 84197 2832 925949575
1 31209 58202 559609691
1 37249 88307 145153871
2 25067
1 85131 30195 685562479
2 61351
1 85996 29398 380888652
1 93123 15909 714231304
1 7531 60409 124220795
1 84127 99966 276129042
2 5437
1 66844 86502 317038587
2 99444
2 71477
2 60489
2 7515
1 66646 65884 573607736
1 74716 57571 469183466
1 11013 92521 913130385
1 79534 90597 783181199
1 44688 8158 207840820
1 10061 85439 242919089
1 31628 54996 213776513
2 60222
2 91472
2 92207
2 88912
2 61826
1 242 76955 441187375
1 5399 80970 397726091
2 97254
1 71190 93468 923488089
2 43168
1 70230 46149 737016391
2 32065
1 46506 21378 317031344
1 53773 5030 809570971
2 18011
2 84561
2 50158
1 7171 58509 955933198
1 55099 48054 138500895
1 69102 65310 57875457
2 47411
1 2864 32822 429716691
1 3857 78910 539168137
1 76273 23663 231231656
2 16642
2 88903
2 33266
1 1438 14627 530269867
2 41287
2 27871
2 15031
1 57050 16033 840168283
2 89192
1 35005 41223 947689202
1 27907 81331 516005504
2 5961
1 34655 82979 508383102
1 5090 12817 262980825
2 75030
1 61221 13300 739328497
2 7036
2 19270
1 32064 69583 709860313
2 45156
2 70298
1 36511 78051 804237138
1 68489 89380 554531321
2 21275
2 21866
2 44619
2 76122
1 46852 15163 433960385
2 43472
1 68742 28719 448007153
2 81460
1 42549 95760 207695085
2 76396
1 73481 41775 588877521
2 45600
1 34540 99067 275258637
1 53153 67550 371756094
1 66353 57959 583945623
1 36647 98068 204649072
2 23907
1 9278 84461 19148149
2 36364
2 70710
1 19899 15712 646783859
2 49940
1 18879 47911 496719812
1 71038 71047 936467873
1 16071 93277 291967268
1 55109 71654 883345782
1 92108 96643 90200563
1 58206 20317 877345996
1 38815 6506 713956624
1 194 48819 713284890
1 35825 63569 822624115
2 36531
1 32008 36197 296907927
1 4748 43102 524122503
1 2740 72154 253465976
1 6758 293 407517891
2 36299
1 96315 60928 136382184
1 52951 26950 871310279
1 78042 96997 991733985
2 49881
1 2518 45710 378565369
1 92483 80224 909377611
1 21056 54529 38475255
2 79585
1 52834 51347 432533986
1 94722 79709 323835043
1 70330 19959 245307350
1 53227 55322 500938333
1 48444 30684 884726990
1 77622 46521 129439700
2 22478
2 89246
2 57223
1 82820 48107 497596390
2 24004
2 38080
2 4925
1 93601 42807 358659623
2 4339
2 45539
2 73610
2 79719
2 61344
1 69536 67183 127280571
1 32533 48270 358540781
1 90235 65665 356061974
2 15319
2 18513
1 54484 46596 77661479
1 98429 34603 453826660
1 77173 74152 901405469
2 86324
2 76142
2 69604
1 13070 61292 302057062
2 73409
1 44703 84732 220943771
2 70053
1 66712 5672 240369420
1 54434 32048 1969240
2 76904
1 21164 23066 108049393
2 60092
2 96189
1 42070 12601 676063122
1 99910 7502 618605953
1 55367 32120 230187422
1 45860 91490 422008551
2 36163
1 89865 85100 409870074
2 58680
1 39344 60122 52341712
2 93684
1 17803 86604 29585390
1 26795 8135 559098209
2 2219
1 75428 58243 192769604
1 21959 56703 334856576
2 63460
2 2246
2 5644
1 84876 73197 787338632
2 56006
1 62298 95922 406406686
1 21965 67744 793201627
1 72783 21720 538159297
2 99111
1 96352 50930 225018496
1 96924 76405 685925056
2 92869
1 66907 56726 116791031
2 17694
2 28033
2 47743
2 80210
2 49431
2 94886
2 80621
2 81199
2 34833
2 37489
2 30247
2 91729
1 83520 60682 741455091
2 3154
2 8720
1 71941 54722 225885467
2 31362
1 19787 9533 509894163
2 58519
2 82640
1 37518 64973 222568601
1 11835 97476 716864190
2 71453
2 63962
1 78248 97346 601560858
2 30420
2 78607
1 6301 57265 797336081
1 18646 43252 650500561
1 64068 94667 931095727
1 12199 63776 640863727
1 5277 78581 579253386
1 12107 37377 502624062
2 10022
1 17759 79012 164174610
1 40372 19952 843125048
2 23920
1 36516 44053 244407677
2 47336
1 13952 71362 281952026
1 40983 48316 69518545
1 96229 97236 765265891
1 90454 20637 391974755
1 63277 26462 697603200
1 64824 54864 990987368
2 89765
1 6932 68461 691280298
1 14518 38552 727574021
2 52662
1 79274 77554 194363230
1 71282 51041 737398635
1 74099 41591 28381597
2 32044
1 9648 40636 269350203
2 46191
2 55561
1 70213 46137 504945880
1 85613 80047 421706574
2 72983
2 49115
1 4165 40653 170914031
1 25774 29805 176345815
2 40640
1 36643 24487 374456666
1 1308 50332 945577238
2 57641
2 81820
1 14357 2811 246163809
1 23581 79614 69306817
2 77972
1 38027 57314 65104962
2 19085
2 67815
2 22896
2 48620
2 91183
2 24215
2 89289
2 30762
1 83920 3682 634075943
2 53949
2 92149
1 4353 5335 138993135
1 2163 63770 983266972
1 51135 87980 305837128
2 40638
1 72347 55973 346024488
2 64084
2 13393
2 77939
1 93902 37253 577243257
2 85994
1 3959 62738 139769386
2 36886
1 69111 70614 950825912
2 59677
1 3404 79160 518026639
1 47832 71235 69712425
2 79031
1 31712 77294 617593073
2 5549
2 25444
2 8766
1 91941 77721 594298233
1 60969 5511 820635100
1 29143 13588 330766607
1 68717 83020 554137333
2 60800
1 60210 23162 233131228
1 8655 70083 330374508
1 55038 65975 775097036
2 62889
1 63403 43101 979078811
2 26579
2 35316
2 89853
2 48924
1 85713 568 610600615
2 62577
2 84011
1 59055 6911 195346577
1 84752 97485 445745913
1 83082 77584 632481523
1 72867 50878 972123104
1 37309 63218 841675238
1 88730 49325 217394843
2 8321
2 46321
1 1002 22382 985742896
2 96774
2 9113
2 35795
1 71638 95036 546785994
2 47961
1 33479 750 203326063
1 68115 34776 359833874
1 38065 9357 604248124
2 17297
2 45365
2 7309
2 27995
1 65380 65454 990991749
1 55985 17491 149128658
1 85858 6665 496180667
1 41598 59151 836730699
2 74643
1 4899 12298 522296835
1 49113 62185 347976259
1 74815 59957 95967099
1 55957 80998 244054450
2 65569
2 41439
1 91092 37411 854788726
2 19565
1 8145 64670 496729221
2 24394
2 4823
2 20935
1 81494 89957 270069716
2 48314
2 88805
1 13037 81779 55244726
2 91062
2 21954
2 58359
2 84397
1 19850 10257 274504157
1 65663 97905 251688559
2 10046
1 38630 37873 710637754
2 29291
2 92503
1 86561 72179 46156379
2 82147
1 77910 72774 838732414
1 23539 43910 958781249
2 14028
1 60343 59103 598235564
2 81696
1 72260 13536 433197593
1 72931 32424 698247429
1 46073 97560 103582224
1 31691 79913 128297911
1 3027 79610 463602735
1 91611 28358 940970790
2 14476
1 62052 87914 99467045
1 53148 86676 26683785
1 68935 93312 532469427
2 63674
1 69015 67397 703036414
2 46170
2 28833
1 15989 97465 879773070
2 2979
2 52161
1 58091 36096 632316600
1 94648 6121 171820891
1 78589 32678 182823439
1 94217 79998 865987278
2 16690
2 44097
2 7663
2 59695
2 30971
2 25011
2 17376
1 86939 58569 832653608
1 52356 70927 325053033
2 26181
2 62817
2 36077
2 6807
2 84042
2 58882
1 27629 64050 7355219
1 6907 51252 58482644
1 45141 31612 988861945
2 47086
2 65156
2 7197
1 58429 50737 242482739
2 62265
1 64346 34048 578465542
2 94756
1 36697 29037 489107940
2 99496
1 24130 69078 66971638
1 87517 68053 988043381
2 73592
2 57255
2 43531
1 57484 79324 834671292
2 92843
2 33427
2 53773
2 69262
1 12124 52810 554814238
1 97986 98350 513378775
2 76564
2 38839
2 83890
2 26866
2 26671
1 12318 22262 775194425
2 20252
1 14597 1411 521508661
2 69951
1 72483 68995 204073030
2 57877
1 36405 49002 859399044
1 94790 26161 895036584
1 9404 66377 68651804
1 34371 73221 467567142
1 90091 21181 972921872
1 69817 26974 185830620
1 39668 45020 211784728
1 73264 61488 822015748
2 35627
2 71177
1 12734 26706 207667008
2 36008
2 59819
1 95764 71162 524011192
2 4041
2 66094
1 60947 12473 442748248
1 35504 72582 103256814
2 61183
1 52375 65636 842952723
1 91875 64719 665163203
1 61735 99393 257651827
1 69635 59361 220371007
1 72796 74545 41602122
2 81948
2 13666
2 76722
1 81883 73613 637869622
1 75287 93730 226204474
2 9845
1 97123 56626 691821705
2 71890
1 33910 62728 264382949
1 31713 86494 496230599
2 63351
2 5237
2 91573
2 94081
1 99954 96736 970488800
2 22168
1 46295 38532 208730958
2 86262
1 51356 60295 931667640
2 98338
2 35451
2 52580
1 26171 88503 71702586
2 98414
1 40802 65164 774751452
1 76549 49911 335257173
1 74137 67494 245868317
2 42706
1 73167 61412 697713506
2 90918
2 91929
2 81409
2 37930
1 65876 38560 207318438
1 23047 25853 699621381
2 20156
2 36652
1 95733 43735 250778594
2 84943
2 61262
2 35030
1 62231 10415 853146823
1 37020 824 663669861
1 40465 10731 949714436
2 60440
2 72159
1 37394 53003 377752699
2 13875
1 53154 57850 94969066
2 54172
2 83390
1 81157 32728 657131788
2 65710
1 64318 80923 502273553
2 23744
1 56254 88907 532754721
1 45837 32112 801261337
2 26752
1 91919 20810 209485855
2 92608
1 73631 29685 267350747
2 18666
2 64031
2 87244
2 2763
2 65542
2 24161
1 11590 66670 49449855
2 61743
2 75640
2 7304
2 90199
2 68009
1 56106 23522 505573293
1 35865 81016 735624361
1 72221 34901 233833329
2 21222
2 38796
1 32281 43080 993840369
2 51430
1 5507 59152 969669617
2 20787
2 32300
1 85201 47979 970813636
2 80161
2 44165
2 72635
1 94793 7922 845537931
1 24186 2388 30147430
2 65379
1 39375 33763 933653460
2 21202
1 28375 62505 338300685
2 78583
1 36950 27671 498591750
2 25223
2 1757
1 37051 24440 876208997
1 16283 97902 795500231
1 67651 57994 725700962
1 53246 62743 891001135
1 18455 85123 499513498
2 19840
2 3722
2 31142
2 49462
1 1048 12107 763488535
2 82424
1 30141 21396 963873119
1 42142 25064 340304499
2 20421
1 75339 15327 408717811
1 7077 68369 439412658
2 18295
1 81761 40562 856690600
2 24605
1 77119 45779 258986584
2 53085
1 53903 10185 209488997
2 11944
2 110
2 65922
1 78248 57904 423770715
2 29601
1 56901 70732 360856675
2 64974
2 37492
2 18874
1 42398 67816 598951545
1 92962 48213 532407907
1 29944 42953 63742918
2 7849
2 6865
1 32988 30797 646647746
1 80664 67314 186882033
2 26649
2 45479
2 5525
1 38611 55575 796095930
1 71881 29290 301146886
1 54906 20789 351621576
2 15985
2 20272
1 45497 45759 692970881
2 15658
2 22800
1 39938 29607 29145093
1 17960 14933 91392537
2 37891
1 46519 72688 11092751
2 35467
2 25395
2 78288
1 70845 5444 6583146
2 33776
1 88314 84853 691585013
1 49657 67004 250485424
1 81220 13855 186124718
1 34783 24999 942413319
1 72820 33385 972366009
2 90418
2 26099
2 98296
1 78568 11272 3413474
1 19724 29736 177667131
1 17503 78268 4640794
2 17101
2 13196
1 19946 74439 715141938
2 34185
1 51631 62757 108730171
2 59202
2 95595
2 8990
1 70451 35514 784212014
1 30435 56277 464673925
2 90732
2 6827
1 4360 53247 411885241
2 11303
2 56851
1 57547 19634 188850083
2 10523
1 21799 50653 547623974
2 88074
2 1877
2 90
2 53269
1 53266 77042 798347316
2 21841
2 69907
1 46850 23907 627165301
1 34347 77658 184323624
2 67569
1 95485 81770 638825708
2 91901
2 16684
2 45869
1 46339 20031 155589772
1 94783 67074 804923435
1 61164 61258 307582451
1 39296 38339 249704637
1 46038 48513 812001672
1 39885 55559 872984573
1 54765 39437 570291223
2 31557
1 27636 8067 434562386
2 96620
2 37643
1 6459 96225 412128724
1 29765 7985 202444890
1 66290 47149 615993864
2 9834
1 76279 768 184809139
1 1274 15993 955940998
1 69745 98040 869835861
2 16857
2 70626
2 88820
2 85169
2 67947
2 64079
1 90642 21493 490179067
1 57478 52885 930368776
1 28957 31516 497905189
2 56632
2 57268
1 67056 43393 149644607
1 787 56850 145107816
2 24563
1 23809 99320 826624314
1 85715 26760 119574486
1 66408 35043 11737521
2 94875
1 35240 51161 398920950
1 28976 19449 192314870
2 78303
2 5069
1 25392 77773 593238410
2 18984
1 11197 19497 6707304
1 76514 52638 838164440
1 73714 64900 54173985
2 19096
1 25359 80683 467923260
2 55168
2 59542
2 71299
2 42750
1 77868 23557 457180348
1 81827 47834 628764615
1 13375 48330 998312552
1 67389 43036 87649154
1 35066 25074 471031219
2 52547
1 42303 39085 872507002
1 19974 90514 129324235
2 3522
1 53316 68956 295370132
2 6305
1 8333 97565 705371998
1 38891 44556 818045589
2 26416
1 11090 57090 229572511
2 92155
1 33625 48239 54094358
2 31956
1 28757 87424 331914261
2 41247
2 27339
2 11180
2 52113
2 54290
1 40665 33492 682218375
2 15985
2 1634
1 97903 72099 752244060
1 86398 95600 309451146
1 44462 52909 15039688
1 75623 11198 996607552
1 53461 3187 352542413
2 37599
1 14938 99817 890180173
2 84434
1 11143 6504 501387354
1 54596 75021 292724683
1 47683 70097 994060683
2 65387
1 89794 7754 441407921
2 13455
1 99069 16807 691664002
1 58212 84476 430709792
1 45041 96569 333537581
1 17160 65649 441112743
2 18756
2 94432
1 88388 30128 3326006
1 48034 90330 989275730
2 68236
1 34731 37817 373754407
1 21208 97535 793459289
1 3685 66070 96344712
1 84263 91798 107378913
1 54648 2827 698935540
2 73993
2 33831
2 75192
1 91368 64742 332963671
1 19671 49690 955261846
1 60068 64234 219281180
1 44900 30223 968970520
2 57800
2 14253
1 56653 35096 309238045
1 59363 74712 901687286
2 36909
2 64583
2 23034
1 17993 73504 758909041
1 18615 78474 977665904
1 1495 33503 820421812
1 5907 44860 162434786
1 69347 59295 878315564
1 43647 61290 697539896
1 7523 38307 104457671
2 56886
1 8158 55097 655601015
1 87435 83926 342445640
2 53327
1 8764 42059 363002164
1 73116 83183 204047823
1 97536 3613 684272182
2 82954
2 77736
2 58891
2 57538
1 9924 12378 736759676
1 34008 50123 728011962
2 70071
1 31013 94052 12472386
1 98636 83265 188885716
1 20300 7172 521161694
1 5768 62157 121813582
2 52093
2 61132
1 16047 68281 71985659
2 22526
2 63630
1 93654 30495 183264198
2 55202
1 28489 34970 402905854
1 9091 99081 410855691
1 2790 48236 525496559
2 32591
1 38582 20726 837680613
2 6457
1 27886 89502 535615944
2 80697
1 22981 19445 206613558
1 67397 93964 251614949
1 67848 23708 833942776
1 25938 53139 121606015
1 90481 109 692395954
2 20013
1 71768 22098 897373929
1 97611 47437 825582420
1 53299 35828 528255679
2 52595
2 90585
1 32186 62582 71788055
1 58886 14671 556147009
1 83804 61420 708643209
2 64017
2 24704
2 86215
1 73892 66660 537974287
1 37655 47841 374784893
2 28768
2 64792
2 77886
2 70310
1 91345 14920 50383943
2 88646
2 91298
1 28764 78920 598399282
2 10581
2 43776
2 4880
2 86188
2 27817
1 12665 99170 725893661
1 95655 78765 239010092
1 34246 21806 93892056
1 28860 69938 825126448
1 33725 44975 572443764
2 7086
2 953
1 34744 13087 195933205
1 82186 41737 829134531
1 81376 46503 636018222
1 64043 10395 949791406
2 86256
2 46706
2 45479
2 79280
2 81663
2 54599
2 38652
2 93543
2 93245
2 32242
2 80473
2 95003
1 79105 26806 755144221
1 84392 74510 506307135
1 38730 13693 11720520
2 72610
2 10484
1 3267 6878 743522622
2 82297
1 98186 14376 934058060
1 26551 24873 321453823
1 43500 55099 188007610
2 71746
1 67725 17370 946576392
1 99294 73472 549850435
2 39555
1 36331 32075 790599825
2 66344
2 64366
2 93495
1 79503 78797 693540434
2 9090
1 13692 78850 75860261
1 99626 82988 197774276
1 14692 49511 731292699
2 27826
2 91242
2 73087
2 49360
1 86869 42318 784708552
2 43540
2 53382
2 89453
2 53242
2 31000
2 33650
2 8852
1 11474 24814 816212865
1 36485 53230 393723146
1 79272 50544 714889928
2 54962
1 82525 18246 842041539
2 6321
2 67019
2 96767
1 25763 76358 556508280
1 24516 59863 10646630
1 8165 85083 484502941
1 8399 64771 352835706
2 66324
1 11020 1549 495351406
1 63290 93680 815513681
1 51532 67396 852031558
2 82477
2 32608
1 48505 76267 519645636
2 9932
1 61453 10534 506721641
2 38495
1 55706 59674 514485400
2 99210
1 44944 73217 374683201
2 19074
1 26210 36679 830851318
1 12291 11424 779611718
1 60462 10692 845895511
2 51638
2 84883
2 9002
1 72983 42040 944824207
2 71036
1 35690 21707 206806804
1 33284 67111 583086222
1 63912 80222 194818653
2 1149
2 90643
1 74148 43007 681621425
2 45256
2 22128
1 17613 40345 248328802
1 43928 82222 672139657
1 88203 87538 6132913
1 57055 31250 671866295
1 20410 95204 858216380
2 61966
1 64872 68653 362101300
2 94403
2 22425
1 55557 94310 376690408
2 68722
2 61724
1 19527 2991 684888709
1 60786 59211 184632456
2 70691
2 2507
1 56385 54911 876592107
2 9529
2 48985
2 28060
1 43880 23713 935658905
1 31564 25689 797167840
1 23671 23088 837456468
2 50257
1 16065 47850 670479772
2 58334
2 67295
2 76629
2 22000
2 33816
2 42806
2 87224
1 44582 984 533645823
2 25996
1 31932 82937 65667862
2 30682
2 60122
1 85126 78038 426590253
1 22282 13875 136102600
2 10377
1 44907 22572 654836173
2 96414
2 27231
1 79852 44550 431636084
2 52531
1 43175 49234 90865308
1 50292 72751 4470486
1 24427 41708 724543950
2 87553
2 60535
2 23914
2 15769
1 7965 24789 210948652
2 78143
1 57472 89140 158259907
2 71921
2 56627
2 93761
1 20545 81914 988495100
2 24224
1 49404 58781 448754659
1 34662 17765 458543646
2 1514
1 81101 82014 316459785
1 48053 84417 167604410
2 84859
2 66937
2 5296
2 57668
1 7503 76178 979001900
1 9859 96996 366003257
2 46807
1 72032 83319 681354823
2 44224
2 57836
2 52420
2 18914
2 72384
1 84382 35154 455209641
2 59934
2 12822
2 16512
1 32103 53436 551691116
2 25089
1 8142 95284 221752634
1 60720 74125 719345118
1 77150 36438 426929933
1 42415 91939 977681331
1 46260 83029 126106541
1 92398 46784 440947474
1 25251 80662 253044878
2 49930
1 19528 10117 416792250
2 11490
2 85857
2 75534
1 22531 26521 418332299
2 41065
1 15461 957 495637209
1 39221 14072 585786605
2 59962
1 1793 30267 223927147
1 65602 85341 87988449
2 47934
2 53487
1 57079 75648 699147601
1 15336 83687 210334529
1 77903 27283 308780301
1 33378 17290 965990348
1 51344 24913 764212613
1 91752 63833 449914896
2 77291
1 87287 45913 940464363
1 47212 67716 616178391
1 19845 53073 713200239
1 67747 99060 993845021
2 39763
2 56899
2 8896
2 98550
2 33495
1 10470 54175 783849897
2 94875
1 41422 4083 869347880
1 78923 81467 105498396
2 57406
2 28043
1 89574 30605 756166182
1 91224 75889 566753389
2 3462
2 56820
1 42409 75287 436008071
1 91948 72671 879404262
1 97531 90679 626664699
1 57704 72888 311833036
2 81979
2 86997
1 68899 11817 422604550
2 97792
1 84279 80259 564708103
2 56701
2 97241
2 67248
1 65803 37272 919074495
2 50045
1 23837 35307 838842018
2 29177
1 90390 56810 143685212
2 98404
1 90556 15242 653679969
2 85378
2 36154
1 54542 33188 246847512
2 31311
2 19408
2 63555
1 52475 93164 12111219
2 8270
2 63702
2 50643
1 86998 91468 954204576
2 96456
1 19081 1927 925633204
2 70423
2 58519
2 90191
2 85205
2 63906
2 22308
2 71656
1 68999 34730 525624260
2 24411
2 33527
1 42455 83454 337725968
1 869 18058 786995081
1 74857 51131 9832932
2 74879
1 59711 14126 228968416
2 61657
2 21892
1 4446 16672 155914446
2 78441
2 97650
2 91369
1 97921 18328 550743347
1 54926 8124 901000174
1 44901 88626 994054486
2 57763
2 51803
1 70276 23940 54570836
2 91877
2 81019
2 2335
2 41165
1 8434 70504 812989225
1 446 37651 931697668
2 19284
2 29369
2 58473
1 64311 39850 467139379
1 23831 8306 758940453
1 13227 89404 720876034
2 73244
1 77592 47010 99744733
1 86571 98905 367332127
1 91219 26991 538062620
1 84616 9055 74969917
2 62852
2 19834
2 60992
1 14194 96770 783897530
2 40194
1 59254 26044 818019879
2 78502
2 60276
1 6025 46020 947153817
2 75355
1 57676 24883 392396403
2 2673
1 1845 19585 947687941
2 30247
2 24452
2 18970
2 48383
2 78195
1 63230 8409 243082966
2 64225
2 13457
2 99133
1 17307 270 57036676
1 34084 84856 602472063
1 60650 47938 82009678
2 46687
2 56177
2 30244
1 14491 26208 619997054
1 32873 3971 737330921
1 86501 47238 115205975
2 25945
2 41637
1 33456 98495 72766434
2 89139
1 80009 59828 15472781
2 85052
1 29267 4189 955997635
2 88062
1 23236 50324 56157539
1 43637 4327 301115480
1 58452 55367 480405379
2 46095
1 60462 84915 160168414
1 82845 36291 866777762
1 65703 38937 893190349
1 88467 63679 882533439
2 56610
1 40725 26179 142401253
2 68671
1 11880 12941 337084480
1 71151 86469 595978690
2 49397
1 93783 18384 85185112
1 17853 56084 995906131
1 98307 79110 753838776
2 10590
1 49719 81023 610736998
2 88465
1 94545 55694 662412405
1 62077 47915 356939216
1 90200 91848 193573837
1 3059 56398 361199548
1 20748 59141 917962412
2 52070
2 81786
2 76988
1 12609 10767 907691647
2 52106
1 24596 84596 915842357
1 29534 25419 432309600
1 38890 20926 988622022
2 65731
1 98257 91763 647107886
2 66206
2 49168
1 51039 7504 840500938
2 83398
2 87181
2 95235
1 50605 74532 932723978
2 36311
2 73166
1 77410 81931 732357232
2 47219
1 93208 70767 889295475
1 5112 35745 111088280
2 846
2 46310
2 39637
2 55119
1 58413 54992 706415388
1 77845 71049 775412520
1 21775 60978 695266577
2 18902
2 13386
1 82604 94444 502950174
2 73245
1 66824 36041 283304842
1 42495 20371 594346887
1 99611 22348 809666791
1 40955 15949 45030004
1 16315 7296 259164587
1 69567 6753 248089996
2 97730
2 47370
2 93473
2 98470
2 51784
1 4744 44402 40653466
2 46053
2 16556
1 15014 40520 391856496
1 81369 365 412104547
1 50795 99344 108279926
2 7691
1 60896 48960 908095985
2 24146
2 17839
1 17856 65327 296776243
2 91008
1 53916 789 858269162
1 85389 48300 715286830
2 45302
2 21858
2 53691
2 46887
1 91786 2381 817567812
2 83114
2 48169
2 72554
1 83964 5580 362809043
2 34820
1 3446 33416 541772567
2 37931
2 57142
1 85513 54498 832580201
2 93375
1 71833 32650 540188617
2 64163
1 68770 84495 442073217
2 41134
1 75621 78835 564680937
1 16709 44777 26559619
1 52512 91255 69078658
1 52421 8437 342156229
2 4854
2 23960
1 19530 77133 862679804
2 92963
2 58216
2 83681
2 42230
2 68300
1 24932 92959 878180743
2 91736
1 2703 67914 618773292
1 70800 94559 93117143
1 47961 88856 453162138