5373 879123777
2 21171
1 43764 10319 840851255
1 2319 73228 141112292
2 89876
1 33283 15839 209026759
2 98860
2 49782
2 36445
1 38145 82134 535032073
2 28802
2 4427
1 56413 82968 157867180
2 23359
2 53096
2 43530
1 94295 62210 736495997
2 51889
2 40656
1 82696 96804 963927894
1 62862 92401 17512645
1 90172 7586 51089564
2 9646
2 86017
2 27349
1 46644 42270 403549571
2 59039
1 13301 54334 664160802
1 68591 88529 423301550
1 55684 1613 332567308
2 50516
2 10924
2 28548
2 26524
1 34489 81394 300648109
1 17504 32088 249520517
1 87213 3525 585902454
1 21468 26465 89419405
1 18093 49683 69595448
2 46630
2 47409
2 36550
1 59725 17293 171142065
2 82154
1 82389 19973 661175799
2 46249
2 30940
2 70683
2 82235
1 25429 82805 406454610
2 5879
2 34654
1 16917 1555 883317279
2 85572
2 18176
1 50348 30847 809301539
2 61835
1 4807 31627 891868439
2 31445
1 54795 61134 871809463
2 64742
2 46333
2 94982
2 2145
2 3993
2 99571
1 70239 84065 387210406
2 74200
1 67764 37840 578697186
2 6387
1 99477 80747 486697829
1 31026 47891 247615759
1 12419 42295 16874448
2 35726
2 44259
1 48828 72397 98739999
1 2188 50708 44575591
1 9639 87947 266596901
1 98256 69835 659793768
2 3841
2 8583
2 44686
2 726
1 61917 85204 306119841
2 53313
2 81920
2 36898
1 61109 67010 307894394
1 21160 10395 679747808
2 96256
1 34031 54601 992357128
2 20872
2 18666
2 14132
1 61560 44832 622036217
1 44048 65076 160966888
1 70348 16018 983322051
2 6803
1 21785 93237 7864224
1 42812 3079 39817746
2 38622
2 29326
1 54149 69467 872432437
1 84365 70138 797917368
2 74824
2 25224
2 73015
1 19579 76837 403396424
1 32999 69654 963975501
1 83034 25458 678778948
2 27011
2 52661
2 32008
2 34267
1 16920 9891 127499481
2 7473
1 55324 36542 527634107
2 71772
2 44464
2 9620
2 70836
2 10084
1 24287 94891 463748041
1 22410 34795 795480272
1 66133 54335 397635884
1 94748 15068 411704324
2 28502
1 61177 54412 82980603
1 60798 80589 557948675
1 2507 49611 672645241
1 94424 268 595105954
2 4962
1 93457 87300 755427991
2 3298
1 58010 29614 359081944
2 37794
1 53452 54818 593266927
2 36733
2 22514
1 4257 23467 830408545
2 17015
2 55570
1 90609 44288 422594107
2 50087
1 57069 79446 745595428
2 50140
2 9601
2 40767
1 68142 72003 162507320
2 66424
2 33016
2 15614
1 25527 74712 704790395
2 89656
1 55807 60649 61284464
1 79224 65956 744730836
1 25069 705 814803779
1 30930 81983 392361999
2 22666
2 37397
1 59524 26120 233474483
2 58085
1 67564 28910 229720047
1 9912 26499 392112434
1 89994 7947 678958140
1 47747 36146 401568845
1 99793 92180 189295631
2 20359
2 39820
2 90509
2 88439
2 71606
2 24318
1 30460 52108 646023206
2 2958
1 83410 65807 587082188
2 17425
1 26785 6153 96141503
2 45640
2 20512
2 68533
2 62968
1 30237 47714 975128091
2 26450
2 27970
2 4656
2 28876
2 6408
1 80905 94923 983192212
2 63304
2 52832
1 52247 85603 642303682
2 17073
1 22017 5316 284392775
2 43830
1 50197 92028 372397208
2 59011
2 60298
2 47817
1 82611 9604 77415456
1 19164 3221 970916817
2 12777
1 64615 42641 250860930
1 22451 41644 538855713
1 52432 35659 491791912
1 49773 82938 555120366
2 80432
2 73479
2 61314
1 81492 14242 244916205
1 95760 74334 74249042
1 31672 7597 940494333
2 31279
1 66223 54023 111176810
2 86164
2 87749
1 45399 42972 407502734
1 90710 16136 433264868
2 14458
1 44754 66219 328120628
2 73276
2 7378
1 88402 89395 591345339
1 56986 22703 718417837
1 99272 83666 374258521
1 98439 18005 305730773
2 45056
2 97780
2 12890
2 59269
1 20873 67244 312510678
1 97804 99107 661715591
1 42771 86935 712318889
2 69416
1 78334 37628 547790996
1 27046 13131 392914299
1 95873 40797 730318783
2 39663
1 61503 53548 586809002
1 50328 44204 103910132
1 58089 85437 382608602
1 58104 48349 284212983
1 36781 12239 393579021
1 29197 75733 339526836
2 80062
2 4394
1 28523 94071 564346777
1 8935 68585 135652635
2 29919
2 68408
2 61865
2 95446
1 27054 53823 918482682
2 61360
1 55023 12195 19905438
2 75082
1 18476 55668 700277923
2 31720
2 12744
2 33790
1 57718 31943 239011728
1 40068 30078 667800566
1 13918 71636 156982655
1 2914 62224 820807051
2 98762
2 22501
2 53736
1 87620 79030 323802422
1 69776 49057 103649868
1 73047 22772 989414133
2 92166
1 85582 18853 635636217
1 90889 25397 759255346
1 94711 26533 156115261
2 36545
1 24121 19720 28299825
2 51941
1 69811 49645 896413710
2 56898
2 60870
2 18124
1 35119 69310 595929065
1 54939 82817 752911329
2 92639
2 43177
2 52917
1 45939 71443 201326058
2 53023
2 69850
1 76325 12751 788833385
2 96811
2 25463
1 33961 43812 662132047
1 87261 29120 588071632
1 41893 88341 876875980
2 81035
2 8144
2 20040
1 90889 90076 140133533
1 37922 7287 980446905
1 85933 92748 183411153
2 51691
2 3978
2 116
2 70874
2 16312
1 44145 18203 611249583
2 66984
1 45803 41599 374169100
1 99842 42417 860995119
1 34929 9766 983349304
1 64265 55767 717621603
2 3704
2 49332
1 77522 25917 636892643
1 87452 84964 252552664
2 12135
2 4720
1 31609 17591 322403019
1 85152 96702 424745348
2 73408
2 65730
1 8194 22314 32013767
1 71763 83413 704790223
1 10092 31592 273334801
1 64296 81361 179316857
1 58018 5229 138683769
2 6670
2 110
2 54438
1 27885 59171 295457520
2 12009
2 39802
2 89331
1 83598 74607 334801161
1 42745 92046 117708404
1 67845 56553 202444652
2 66357
1 87820 64179 691529789
1 6747 8758 238500361
2 65539
2 80949
2 11900
1 90826 33488 474904426
2 10169
2 54856
1 71606 91662 124701265
2 40368
1 72570 10990 856701405
2 28695
1 53844 87946 557753939
1 59521 39379 190634216
1 23131 21175 720933755
2 95716
1 39997 89280 84708012
1 74031 19409 533671012
1 12470 32069 68267546
1 78831 8922 773233325
2 55045
2 6040
1 68338 66022 518856015
2 45191
1 57126 98284 481374572
2 57787
1 10919 53476 296641275
2 66112
1 29544 7458 647302952
1 48114 78488 605081014
1 54184 68797 328122473
2 75891
1 84889 22445 985908196
2 12777
2 84619
1 29243 44447 682572037
1 3675 37224 161621080
2 90575
2 52793
2 59287
2 58371
2 74389
1 80755 54706 923715861
2 5381
1 19913 46525 299226560
1 11431 34321 254824513
2 75086
1 35608 777 392269051
2 4487
2 6134
1 40462 15841 363340004
1 48970 10137 992456063
2 10532
1 15712 58718 165819794
1 95558 37703 69688233
2 91163
1 53502 21827 463525346
1 91924 40680 213998126
2 18287
2 79006
1 48426 14720 823265933
2 48580
1 70618 65830 356110284
2 45693
1 24082 48303 250399471
2 98415
1 46367 50262 364617327
1 93462 54182 363430854
2 62669
1 36684 5535 40833737
2 25553
2 28330
1 93134 18249 359925983
1 13929 14063 374515893
2 64551
2 25346
1 52732 77049 560802398
1 94961 71192 538022192
1 66807 7680 563939973
2 65188
1 23326 75405 541756233
1 88696 30705 777264172
2 94429
2 93074
2 30867
2 84818
2 31599
1 86940 60755 891300235
2 21317
1 5407 68555 322850368
2 2442
2 81919
1 76453 4970 741923396
1 74505 64922 505159531
2 702
1 38606 29720 414918530
2 97018
1 32464 94645 381991344
1 51493 74511 753790920
1 35614 96138 998443988
2 55219
1 56429 54571 389079819
1 60554 13124 125160573
2 645
1 59709 92950 816602151
2 73834
1 25968 82092 322630722
1 54231 67898 663494060
1 12561 13358 462687711
2 95623
1 57541 34071 424098877
2 41968
2 30338
2 58419
1 80319 68568 700037268
1 98397 238 306831837
1 29389 36287 35336789
2 37498
2 766
2 96364
2 22990
2 76409
1 79131 61532 788164673
1 7920 16089 638997453
1 60688 58873 462615368
1 33184 52602 882093
2 64306
1 70649 2207 834525637
1 45291 88950 427985069
1 37743 78586 369137437
1 38445 80125 350984524
1 50567 59556 730795682
1 25182 96751 352967273
1 28081 9804 236865645
2 49926
1 14848 73665 600651121
2 51210
1 94600 87174 197445887
2 98784
2 85756
2 69584
2 10251
1 95972 81051 790419406
1 70524 54147 762175568
1 49129 33942 569999447
2 73913
1 48070 2895 2490882
2 36753
1 45259 19581 163111594
1 32062 15828 723827573
1 74257 68874 373247279
2 19088
1 91970 78373 718329565
2 92569
2 38743
1 65453 70595 512000981
1 52867 99471 794713277
2 25994
2 71848
1 25624 35185 851689284
1 67507 94674 696468922
2 56587
1 56937 38260 276067572
2 92129
1 85557 32052 321921083
2 14094
2 79918
1 50418 99943 84382597
2 17492
1 47945 63492 411666599
2 42337
1 63594 43039 787268575
1 79539 56199 711713854
2 79519
2 92035
1 11140 47709 763669601
2 72199
2 48825
1 93314 8738 277247234
1 20612 58824 523013581
2 13371
1 59718 13707 82982887
2 89305
1 76191 16246 861793566
2 538
2 84128
2 51123
2 75222
2 81945
1 76318 30181 633386777
2 44855
1 70171 79125 692820793
2 33574
2 8177
2 47193
1 9601 25020 868940290
1 83022 89075 539246661
1 52252 93961 849195147
1 20455 88518 830483098
1 99151 27774 789907302
2 32338
2 6401
1 39303 31491 933376875
2 78577
1 8837 53075 776212145
1 77379 22399 992386954
1 2230 40293 594224779
2 56102
2 85237
2 49943
1 18730 5886 273150136
1 5181 75201 620831789
2 32595
2 88415
1 72243 57284 667502004
2 29695
2 77330
1 64887 65798 303633549
2 13563
2 95194
2 16169
2 95484
2 99908
1 95714 73664 335350047
1 64117 40496 759827126
2 27489
1 75 49574 724120759
2 39458
1 69103 18825 310509289
2 81262
2 81758
1 82024 2181 974211546
1 54782 97384 59993984
1 84939 84464 405858838
2 93770
2 96030
2 42209
1 45561 62344 181521026
2 95888
2 93236
1 47520 9940 428766141
1 39216 38873 22359252
2 51554
2 80494
2 24495
1 31844 64700 634316816
1 9561 83751 186500661
2 66964
1 52257 91938 214304833
2 15148
2 84859
1 76606 9506 405241291
2 97354
1 48718 16484 821967225
1 15152 49559 548505169
1 17459 96710 497391
1 42658 31074 998106669
2 28410
2 69247
1 51341 10414 492331632
2 86099
1 19938 43905 207367381
1 5579 79140 750197445
1 96079 81714 230887641
2 6846
2 63346
2 46217
1 70285 81014 558704736
2 15949
2 29924
1 1962 31641 869171710
1 79849 16234 845753513
2 55408
2 15431
1 43316 42909 45048952
1 15878 76806 268177150
1 94608 70145 785779494
2 30043
1 12892 77926 279564015
2 46012
2 15589
1 83102 7957 7957154
1 62718 69345 967508375
2 56339
2 1068
1 15011 14687 797297986
1 58329 99508 274104095
2 89373
2 3027
1 65240 76264 915793194
2 63929
1 62537 10928 672733864
2 17168
1 5618 35145 14970985
2 31246
1 21495 59484 344716740
2 68366
2 9834
1 79313 48105 799434162
2 50211
1 49460 92948 12171475
1 47932 65784 376779018
2 20982
1 42890 76061 509654177
2 74217
1 23131 781 830303024
1 69754 8527 145528502
2 85093
2 53145
2 55728
1 22822 13815 374735164
1 13767 48386 690385582
2 32830
2 49640
1 13366 15913 72363277
1 74174 90207 250299753
1 72074 87160 603236561
1 63305 4729 293331245
1 32971 65930 738822935
2 72354
2 56044
2 46689
1 22205 60795 762240777
2 46483
2 50225
2 93382
2 92991
1 16963 19774 364518589
2 39189
1 31063 6773 173460087
2 40886
2 43448
1 19806 10625 685421842
1 69866 37899 209390306
2 79581
1 15134 3921 949361194
1 85066 56254 813055389
1 4609 13249 699250383
2 78297
1 2777 71500 625537784
1 35644 16366 63385427
2 97232
1 3964 8222 355172331
1 52839 31236 975053718
1 77592 60559 946831951
1 47752 80505 839638492
1 70926 74821 172048459
2 72013
1 13068 8330 509299364
1 2089 67436 350566222
2 15187
2 94163
1 93689 119 680188036
1 61824 28837 817890706
2 70489
2 39696
2 41166
1 96131 80796 920142832
1 67485 83809 176531024
1 90321 33743 464870674
2 23994
1 92373 71993 7387041
1 48779 27453 959638568
1 30434 54845 420685382
2 9751
1 43395 50109 738093678
1 78081 74625 921211489
1 21503 45675 235549190
1 98084 88206 92346466
2 84016
1 51918 4258 850207911
1 69062 4945 713106497
1 89364 53836 792113861
2 30793
1 48794 35181 963122661
1 14298 32626 634712330
1 26884 23952 687548038
2 8980
1 93423 34477 525886330
1 37304 47970 882620149
1 1419 72628 509756470
2 68416
2 19885
2 92641
1 380 82579 512926288
1 73203 43747 30847728
2 7627
1 17040 48817 586325834
2 26113
1 26166 94876 862699344
2 55912
2 64131
1 55339 31197 432742297
2 65456
1 52169 37456 304144395
2 65891
2 41242
2 17599
2 33334
1 10539 63319 473267143
2 98856
2 69986
1 32729 81722 338473875
2 75097
2 89670
1 48220 3202 848320284
1 16386 20320 742765469
2 3331
2 66150
2 68698
1 92685 41210 380244277
2 29493
2 27989
1 13756 83410 87335768
2 53942
1 30433 24873 324240570
2 4828
1 41373 62590 163046610
2 2285
1 4956 35563 117760460
2 41865
1 49481 66152 737707775
2 247
2 45233
1 16692 93824 119873668
2 42501
1 20473 75534 182949492
2 70593
1 5033 65202 102425502
2 89039
1 62242 38327 486221911
2 95852
1 52917 39771 17225714
1 35264 74610 558259345
2 80067
1 66150 72851 935349565
2 41676
1 55163 16481 452388556
2 38170
1 84314 1766 500914750
2 32588
2 37391
2 73792
1 35079 80693 631743494
2 36302
2 65381
2 21931
2 32519
2 25237
2 14894
2 41548
1 99564 87122 748754375
2 98671
2 2641
1 91863 60225 908742503
2 67210
1 44829 5914 719409986
1 75182 5276 380984718
1 95225 60553 929931722
1 90157 27861 25396518
2 84084
1 34351 68199 192002495
1 71344 33682 197818043
1 57122 88141 58629146
2 2382
2 19536
2 94020
2 46189
2 54524
2 80744
1 75455 3768 959503147
1 54163 3016 338056525
2 44989
1 28287 92829 23626793
1 12899 28527 104006575
1 75790 88473 778682212
2 94556
1 59093 37402 514983325
2 99478
1 15994 16417 231095172
2 99935
1 61179 93253 2583473
2 37202
2 24585
1 91839 88102 824825183
1 694 33632 27611769
1 31523 32422 54179417
1 92764 73725 845669915
2 50528
2 88176
2 91000
2 40320
2 41109
2 4548
1 61047 37845 817531955
1 1124 8070 203828496
2 34154
1 13849 14578 891270960
2 21935
1 91948 48856 352229821
2 28170
2 93353
1 67392 80514 300054415
2 78335
1 918 45403 867367108
2 60094
2 95353
1 61796 95950 489680251
2 28446
2 47263
1 53688 34865 809533897
2 14163
1 28558 1346 816866073
2 36740
2 54750
2 12755
2 43215
2 21423
1 33362 78303 841225912
2 3895
2 73589
2 77011
2 2560
1 98097 57679 224838157
2 13935
1 59072 99757 347581973
2 92574
2 76190
2 94372
1 81236 95767 713640321
2 27068
1 49878 60844 624912060
2 2526
2 61741
1 49459 47489 663402997
2 35421
1 11259 36067 336044544
2 5510
1 57251 84644 96112843
1 89108 14774 885221532
2 33389
1 23871 26960 980071978
2 79910
2 91541
1 32202 26052 462396930
1 429 54118 64880120
2 8710
2 56787
2 67985
2 66510
2 77997
2 77767
2 61507
2 89908
2 19365
2 61811
2 58151
2 48554
1 58028 82125 603315545
1 78007 37750 903967252
2 16178
1 52076 136 528194797
2 22055
1 62471 75424 765947806
2 98333
1 88687 27988 683834092
2 67177
2 58831
1 99286 91911 520112740
1 81124 48471 962151277
2 90408
2 83990
2 69107
2 58471
1 41414 72133 881932218
2 82733
1 25765 7336 94916156
2 40028
2 62832
2 26568
2 82242
2 75441
1 44403 62544 707744340
1 37245 11782 878642009
1 61643 60077 117271115
1 16631 8931 584358927
1 33595 31795 300057633
1 48667 20737 58459898
2 34066
1 7671 38450 512627953
2 59881
1 40706 23278 763161050
1 33187 62096 621102048
2 74074
1 65996 1544 721351778
2 18568
2 51657
2 74113
2 36532
2 77681
2 20781
2 30215
2 52170
2 3220
1 20217 31046 188353618
1 67146 55462 956252231
2 1674
1 69417 13630 751335813
1 61259 98344 668754150
1 87635 39531 900998809
2 97246
2 54886
2 44732
1 20644 88878 993124571
2 77501
1 20073 11591 498940058
2 86704
2 22240
1 37655 11435 880180854
2 53664
2 46805
2 91821
1 77818 63633 275448625
1 24578 44007 544753799
2 31128
2 61624
2 28911
2 43662
2 30525
2 11279
2 56541
2 83894
1 64528 24743 451883793
1 31801 61063 456161466
1 53999 88412 188209098
1 6993 30193 48608564
2 44194
2 97077
1 56549 49546 798888476
2 11721
2 20638
2 89915
1 81114 4373 543488819
2 224
2 38242
1 95112 36659 581578890
1 57376 16952 846680588
1 28835 53342 835071081
2 67054
1 56471 17376 880867196
1 57394 69933 338131643
1 21411 81782 670379387
2 3685
2 63420
1 90512 25876 744407750
2 12181
2 16623
2 88961
1 43785 37762 89010321
1 2266 38149 606687919
2 11893
2 74673
2 68008
1 17231 61105 180955907
2 7058
1 43230 3486 98366246
1 9414 84895 727293279
1 82364 9873 5877664
2 43190
1 75059 18829 886005254
1 72707 78870 742798521
1 56265 67417 543896183
1 69125 93544 669390901
2 19193
1 50329 49458 138668778
2 50934
2 1676
1 32204 3493 520807812
2 50180
1 28296 54835 818533787
1 44826 36999 917377004
2 70349
1 24334 38875 238742183
2 3838
2 55029
1 98107 72528 982021281
1 86715 37298 911605889
2 96437
1 38008 34578 282595818
2 14122
1 38206 23049 102049949
1 63611 82654 394220183
1 40302 54473 601307494
2 13407
1 2495 39538 517255754
2 26269
1 5956 37213 263235432
1 58175 34641 925206675
2 944
2 75905
1 19008 43112 569221407
1 81735 95867 799053290
1 27736 71102 610110306
1 93441 58016 372755027
1 88022 75995 919541142
1 44950 31308 738109661
1 4674 15240 142433577
2 24511
1 91528 21378 557205438
2 86375
2 1198
2 995
2 54246
1 12394 21498 654562868
1 99203 59337 722930109
1 99201 30575 604474597
1 113 85813 362238447
2 40041
2 22912
2 2267
1 18626 53399 793800524
1 5646 36943 226069729
1 46830 75677 196023506
2 19567
2 84542
1 34423 51706 852649922
1 21077 49017 869583165
1 67643 34110 668498388
2 15715
2 26974
1 57091 16034 682060718
2 35739
2 86011
2 69457
2 27861
1 54683 25030 592668637
2 38372
2 47373
2 19778
1 43440 28591 667269260
2 30217
2 93300
2 80162
2 33504
2 27765
1 71282 50318 59949675
2 11392
2 99488
2 74145
2 26984
1 50998 45817 403627608
1 10255 37006 179367296
1 88002 28536 306706129
2 94928
2 9084
1 36354 13187 312515734
2 63347
2 16028
1 432 26979 452267262
1 10612 91993 526763051
1 79350 34259 627052562
2 67093
2 3076
2 69004
1 30992 84096 587830570
1 45400 74721 845139696
1 83693 94839 795925086
2 23381
1 93044 62932 122655322
1 66731 24709 107529011
2 93809
1 75277 78549 54269969
1 25565 70324 608073859
1 11045 47582 201451788
2 86510
1 93960 6050 104499423
1 70929 94058 459198765
1 89742 5957 973731509
2 43167
1 34733 98574 122330516
1 22313 32178 903585554
2 79471
2 16724
1 27666 63550 916344426
2 65222
2 82835
2 24397
1 14425 69659 263324077
1 69629 56454 740100977
2 83613
1 53641 77372 417254133
2 24412
2 31710
2 11296
2 42709
2 10477
1 17252 31736 583226313
1 87039 48920 974325571
2 26161
1 97128 39977 730440324
2 53346
1 89143 43999 547064093
2 83271
2 67700
2 62589
2 7235
1 79866 10045 708862887
2 98397
2 35617
1 75985 25353 81030394
1 88025 38415 361310501
1 44730 64860 51492786
1 99514 55012 429968846
1 50870 99481 356802338
1 64677 38924 285515482
1 39168 64076 750839745
2 83276
2 47307
1 37805 77256 430925322
2 25236
1 2342 88533 534655211
1 52400 90673 217878170
1 80136 47234 22675712
2 97917
2 65453
1 33553 70645 461296894
1 91211 64580 110199509
1 31249 76369 304720363
2 33141
1 14361 15638 64966979
2 73839
1 84266 41525 521165618
1 60760 1774 732297042
1 26579 19120 599249469
1 89112 7716 598358956
2 69657
2 73950
2 10252
1 36697 94537 355236625
1 37196 94068 952177604
2 32078
2 46999
1 77725 45869 753834384
2 76899
1 36705 95186 792160154
2 29550
1 74889 77794 103815723
1 81505 7509 992338311
2 99612
1 22605 21356 970635824
2 8616
1 13132 35771 698663
2 63011
2 42601
2 93064
2 71189
2 53757
1 88757 69168 437910896
2 17621
2 62590
1 46588 46772 548967599
2 3008
1 52902 93409 96704993
1 70137 25558 258475834
1 74260 95901 598681971
2 84903
2 45210
1 38428 57611 568446939
1 56983 28786 482819013
1 78586 5709 338615036
1 68351 65601 214742568
1 70519 47190 890060353
1 56446 1205 248721845
2 6502
2 79650
1 459 32957 686276030
2 12213
2 17433
2 21611
2 74060
1 42654 79576 630785778
2 53684
2 34130
1 71216 15144 27928383
1 26597 24880 646390383
2 27872
1 10852 8570 908945466
2 4329
2 8995
1 28870 12904 942401427
2 4529
2 64282
1 1729 67418 495370933
2 79865
2 5656
1 82273 25338 157007577
1 85737 56701 350773708
1 42621 49657 346199755
2 6130
2 9673
1 63949 19498 969548156
2 35924
2 18788
1 73980 2744 264973744
1 51124 16000 231105034
1 91477 30919 512921230
1 4061 79049 850521286
1 68993 50691 635104800
1 15848 72333 420604960
1 20799 55271 613673296
1 87086 30677 994291088
1 99083 95821 659160791
1 53161 53574 492127068
1 14682 1095 222708376
2 60784
2 36317
1 60973 42582 454085696
2 92426
1 60112 93967 162612373
1 97256 93721 524703796
1 8715 45294 100044656
1 42616 68770 139003423
2 91496
2 89699
1 90302 60557 445529296
2 29125
2 94896
1 26461 84626 96367222
1 44059 44309 836082112
1 68330 80999 772442560
2 18873
1 39465 37476 405909815
2 10459
2 19278
2 93025
1 16020 64054 908386961
2 33067
2 84514
2 80508
2 37452
1 25496 51756 519372284
2 96322
1 55638 61452 601468367
2 30780
2 79091
2 84648
1 18463 4109 301417799
1 51572 56153 176128980
2 83328
1 53078 84669 343824888
1 41276 4384 317128290
1 16773 87751 972386099
2 99703
1 13421 69691 226120967
2 48209
2 5892
2 53812
2 98275
1 82269 45659 734436988
1 13190 82103 790845747
2 40538
2 97884
2 96099
2 17998
2 19019
1 58059 88994 230805562
1 80485 35914 323132236
1 92425 31362 835130776
1 2324 20658 475862827
2 59019
1 97235 15824 381393004
1 39871 15770 98246497
1 77265 78704 370253540
1 65164 29102 95571257
1 45571 81641 612984494
1 80221 22957 654259307
2 77581
2 51779
1 94143 34602 162613828
2 48428
1 53926 44966 646528811
1 79403 58458 738286294
1 57875 80387 969702264
1 42035 18373 974154807
1 39498 1366 297806821
2 27543
1 39405 76507 523685486
1 33646 27422 962207984
2 14914
2 86312
1 47273 24925 810939375
1 62959 39136 39503688
1 62346 11879 386161560
2 47575
1 14671 47627 649067483
2 23587
2 93230
1 37796 46721 256678206
2 68831
1 1939 89422 475648488
2 60267
1 1875 16618 91232447
2 59819
2 91970
2 41299
2 51403
2 40221
1 88747 58712 561269491
2 83712
2 82170
2 18640
1 73985 77717 430767250
2 31662
1 17209 29680 22158956
1 67217 50104 652933805
1 19032 85488 224261281
1 88750 81710 977642025
2 26305
1 91945 98657 844441249
1 76398 47772 472854107
1 33873 45246 4239959
1 52757 86121 759294964
2 15612
2 81494
2 94035
1 81248 25716 261577276
2 80111
2 13667
1 65273 46959 854566199
1 48960 44183 154300571
1 54159 69106 950017729
1 25113 98044 347754700
2 16192
1 12232 57419 812181889
2 13953
1 40920 9223 184010428
1 81130 9644 565213726
2 73499
1 93960 47904 240505507
1 37287 23451 263795026
1 8567 1962 528742639
1 75450 12271 905851200
2 65544
2 4414
2 1530
2 1153
1 74736 31289 1169654
2 50349
1 13340 88740 106628045
1 62817 76536 516037178
1 20905 83657 203684303
2 68472
1 67727 51054 762178865
2 69594
2 70355
1 3665 65321 355049689
1 2252 57022 100286018
1 58391 73814 161415218
2 92587
1 52729 72000 15299275
1 27718 33564 993421019
1 35752 93527 458324043
2 20794
1 73479 58981 964203158
2 22441
1 25810 2624 933835138
1 56798 83584 617700127
2 56832
1 86366 62646 826079922
2 27753
1 49491 17507 495734842
2 32160
2 41511
2 30043
2 851
1 81057 99632 991198263
2 73259
2 87642
2 61733
1 89862 29553 91423642
2 96120
1 67531 9786 21637160
2 49502
1 45744 99017 761312580
1 70471 89428 136512123
1 4904 60874 417222586
1 4488 90282 334756046
1 28615 79903 59407846
2 74904
1 66155 91790 173408213
2 16136
1 73940 78952 425720635
1 57719 40382 769445586
1 67027 89262 226708659
2 98605
1 86507 41653 930042534
2 56983
1 86163 68069 700093034
2 55941
1 69371 83151 682887696
2 90553
1 70320 58396 321766572
1 47837 49920 891675550
1 25734 10829 372999333
1 30342 3740 497309572
2 84353
2 12332
1 62679 38752 722356787
1 49733 41005 782811582
1 21717 87754 698845213
1 7630 27902 257453225
2 23585
1 51250 65194 192308991
1 14538 42211 21943467
1 86397 29953 51474483
1 91760 41864 301608804
1 39325 48696 504782253
2 87544
2 25307
1 12570 22099 24190898
2 89402
1 91301 84304 483077596
1 84157 19182 917790321
2 4282
1 26697 11638 503671239
2 40315
2 53343
1 84256 91046 302454612
2 31095
2 40676
1 30954 22907 987683314
2 76537
1 61823 59603 132613601
1 83457 31323 803945514
1 47486 59083 594582791
2 3805
1 38386 44033 941276661
2 68550
2 32743
2 50602
1 83498 46597 589625851
2 4477
2 10499
2 15961
2 1409
1 63599 24586 154374373
1 90497 81112 264750198
2 80166
1 55149 99488 574367917
1 1082 69897 642420350
2 23866
2 2968
1 41151 93689 972923920
1 4088 78595 702026771
1 72171 66789 937878163
1 74465 76683 60801466
2 18451
1 60970 30518 900635686
1 66022 74750 871886117
2 94124
2 34259
1 68802 82104 779790422
1 61727 61192 341408395
1 65131 12323 185838013
1 72376 19546 797970400
1 68512 11038 500443722
2 41996
1 35104 12429 953965303
2 22105
2 79440
2 95664
1 51701 43648 561527380
2 59545
1 60447 53500 749594826
2 84889
1 41782 84308 491421257
2 39816
1 58165 89103 816548773
1 87171 43272 670469957
1 5720 89683 491591991
2 91457
2 90663
2 61319
2 79305
2 3507
2 73057
1 18455 67868 81857558
1 29325 31013 669824040
1 65171 45168 999121450
1 76683 17440 180274220
2 83789
2 36322
1 77267 71574 413137764
1 85318 98278 343970705
1 98487 22339 384400494
2 4320
2 750
1 3330 55370 866913020
2 10430
2 590
1 29476 41233 171263950
1 69545 70454 286254193
1 8177 49461 337168655
2 38399
1 27845 70477 925787853
1 55596 79965 879995362
2 31829
2 62523
2 66653
1 87629 47716 59762361
1 60682 62512 862590818
2 89788
1 49062 66006 961615345
1 79029 83561 337683885
2 50029
2 82731
1 74375 82991 772338522
1 21553 95256 35052262
2 61303
2 40672
1 77121 9313 663272991
1 34431 8773 533007360
1 50138 6824 758467767
2 27160
1 55256 66150 483980205
1 23091 52173 163273191
1 20346 17509 587237084
1 46392 88576 97993769
1 12262 723 13582181
1 74885 66485 287246486
1 75983 57543 861884042
2 71137
2 81801
2 47981
1 25058 63212 762909349
1 63507 10971 619736616
1 10044 44743 90245617
1 15904 25623 810674710
2 42124
2 20845
1 62247 76058 664119988
2 60291
1 77535 57443 411124375
1 59798 70426 948499334
2 91267
2 81329
1 30175 89974 727104503
1 79901 21429 471291109
2 37214
2 37330
1 86220 7484 541540247
1 44976 22629 511357624
1 52137 73080 831601170
1 72841 9059 227132123
2 41502
1 56155 22942 3122668
1 81917 12614 626832338
2 16006
1 29029 57204 477424733
1 51515 14342 375386608
2 95511
1 88381 99451 974089747
1 59996 95299 405001101
2 71841
2 47602
1 6149 63531 607921003
1 35927 95645 451414144
2 21430
2 33666
2 26852
1 91326 97857 403683382
1 47211 8781 224717001
2 51228
2 77210
2 90917
1 24956 37181 559080885
2 56035
2 63951
1 18751 78877 329552889
1 44740 61964 717329350
1 44406 15926 62107445
1 57660 1494 563441508
2 62449
2 84480
1 35118 64903 171058366
1 98552 92436 350970565
2 68909
1 58543 19510 463310728
2 68701
1 50350 68686 108222588
2 99759
2 44739
2 17550
1 62881 80507 560814665
2 65021
2 14829
1 91529 64472 442545311
1 22811 84077 853108178
2 30476
1 98132 43205 755928737
1 13175 21132 735667709
2 17662
2 20448
1 27576 45785 397141034
1 80945 32515 307195061
2 54589
1 460 51677 161661178
2 27074
1 10779 52380 390955326
2 72124
1 69408 30837 673104200
2 14844
1 16644 36361 705446792
1 39052 73199 302018422
1 50309 467 134912055
2 80955
1 12749 12458 554970532
2 3356
1 23031 261 883698118
2 81798
1 2706 81216 922285843
2 35109
2 37008
1 9383 22102 391837017
2 52405
2 42146
1 44271 55625 81600083
1 87079 17936 122889457
2 11058
1 25548 32067 446841526
2 91350
2 64278
1 72861 63631 805017419
1 67209 73523 730777309
2 62823
1 84462 23858 357339306
2 94269
2 74906
2 34806
1 17057 42807 4481727
2 59371
2 79943
1 74086 63500 381942491
2 15745
2 58467
1 95343 71684 833717407
1 85289 49966 986957028
2 78234
2 67871
1 77613 97295 168075786
1 74367 88540 484011527
1 24923 86413 190961833
2 12280
1 53254 83413 866365999
2 24540
1 39260 4656 166286082
1 63097 1024 526577475
2 46191
1 68870 58198 113788215
1 72509 19448 958405745
2 7974
1 36732 57597 847459816
1 49604 86214 719908694
1 34783 43093 216217429
1 85068 85555 786891584
2 58468
1 84294 36583 368186639
2 48752
1 44228 42569 562964754
2 91015
1 70692 67739 125452355
2 73284
2 22137
2 20313
2 18793
2 23991
1 45176 40904 181507034
2 64153
2 87940
1 98593 47141 975039933
1 25514 78378 762821797
2 10855
2 53325
1 13498 81605 653294375
1 29512 29345 858015780
2 98999
2 39394
1 75491 63741 622192316
2 95390
2 90750
2 7222
2 96046
2 66628
1 7002 82464 649243764
2 38320
2 73178
1 20765 30702 257122935
1 14789 88087 602203948
2 83196
1 95372 83761 631371856
1 47460 39912 222038679
2 96478
1 2473 884 703074066
2 64857
2 81720
2 2934
2 28058
2 74611
1 93430 73665 919682075
2 13524
1 27913 84652 997986149
1 94381 45891 917454239
1 51174 4663 92746806
1 24082 86397 81556258
1 84992 3578 389862997
1 46211 25323 397224720
2 45439
2 50682
1 56096 19274 235244282
1 68459 18846 934435691
1 36758 94912 458548472
1 79331 10018 206982961
2 22563
1 66034 91347 258459248
2 36823
1 94566 95982 209184847
1 1299 23875 995447028
2 23980
2 67568
2 33509
2 46018
1 75082 56265 142937769
2 91309
2 70672
1 7295 96828 542972051
1 12900 36143 364811354
1 57131 9738 39946423
2 34539
2 43727
1 46921 77120 387608943
2 89417
2 61424
1 31759 73366 338409871
1 68482 7610 88089622
1 88220 57198 34987643
1 43095 84720 489532814
2 66832
2 85617
1 58989 6992 149163462
1 17889 94571 756064140
2 70829
1 71018 73291 649747208
2 44790
2 19875
2 77802
1 67313 65682 10008822
1 23085 41923 553781095
2 68677
2 790
2 3155
1 15616 37757 448041023
1 90142 79630 773467087
1 78709 27680 912869382
1 12588 45029 218732236
2 80940
1 53944 22105 545784784
1 56665 2920 515433591
2 39296
2 10905
1 98967 81525 622699632
1 95552 80910 539350270
1 83653 41333 910310424
1 59636 94341 345633801
2 25816
1 18197 53740 217189017
1 16125 70902 344451495
1 39347 13817 505167815
2 65117
2 93528
1 41647 55162 761814909
1 53162 34484 919166816
2 18851
2 93087
1 4968 65802 394257462
2 58814
2 54246
1 60182 50530 800316600
2 46205
2 64859
1 11392 878 92840765
1 44449 69615 734905720
1 79 92113 750045240
2 11925
2 18514
1 25392 65240 534901341
2 66227
2 58330
2 78240
2 38881
2 99105
1 45138 43963 73612042
1 91875 63855 557980458
2 10301
2 27564
2 15204
1 67435 47899 798884712
2 31475
2 60627
2 47790
1 64683 75288 608703421
2 41197
1 5140 22347 440393439
1 87403 7636 170221094
1 5760 20570 945562715
2 88587
2 20208
1 94503 2177 547539669
2 72373
1 71507 17077 786333946
2 23918
2 29006
1 95110 91959 907764465
1 84001 13032 617940696
2 16274
1 44353 71217 512566994
1 67120 11822 147608789
1 50854 29566 589826240
2 17901
1 354 5920 533252359
2 63024
1 22750 4249 878211103
1 37357 29344 938660577
1 94110 50864 173426790
1 13907 33289 249514679
2 74300
1 6481 73271 470482755
1 8931 70997 307430426
1 45351 15083 513023180
1 20836 4255 391491798
2 35263
1 88381 2422 444999037
2 44216
1 20531 96981 300900927
1 20782 56268 868928782
2 69851
1 22420 48079 102005566
2 32603
1 49346 56404 650958251
1 24572 30597 288587631
2 52662
2 44356
1 52371 95124 222021917
1 30501 8954 672228537
2 39352
2 56504
1 59313 80636 45084288
2 15786
2 49889
2 4571
2 83064
1 32846 97193 522021922
1 88607 37862 850310673
1 6164 47929 335157525
1 86259 55343 986301658
1 60109 98585 402914747
1 29326 38154 52453742
1 98551 1360 510766431
2 41153
2 72816
2 60133
2 90702
1 46631 28217 531443003
2 11598
2 94624
1 41633 5385 337320421
2 40816
2 92211
1 35458 37430 411314000
1 90957 12848 917759528
1 49637 43456 694108962
1 45253 78853 966246149
2 17998
1 90223 2122 897948874
2 37889
1 27850 38805 197950373
2 95746
2 54731
1 50462 11269 379775144
1 80943 71560 484844133
1 33864 65059 406786988
1 70926 2370 673745149
2 35534
1 1397 47407 622272701
1 11496 60555 670036641
2 89533
1 15419 49586 899120370
2 67820
1 65058 15359 88213682
1 22040 39850 907141590
2 59476
2 66359
1 89316 49420 671629614
2 65360
1 30197 59057 438525075
1 84414 98475 954872018
1 68553 53586 292140551
1 90423 80104 15963581
2 42539
1 13595 39211 969874864
1 3855 76784 926777775
2 52443
2 82134
1 59673 9000 819916325
2 22648
2 32552
2 84150
1 52401 66028 519485618
1 9362 96524 795726175
1 53020 88907 172879610
2 59132
1 56139 77900 445980549
1 35163 92217 427499370
2 51147
1 2115 75140 244318637
2 6026
2 89793
1 62605 34906 931647917
1 29264 10140 300428158
2 36270
1 17891 28961 221998650
1 2858 50559 65851965
2 35516
1 67754 44653 262439351
1 92810 84216 75866044
2 71799
1 39749 80499 457701982
1 85697 72290 478048621
2 11183
1 91078 56073 261994731
1 82804 71061 51593427
1 50495 68501 546738837
1 35413 95944 40717167
2 9954
2 62768
1 1145 82089 425443322
2 4804
2 86677
2 33574
2 74529
1 36131 96278 770474734
1 92844 10670 170379159
1 14662 68154 790015104
2 5890
1 63464 85946 296185964
1 23020 11504 722810716
2 12668
1 68223 90605 345300655
1 83971 39344 417636626
2 14806
1 86182 69993 960579391
1 7749 97780 982808907
2 91212
2 58149
1 71395 64771 721810648
2 2912
1 7796 59783 653914827
1 9675 63986 492925138
1 22389 45607 771329417
2 77582
2 91657
2 31721
1 31072 48336 553363528
2 46915
2 61523
1 13483 47020 614806210
2 49180
1 83757 19101 468599436
1 46530 84673 343432207
1 89687 77158 81084238
2 33426
1 31106 20849 290300526
2 69417
2 85075
2 59715
2 72257
1 29229 1239 251102435
1 57547 61464 443127642
2 46827
2 80673
2 99860
2 30172
1 54218 86593 124678137
1 84486 92900 800141859
2 76007
1 42817 19698 940717273
1 11966 14679 73508372
1 39215 38171 594432181
2 27960
1 60633 21784 792579286
2 10711
2 26549
2 43914
1 69507 67246 237334397
1 9369 46198 470093670
2 54516
2 69570
1 26111 13958 299036769
1 51228 81757 642145446
1 17711 50271 329302656
2 15634
2 48078
1 17068 85600 127628355
2 4251
2 9724
1 72737 72128 942217570
2 44034
2 49363
2 43244
1 3999 95339 301833893
1 39254 6516 887221926
2 50494
1 42081 49587 621647007
1 78748 53282 179586092
1 3465 75834 251179532
1 88284 58771 192116288
1 9721 54784 426607685
2 37980
2 33099
1 89014 39650 411986391
2 826
1 49349 74054 491651809
2 29430
2 27196
2 13020
2 15228
2 20627
1 72521 25123 401009153
1 61411 19431 840717537
1 65785 51284 617047100
1 59250 3304 155935326
1 33073 39965 655743585
2 67639
1 54468 53185 748287571
2 61943
2 41318
1 10796 75064 622811086
1 20022 90546 627016829
1 27145 92500 526394989
2 79191
1 55088 35840 543095779
1 61725 66511 805172449
1 69414 90948 471135300
2 71738
1 43180 30372 483175516
1 92697 28182 449316197
2 9821
1 94950 28648 590865006
1 74887 7981 465617769
1 7890 12925 134508786
2 32764
2 8392
1 17970 28417 309594467
2 15916
2 39072
1 36622 43037 807156339
2 51374
2 20584
1 75198 60321 493491069
1 54780 6674 740866453
1 10960 93236 179434560
1 44334 81806 799499110
1 43752 43785 375257326
2 17436
1 39045 8860 889499608
2 65435
2 93837
1 69568 36617 548223316
1 30344 35895 579993937
2 62910
2 69818
1 40176 88299 477875173
2 51815
1 87919 26816 440231528
1 81652 14857 577688441
2 49099
2 54599
2 34998
1 19098 21817 482539621
1 32567 59997 125052494
2 35309
2 19351
1 29156 63679 191890610
1 56147 73526 235378805
1 15734 45239 610750310
2 22761
1 74164 15762 453480122
2 59853
2 50435
1 56649 408 857162872
2 66978
2 39504
1 47153 21981 123996443
2 70563
2 75928
2 52518
2 42046
1 82436 38975 150058724
1 91731 21198 773588287
1 65270 34294 651813306
2 21165
2 26506
2 63926
2 97269
2 43867
1 16353 78376 575294058
2 92990
2 64667
2 19184
1 38960 16101 102756352
1 95970 30458 33745582
2 97953
1 63664 59952 368743226
2 18373
2 58786
2 96524
2 79791
2 70631
1 86792 11948 958327377
2 2254
1 85934 94864 425647176
1 45900 20121 904906149
1 91579 21447 619834612
1 30675 88964 175105311
1 98908 12845 940263104
1 40504 26790 895789776
1 37375 55215 547084660
2 48241
1 27705 56424 574180864
1 87049 2727 807219972
2 61530
1 90571 54305 986622212
1 25888 13179 407860177
2 19935
1 38835 12995 73924910
2 27112
1 8345 11528 995648460
2 5342
2 4118
1 59976 99667 744361583
2 12254
2 29386
1 30767 37754 120226565
2 72265
1 83329 19317 207969451
1 20026 18468 751505085
2 63816
2 32171
2 24484
2 97588
1 48177 41600 48438138
1 75806 16687 294256695
2 16427
2 95645
1 87371 52282 325075258
1 74941 70459 923540297
2 1347
1 32933 9487 580321711
1 31170 58389 656199228
2 95331
1 29126 85624 300224645
1 12597 69887 682572073
2 38745
1 32625 2310 644027014
2 98793
1 21639 74153 584059677
2 20060
2 59041
2 822
1 27745 66234 918861298
1 5637 89555 909891512
1 81635 37170 445220972
2 10626
1 5003 50677 370907685
1 67288 50667 416452310
1 39805 34511 552135374
2 79087
2 55130
2 92789
2 72103
2 43263
1 47501 82265 823580878
2 24255
1 89421 23913 179882228
2 79425
2 34561
1 51296 78074 943520159
2 72753
2 81465
1 94137 49347 59231040
1 58878 28497 751033900
1 39334 11649 486934136
2 64228
1 75099 81244 883643993
2 79644
1 80642 15846 378514121
2 19862
2 71588
2 90326
2 90450
2 93310
1 97825 89856 18496265
1 82023 43225 211309433
1 45003 50987 445733540
2 5196
2 47116
2 38029
2 6932
2 41261
1 78027 14723 989437844
1 28148 71472 789459386
2 20520
2 56952
1 81271 17103 673222958
1 55075 73171 805189037
1 88052 20714 260264341
1 7176 7555 111905039
2 94241
2 57895
2 15658
2 9505
1 94357 10167 928601439
2 25569
1 64088 51015 695431701
2 23493
1 90952 82345 196689256
1 69371 32636 211042695
1 95448 48066 781128977
2 23065
1 13726 88069 554399404
2 74967
1 57100 1437 813662088
1 28011 71825 236796592
1 74226 44490 73560280
2 3191
2 52582
2 90916
1 49070 73285 655284425
2 92111
1 70342 72941 287004005
1 33774 71177 928171730
2 51902
1 30668 22557 605882894
1 55290 60558 194873373
2 92293
1 59029 98443 961767654
1 60234 54517 552632324
1 60717 36550 206888037
2 47561
1 72779 69862 151726598
1 5536 69567 962016346
1 3933 11520 986367232
2 51163
2 75983
2 75416
2 42934
1 77862 10202 148577670
1 87948 12403 879692777
1 31008 93941 891044809
1 24432 22097 829502335
2 66258
1 58205 18277 220649108
2 78345
1 91449 32601 826374918
2 65317
1 20093 12679 180575955
1 54385 13280 302798995
2 90340
1 21416 94920 83101767
1 69498 61367 519446294
2 8269
2 83557
1 723 99926 983887339
2 63342
2 95588
2 93924
1 55053 59035 387270965
1 12835 38539 990653312
2 34870
1 82645 72789 610524408
2 88299
2 98169
2 82591
1 41126 14836 468593708
2 4455
1 68054 41192 151531246
2 37133
1 26837 41086 695254478
1 89279 69487 465548103
2 32313
1 3682 98882 431968250
2 7373
2 21977
2 64218
1 84588 43561 720190141
2 119
1 72284 64056 985611661
2 63116
2 54042
2 88729
1 12960 36998 386676948
2 93849
2 5204
2 19944
2 17171
2 66449
2 49823
1 67965 33379 99288235
1 47078 35466 681792193
1 55782 65806 505391058
1 29845 58417 621519992
2 77227
2 52801
2 51439
1 48562 78338 844488117
2 94326
1 23783 33087 862329853
1 52558 59136 553170842
1 29399 87242 961255988
2 73533
1 70017 31232 282584575
1 92251 1319 221369878
1 76002 98425 39949041
2 12885
1 22142 57649 96315736
1 44883 56369 348271838
1 90783 94166 664425050
1 77527 73157 429410937
1 10712 81727 890336386
1 40173 12125 956674201
2 96298
2 69976
1 56758 51801 27165681
2 49292
2 7067
1 27561 13163 679262091
1 59624 55579 980966918
1 59491 10063 902723311
1 53880 79207 786113873
2 91513
1 10494 16346 690435165
1 17871 68159 467314172
1 82972 96783 101214300
2 52127
2 40708
1 26707 75454 145234290
2 19243
1 35723 4370 580689497
2 76396
2 1670
1 6555 39142 496450394
2 3609
1 23014 49984 310242718
1 74959 26577 762463593
1 28309 2826 510026209
2 9306
1 94562 16880 615032888
2 96971
1 69547 75695 132854299
2 44361
1 30431 65991 412509224
2 33509
1 32740 45847 657312515
1 68625 97259 567067253
1 97172 21325 537745981
1 55920 40485 370669796
1 20596 63072 616300546
2 38171
2 69444
2 21088
1 79611 654 9826972
1 84242 85783 270091747
2 66315
1 84859 51490 864385217
1 82018 32960 633578598
1 41140 38042 136031525
1 92763 376 710961844
2 97351
1 12727 41217 763199108
2 85753
1 11618 55602 149468265
1 97651 47267 77814348
2 6135
1 49832 16001 513388015
1 37517 86702 916843798
2 27772
1 62962 50588 653669889
1 69471 28612 717697973
2 82388
1 50575 74099 79621200
1 63593 13616 952663557
1 83988 28918 613728815
2 11528
1 69201 74444 759848799
1 53957 15511 423954520
1 14893 26378 4731082
1 64890 79446 946694461
1 45966 96323 5845002
2 45685
2 92334
1 2361 25334 529489762
1 47706 41133 106896115
1 81151 8583 911217544
1 51940 78975 303486520
1 62054 60607 691203358
1 95100 92628 470145056
1 61285 85287 211329523
2 89610
2 7154
1 55716 59950 725071313
2 86018
1 70147 5614 928298897
2 23501
1 62298 90206 944893426
2 95458
2 52403
1 59489 2466 345710207
1 95392 95293 256107052
1 23066 83910 784068154
1 6283 64791 57098257
2 51873
1 54992 76443 212712319
1 12724 95982 22036429
1 96185 44171 534442185
2 38528
1 50826 76756 191486940
1 76771 36705 475811383
2 98627
2 12756
2 43051
2 24535
2 28947
1 74637 85367 30975818
1 69336 23874 778070291
1 90013 96490 116637608
2 77411
2 55193
2 55974
1 14723 55807 998538543
2 46804
2 66564
1 14325 32001 655495740
2 35966
2 54368
2 31776
1 15099 33033 830813947
2 31436
2 44687
2 34927
1 93496 20213 343666521
2 15481
1 6911 82757 848016839
1 59669 16749 379362987
1 62088 51357 340151263
2 78203
2 81222
1 96933 5787 478837573
1 2960 87910 18730174
1 47070 10180 633072913
1 49296 69617 102377229
1 18489 23068 168993322
1 40163 32865 772868376
1 52822 7608 482096492
2 17158
2 28327
1 49820 90219 991196225
1 27155 45294 536635694
2 8479
2 62714
1 67792 10865 709451250
1 90718 73798 814362257
1 75726 83588 383923802
2 20475
1 45145 2111 695650611
1 78507 20808 852458583
1 81661 53737 772797222
2 36166
1 77971 79747 509733896
2 96805
2 67026
1 68640 16025 970945667
2 56321
1 8477 16295 548751392
1 3130 17149 938361551
1 37116 42586 157272454
2 22922
2 95360
1 54610 15853 134530272
2 87796
1 17609 36623 332417526
1 99900 65176 985135528
1 73858 51372 55652489
2 76205
1 28419 7679 490516106
1 6704 93858 43174178
1 94200 67649 476860414
2 56217
1 77359 71431 815880350
2 98404
1 14665 39030 617203843
1 73135 91263 764633979
2 2059
1 17662 94396 565279998
1 35738 28493 128215781
2 7381
2 38874
1 83263 583 672542482
2 66456
2 494
2 55993
1 26685 64039 487279103
1 33440 92652 353905091
1 15321 94424 912463564
1 91388 70181 982187126
2 58000
1 61192 4270 434632754
2 74443
2 53280
2 13637
2 87397
2 15326
2 19181
2 60762
2 40373
2 79214
2 61357
1 30304 70577 827883986
1 28490 71572 333389203
2 24678
1 21628 87334 810952900
2 90517
1 58697 79040 632841464
2 23565
2 4985
2 52602
1 91727 82783 991177561
1 67201 20041 82708551
1 51679 79355 110173861
1 13363 65677 640326321
1 49791 63621 841100160
1 33825 534 205590581
1 11514 28641 700002160
1 60647 24798 193183397
2 84115
2 38410
2 86341
2 32234
2 90546
1 15612 73129 800416597
1 48170 8280 507028549
2 45630
2 46185
2 41048
1 94430 43220 771762007
2 39597
1 14922 32222 320472078
1 78108 94145 234855888
2 83193
1 36768 57099 910906356
2 30045
1 30152 72610 999314551
2 82997
2 38773
2 8501
2 52335
1 18980 1409 2741496
2 78841
2 24282
2 63802
1 26238 5453 265872150
1 24654 77497 984373073
1 21474 93505 604212034
1 35750 14155 921667389
1 80135 58124 345485454
1 25667 28831 748924801
1 43852 81438 44207037
1 81393 51312 560335204
1 1313 46870 371346078
1 15955 35474 524014013
2 6039
1 66582 19028 160136872
1 19486 43709 358906061
1 81027 27875 170169029
1 63964 81511 918506341
2 12183
1 55257 53797 339952608
2 85803
2 23344
1 42109 9803 710068351
1 41436 13536 551966468
2 37031
1 81553 43893 569252290
1 75125 81980 876705679
1 62829 1145 601841927
1 50230 87763 930118741
1 30637 33781 958716383
1 19932 57371 944553042
2 50148
1 6474 7811 941316863
2 23294
1 89497 5475 528080729
2 56303
2 10233
1 47393 78123 977256098
2 3565
2 97549
2 6503
1 84193 39597 697811421
2 37843
2 45132
1 97256 35307 972030545
1 80856 44273 119172828
1 44465 21628 573802220
1 35480 11237 341599229
1 53306 35948 249231640
2 98686
1 8375 88918 201386159
2 92086
1 40662 31277 560442294
1 16417 57980 887965676
2 57968
2 90458
2 33491
2 46886
1 91305 59514 13355291
2 5323
2 59322
1 46540 46672 574627156
2 26222
2 53405
1 44526 32248 130023057
2 29212
1 46334 16913 445513346
2 50733
2 74004
2 72553
1 87079 7873 568078098
1 22524 40439 665256818
1 1062 641 861239182
1 32459 68013 237240475
1 4109 86052 712735089
2 99169
2 37560
2 46025
2 25641
1 79634 19969 58599288
1 59637 20563 857797304
2 95275
2 310
2 85674
1 29723 84377 669749685
1 47898 12073 663118421
1 62926 59233 902265223
1 36135 94372 631739624
1 6333 20617 193085741
1 91226 72636 839617751
2 73585
1 39927 76302 947288548
1 54173 88177 758879484
1 65267 61943 928694037
1 34373 71475 670039477
2 99206
2 77197
1 84021 74815 870256611
1 67117 92910 751689858
1 90965 53975 336971324
2 87164
1 66845 12490 95401820
1 32421 76732 984100855
1 56922 53221 503553746
1 19122 60264 623017881
1 83634 33327 161030622
1 7315 15325 710081247
2 20617
1 57486 41933 906937217
2 10174
2 39200
1 43576 69963 122816970
2 26160
1 22520 21738 473384443
1 80492 19493 133633277
1 51282 80782 125585966
2 59463
2 56794
1 74339 72188 548193357
2 13093
2 65628
1 52097 8817 995644946
1 33769 83558 460195967
1 81134 77594 758312303
2 45071
2 68406
2 90384
2 64872
2 78056
2 96820
1 32572 93459 52968570
2 86155
1 8372 26798 317771081
1 23414 38906 508532908
1 71704 37411 730976454
1 77955 9396 527501268
2 35567
2 68811
1 36254 77517 144239619
2 92582
2 30959
1 28319 10803 416929289
1 22048 4984 845253325
2 72091
2 7287
1 40435 25403 762471912
1 91037 10331 412192516
2 91281
1 24296 36436 888515032
2 74561
1 69191 64074 151472028
1 23713 90987 188113701
1 23005 12453 810286037
2 84030
2 76001
1 63923 69530 485972473
1 73758 59541 932699165
2 64303
1 17661 321 321126183
1 80930 16077 315929822
2 83659
1 25880 53768 505305293
2 75427
2 51308
2 97692
1 76181 61244 150555148
2 48158
2 79540
1 79441 71084 247094685
2 34143
2 80428
2 71319
1 24822 46822 553110191
1 81796 659 274969219
2 90799
1 12835 16711 788419318
2 74040
2 3444
2 22707
1 82910 67185 517515297
1 40326 59688 162347344
2 63249
2 87122
2 71908
1 10720 2935 270912125
2 44690
2 12918
2 38307
2 89123
1 37561 59836 456182093
2 27478
1 73246 38728 268931291
1 79364 40595 723792903
2 6208
2 40838
2 35482
2 6402
1 7969 66857 732623832
1 90221 18964 59805165
2 61400
2 35963
1 81286 37263 279643766
1 70099 26917 951115413
2 86296
2 64068
2 7553
2 59683
1 26587 3174 99679548
2 5108
2 95254
2 50360
1 11521 27463 335333452
2 70589
2 32360
1 59749 39865 279384682
2 73754
1 74512 83787 103702955
1 28370 90375 581624363
2 97048
2 744
2 20592
2 81415
1 94358 3241 934606558
1 26931 33675 956300847
1 60890 8598 367030714
1 98697 66358 72417619
1 5920 21266 60575357
1 93858 8170 79142330
1 16563 96296 28964425
2 4814
1 78747 98449 966653554
2 56082
2 51311
2 76163
1 99041 96385 146416377
2 25767
2 68510
2 79719
2 54464
2 55146
2 94216
1 37857 64696 745197227
1 34502 76018 603141285
1 56380 85760 625190780
1 11645 43099 314638669
2 75225
2 70431
2 86884
1 33549 93373 714884928
1 90889 78773 70218997
2 87991
1 41958 39749 376936913
2 6339
1 38540 57355 657292287
1 35249 99664 728233415
2 91550
2 3192
2 53332
2 99872
2 19124
2 77246
2 12154
2 16302
2 64519
1 70175 66178 435000186
2 79423
2 45841
2 70983
1 24484 59303 6429787
2 39937
2 8296
1 88078 81837 151945719
2 86597
2 80968
1 58215 79482 746961405
2 47086
2 78918
2 39135
2 34883
1 38263 98382 344222218
2 17581
2 66816
1 16751 14538 138627126
1 46747 78731 808542239
1 89552 19848 671398713
2 17052
2 68433
2 69939
2 24425
2 47391
1 93584 57796 816478130
1 81083 46687 488911703
1 24062 78022 159125443
1 23249 85462 710947438
1 72322 40394 434711447
2 8268
1 43115 77572 124114841
1 39082 61891 274876232
1 64702 5522 461705415
2 39161
2 94890
2 60342
1 30178 36807 445621849
2 19645
1 35128 67228 397255016
1 65401 27247 359059877
2 14436
1 6005 60518 674574709
1 28304 36564 292068389
1 61638 75090 660540955
1 44169 43254 280013947
1 37912 22424 697380544
1 25572 2056 837452737
2 53685
1 34373 23182 54437057
1 31643 65260 867341276
2 2328
1 19881 86217 194070539
1 40276 86366 939100872
2 97160
1 86564 84653 254778978
2 77338
1 78544 43189 206956500
1 17541 34340 322366677
1 45460 56498 142921340
1 15418 21679 802911678
1 83910 38138 733651897
2 47123
1 27118 86782 271272713
2 44637
1 93068 18548 570294709
2 85803
2 75354
2 59362
1 41832 20638 817469833
1 94942 16739 77830459
1 14874 31344 435761224
1 23009 56174 114397170
1 28407 32965 752206527
1 96054 14689 180420358
2 477
1 38349 73537 65905139
2 44221
2 23913
1 48737 6359 365367666
2 5486
2 960
2 71178
1 25335 40327 838744661
2 90406
2 16356
1 97007 45390 69262491
1 56339 25913 506382030
1 78393 2272 188791288
1 47453 263 796915412
2 73876
1 41083 399 43010955
1 83311 94129 829028592
1 8378 76497 866775942
1 41504 67028 846161475
1 88904 72908 302850478
1 5760 72914 658586716
2 13916
2 75191
1 95626 54803 461306619
1 94398 55489 735458851
1 5957 99924 593027469
2 83979
2 49386
1 93377 8913 857101286
1 61458 74644 207026376
2 57418
1 61625 17764 21620576
1 98714 68787 876849421
1 56631 54163 905834084
1 37064 88123 779671441
2 406
1 54411 64439 94071595
1 83339 69559 491557366
2 2483
1 64887 22112 424356405
1 32531 71595 689112192
1 9553 26800 461966731
1 76786 4359 660026209
2 11446
2 34319
2 23568
1 1544 25819 249596279
2 83067
2 98117
2 40689
2 15841
1 11253 75731 861082415
1 54756 11200 320723632
2 50452
2 24126
1 72912 57877 219875369
1 46990 34969 839944080
1 57530 27704 311657098
2 82271
1 95469 61452 478507590
2 43066
2 33935
2 41510
1 60650 35510 734333335
2 70983
2 88892
2 40318
1 88582 52038 751088114
2 77622
1 20962 49016 650469464
2 77008
1 62294 33991 68793083
1 26270 45245 612326697
1 31805 63005 714857548
2 73275
1 21283 46035 922126103
1 69651 49206 940369047
1 29282 28724 971767357
1 61192 88225 951123141
1 98000 82330 675978695
1 45606 77707 631155856
2 90805
1 67501 26443 434988226
2 77171
1 68669 69462 213040480
1 30333 40194 117150438
2 37807
1 27998 36025 772792494
1 92783 52761 142356494
2 36934
1 84774 73881 613765328
1 18387 38684 76052181
2 39440
1 96193 20381 288906446
1 20347 63885 83510146
2 12825
1 74196 93190 882082093
1 48613 95859 477026446
2 9043
2 27962
2 90751
1 32433 89940 858236576
1 16814 38331 259178878
2 14049
1 40312 51326 135544152
1 65037 47411 695730644
2 49994
1 97070 63274 492302421
1 18845 91168 418294821
1 34423 96049 56326347
2 18706
2 1246
1 67039 87871 820327480
1 9092 78028 819779974
1 3669 24019 137345493
1 18462 23360 46146825
2 35237
2 17893
2 36835
2 44233
2 20922
2 81238
2 85253
2 56636
1 34366 72879 922417400
1 16191 37631 892215709
1 37902 93928 633723523
1 36833 41577 587349196
1 56075 39502 534124691
2 18451
1 81354 74046 986945734
2 39922
1 88880 94774 298027815
1 70793 61638 318320590
2 1893
1 3408 53004 332270471
2 68401
2 61906
2 63011
1 69485 22295 463330854
1 86496 60567 607112969
1 80649 13688 200931586
2 29007
1 47050 757 281026008
2 26095
1 12214 56723 362110244
1 82171 50332 69964070
1 75642 34536 782030099
1 95275 16773 573482908
1 18047 75809 196158361
2 26721
1 99362 61895 802357026
2 4521
2 40860
2 42790
1 98376 15296 800617370
1 85380 13654 174485634
2 88804
1 61792 40926 146083494
2 56362
1 34424 89250 139444325
1 99177 18899 932429816
1 99467 40849 511269301
1 14799 25976 996002644
1 29537 83336 421347533
2 43473
2 4400
2 67621
2 87126
2 65783
1 24563 62570 884635125
1 42618 69201 191877086
1 46964 32617 988760689
2 27099
2 71961
1 72783 89895 90505495
1 96003 85290 250138976
2 92309
2 14691
1 4787 51181 931115555
2 94675
1 10962 7779 206305367
1 80103 71766 172234323
1 87942 96655 895776083
1 87523 38542 851912991
1 64629 95382 447106126
1 63228 9998 173541279
1 52119 5621 509715124
1 17199 81579 489060576
1 35156 98634 351649051
2 80639
2 85155
2 11886
1 88081 44395 778276099
1 38292 12286 580212096
1 19729 71210 125676710
2 78401
2 7220
2 97702
1 68080 2691 649490776
2 17126
2 77305
1 83191 57416 222982832
1 74172 14017 178115941
1 58050 74372 251527267
2 16366
1 72622 24231 776451063
1 18228 63096 861480830
2 93569
2 37661
1 497 96755 407063946
2 32160
2 75476
2 33533
1 54223 72018 285802611
2 59840
2 33337
1 46403 91572 649296876
2 63590
1 21478 26722 527270720
2 76758
1 47479 15894 957972121
2 41896
2 76361
1 57191 38629 181190083
2 71881
2 14183
1 34716 2804 919013452
1 40573 6468 460053717
1 60499 42272 786580963
1 53259 73036 344241834
1 21232 21899 382107777
1 9680 1802 980431468
2 9836
1 56272 76026 908745484
2 45407
2 8137
1 41292 28088 339780663
1 22714 28461 986591535
2 89003
1 30720 93762 605610779
1 74733 192 719342226
1 47372 39559 946569022
1 63864 92408 106834082
1 8634 42291 790749561
2 57492
1 90157 68761 231898608
2 67419
2 15127
1 20715 12837 807551660
1 21028 97546 741921874
1 26411 18282 854648591
1 99831 72190 143433832
2 92994
1 51948 59091 376901346
1 27832 42601 435147231
1 69397 14177 130260961
2 10247
1 22937 57360 995642754
2 50885
2 78019
1 48167 80601 80968645
2 38246
2 88749
2 53966
1 11696 35337 802018438
2 28691
1 29794 8504 842082106
1 66162 39958 813253343
1 95271 83507 370266592
2 75829
1 23028 60872 572813369
1 68196 61695 24994532
1 97269 57671 576038197
2 89959
2 3543
1 55270 51446 231640606
1 47716 52489 999810065
1 42443 3780 629660923
1 51478 55690 694855470
2 25067
2 55127
2 40354
2 43288
2 41291
2 73280
2 96599
1 95308 56521 271959393
1 73772 88073 528403484
1 12899 65232 363937302
2 81
1 22667 50431 218336244
1 70046 46545 547946004
1 3236 10202 908554887
2 9460
2 18662
1 46082 36500 985052020
1 56073 99644 298121310
1 87429 41944 681335156
2 45751
1 22822 95483 762262094
1 19780 21653 160328372
2 68511
1 469 69869 929910834
1 84162 87451 364714420
2 3912
1 36490 54830 11479969
2 11374
1 46017 68237 172379325
2 94982
1 47339 9906 999111881
2 57707
2 3654
1 83720 15138 898504679
1 1193 43349 598280009
1 11962 78719 17508503
2 75238
1 17132 26184 439060983
2 37916
1 22585 86320 932558120
2 96247
2 31515
2 63140
1 43926 49332 896574393
2 50826
1 4374 21175 157180635
1 78741 90168 725883389
1 61217 59794 756053490
2 87459
1 53741 32496 835034214
2 49815
1 43876 1504 454810062
1 15641 5958 444433140
2 58763
1 48974 48100 876941678
2 55527
2 65297
1 36406 76784 664037573
1 73139 34612 99277311
2 95240
1 22436 3323 609877220
1 27831 17697 142981697
2 66695
2 95656
2 67504
2 72494
1 90071 45170 706116726
1 12542 99422 401573146
1 72993 12976 600463199
1 11241 33663 997793715
1 53684 50131 934359700
2 19477
2 72768
2 55008
2 5601
2 78364
2 27533
2 71701
1 78804 86047 872558438
2 64080
2 61757
2 10332
1 43451 65885 125347240
2 82714
1 15710 25425 149819304
2 45544
2 1532
2 31656
2 7513
2 73919
1 25756 76254 835012382
2 11709
2 35076
1 3508 9258 121473677
1 44378 43376 69373353
2 29362
1 51189 61836 660692943
2 96936
2 33981
1 24379 28108 469668145
1 64468 51405 654648428
2 11290
2 66670
1 57239 24038 797286305
2 14628
1 38704 60959 371011154
2 76007
1 31319 95671 10074236
1 9041 16309 845134146
1 14279 187 120804461
2 66038
1 74119 47054 911213602
2 36987
1 71778 49170 362441628
1 92643 62368 120434952
1 74157 93993 12347103
2 4616
1 63285 45247 360964928
2 26723
1 63688 23770 628487946
1 79598 71957 223727527
2 19866
1 63862 26798 898454504
1 42410 37873 484678699
2 59587
2 18866
2 37784
2 74715
2 48715
2 75181
2 50996
2 26941
1 79738 73768 71430013
2 58664
1 8791 76798 630610560
1 25337 25950 904599612
2 36382
2 26896
1 22329 4218 780994113
1 40173 57445 359264637
2 65651
1 66711 37736 840190008
2 99967
1 30284 65234 110746487
1 38719 36087 583827034
1 35676 80340 239185663
1 15358 28045 402587583
1 79647 6647 470774613
2 71404
1 37302 24244 126264262
1 5500 92008 609211530
2 15708
1 5928 71097 866329929
1 89750 4473 853320545
2 66507
2 68906
2 38514
2 70129
2 67878
1 40455 60417 462154171
1 13695 40986 816512654
2 21373
2 64258
2 5524
2 22543
2 56120
1 1037 34777 674162243
1 1492 15148 857311174
2 46964
2 49148
2 21618
2 3866
2 4687
1 90948 36955 487723672
2 94852
1 55306 92967 220275093
1 42515 22102 715757657
1 89536 11092 248123654
2 98114
1 15046 26801 42068037
2 41059
1 76662 20636 898774341
1 433 30727 216969003
2 7318
1 5077 26305 250665668
2 33353
2 45288
1 91672 50516 431936892
1 54250 73693 881404601
2 8244
1 13294 1862 120617671
1 40455 5806 688269174
1 30599 60790 694312895
1 76698 19583 497389017
2 67441
1 63522 67848 727881668
1 65677 18294 984812656
2 91577
1 45663 86254 895950485
2 62532
2 80651
2 24011
1 83855 26936 676905638
2 34680
2 68985
1 79522 71968 21278285
2 28548
1 8177 42099 820726325
1 88795 74628 433748259
2 20567
2 93035
1 99078 34585 94947362
1 35222 39405 15933978
1 21383 88531 632700620
1 78389 62674 523570546
1 65540 50162 846985957
1 72322 65329 464330436
1 40031 12257 756337198
1 67370 55179 107829287
2 16
2 34254
2 18939
2 84449
1 22981 78699 484806759
2 88758
1 99113 12223 487372988
2 37397
2 38478
1 63860 95265 602041109
1 9675 49172 899511108
2 48715
2 28559
1 78318 32971 770055650
1 15297 29256 494079998
2 96835
1 46886 27005 453505337
2 14978
2 8023
1 86922 7952 758250680
2 10780
1 93933 26278 622781762
1 73905 37905 399661102
1 1310 2440 747331816
1 67894 59264 57495365
2 51107
1 97623 29764 57849519
2 14480
2 62401
1 63107 44544 265093271
1 54808 89120 605797398
1 2550 78654 599099629
2 93923
1 86863 38726 830073352
1 66355 78800 372403092
2 57844
2 39646
1 36856 53114 741255215
2 95221
2 86047
1 56019 87418 327001739
1 61585 28649 824823574
2 40305
1 71350 84748 44892620
1 21398 14343 327698033
2 78517
2 97511
2 92752
2 93781
2 5803
1 59436 12876 480852041
2 90933
1 47390 9606 158539270
2 10479
1 29122 63896 869297723
2 53950
2 70123
1 18151 90875 536473380
2 40340
2 62352
1 9093 37508 181876880
1 37200 56665 682759430
2 27074
2 84865
1 79604 48067 528165938
2 84532
1 67207 78391 211520184
2 25889
1 61583 5774 768707500
1 21939 4941 510539856
1 97047 87035 262129454
2 84212
1 97893 48099 702039754
1 99877 73282 690395718
1 5462 87269 407717483
1 47226 67973 521964922
1 60085 71208 164438252
2 79755
2 24922
2 75234
2 44112
2 9694
1 42814 25452 43674259
2 21509
2 46407
1 88811 23211 906680451
1 10685 89442 909106112
1 73705 45013 80600244
2 35193
2 26021
1 24749 24578 335958233
1 70894 74640 766660522
1 56420 82935 999014879
2 62184
2 58776
2 99043
2 98785
2 58502
1 23523 16584 998271443
1 65850 32510 282079862
2 87783
2 75177
2 82079
1 69617 1977 81850036
2 47010
2 24059
2 51159
2 49700
2 82582
1 48395 92749 299881425
2 20462
2 50055
2 53424
2 22368
2 74706
2 69074
1 62703 21475 130329661
1 9988 77786 115265992
2 54230
2 42462
1 97554 5693 213305732
2 4007
2 95867
1 33430 50600 758365291
1 58430 19234 82911006
1 61482 68372 923429814
1 8200 4771 201008040
1 79577 56580 838229263
2 69596
1 87787 19223 85792269
1 29398 24595 139001531
1 76878 89481 97834470
1 50931 23568 156695917
2 80744
2 37784
1 1694 97940 734962044
1 32227 26473 368608597
2 45145
2 50682
2 26373
2 32838
1 45534 17915 583880232
1 27359 74558 626442196
1 942 89472 918540219
1 66142 97181 109297913
2 50377
2 98322
1 34888 95783 564895749
2 57668
2 93617
2 31966
2 14782
1 56716 74033 419184497
1 77803 18426 337355560
2 52307
2 4655
2 77922
1 58811 27762 344478377
1 49665 11513 31503005
1 37259 51961 895418959
2 1180
2 38212
1 33148 98546 83534920
2 61920
2 80611
2 63820
2 41999
2 41668
2 63139
1 80481 91002 185650443
2 87254
2 17074
1 7921 81645 879384902
1 67099 35020 319649953
2 99130
2 99781
2 81301
1 84362 36868 926082220
2 43364
1 70252 15893 403864893
2 71064
1 27067 60410 581907885
2 43897
1 77415 2731 232529536
1 54155 43920 449691582
1 78759 35346 844621682
2 53881
1 69034 95288 457401750
1 97547 51386 858426790
1 86454 61013 789524934
2 13328
2 45883
1 17503 42865 36652558
2 49677
1 78300 93225 340986005
1 76649 3035 32732329
2 72892
1 10962 50583 55891959
1 19791 2995 4641729
2 79896
1 18876 94481 134212914
1 78112 78698 441562432
1 2264 43473 201428215
1 21964 34734 791564502
2 30749
1 93241 25021 123983963
2 71004
2 6678
1 46115 18025 552364553
2 98281
2 78477
1 40775 76686 354631662
2 94666
2 58500
1 1527 62146 522928586
2 55306
2 46736
2 85355
2 65671
2 2840
1 36703 78698 916469999
1 99117 80577 99864151
1 63496 25050 92636076
2 28492
2 33058
2 27300
2 15471
1 23060 4967 984130149
2 84163
2 96486
1 68951 50198 155701497
1 7474 46063 29168621
2 32177
2 94755
1 21696 67616 658605018
2 30185
1 36801 11935 140300814
1 49064 85499 51244875
2 15056
1 99494 72858 125924012
1 20297 54442 112897966
1 33866 69354 543167665
2 53259
2 43427
2 31768
2 13237
2 78080
2 32337
2 47206
1 74140 6209 212991064
2 98746
2 33758
2 5578
2 6271
1 87769 97852 935222854
1 76982 66829 134208412
2 50505
2 40592
2 93186
1 82654 77739 198145531
1 68059 12848 888148361
2 64880
1 10452 64751 975246754
2 95381
2 63158
2 20618
2 41922
1 59862 12195 748860810
1 51468 46999 397946733
1 90436 93235 460664293
1 65135 85043 939835178
1 94413 14411 119533682
2 47784
1 51736 67769 138660564
2 10909
1 19808 71406 977667942
2 12947
2 68875
2 64597
1 49594 49272 444917732
2 48260
1 4773 13487 280614098
1 48376 53411 491838096
2 34162
2 74700
1 51475 13995 279017480
2 70709
2 81210
2 485
1 48045 59444 993210871
2 16030
2 67079
1 35341 91666 963212890
1 39810 63609 224664238
2 33405
1 39959 97444 192836282
1 45977 44541 317738930
2 40426
1 25438 75630 824449337
1 27718 23123 806792990
2 25631
1 23463 26848 993157015
2 57257
1 50349 83113 16620409
2 70358
1 48559 30396 903123391
1 3148 88308 726937014
1 4081 47341 254132123
1 5770 56143 521192337
1 2531 91013 202804200
2 76573
2 27676
2 17740
2 30756
2 56992
2 43386
2 49224
2 46448
1 54858 65259 60656084
1 93450 62789 984454757
1 55712 98521 930347266
2 18845
1 70572 41195 28605144
1 99426 58588 474314436
2 88338
2 91818
2 78717
2 61930
1 64999 5572 533973074
2 38319
2 88494
1 6513 6936 373146605
1 37227 97298 50067240
2 77927
2 97348
1 17079 61902 502958961
2 96132
1 41688 8738 921598921
2 40290
2 36154
1 48829 92761 119521543
2 59638
2 90168
1 31016 91641 141866921
2 28765
1 44338 25484 910692353
2 92803
2 69236
2 44740
2 81068
1 74334 69063 73887643
1 25480 50817 369229307
2 2197
1 70616 64927 727733092
1 67500 72996 784892752
2 78729
2 928
2 83404
2 81765
2 95712
2 84046
1 79907 16118 721999538
1 25749 80681 868594257
2 60701
2 15536
2 39149
1 43652 15847 45337178
2 85544
2 62816
2 61561
2 32354
2 7998
2 68536
1 82197 7722 159155650
1 10872 45838 535639381
1 1956 1999 861555158
2 91751
1 3406 9266 749465501
1 7767 52932 535335563
1 69331 84568 481442705
1 10319 76306 6768604
1 46982 22881 260353123
2 48045
1 63481 45389 746095379
1 53180 18614 960348119
2 57416
2 78476
1 79780 6519 471565573
2 15909
1 49680 46054 372625112
1 8647 85396 729217537
2 82095
2 63371
2 26763
2 5950
2 34064
1 55152 45054 914879927
2 37929
1 27501 84408 992169042
1 17726 89171 761608236
1 36143 89805 126188709
1 44285 51843 170538932
1 46034 74136 653502505
2 59542
1 75196 95035 147628454
2 20444
1 845 80758 41546185
1 26188 69525 509797520
2 71340
1 72339 78676 415520724
2 45974
2 80037
1 28019 35525 46045966
2 9869
1 37640 65301 417655154
2 59064
1 71144 41280 681773790
2 96231
2 58740
1 84196 30362 337670611
2 63856
1 32771 96089 221808516
1 8108 58752 863703783
1 11737 47210 567720748
1 11756 11149 133345390
2 5535
2 89853
2 17901
1 71122 23586 620409296
1 1778 17776 625031543
1 39303 85075 708061353
2 77167
1 54435 56729 863495654
1 44919 40862 871753350
1 23647 12206 389411597
1 87871 15077 561497171
2 21275
1 51647 80369 215442786
2 1029
2 23538
1 7564 69532 375491102
1 60842 51123 279174199
2 63371
1 14261 94723 370135568
1 80439 36037 882413349
2 7747
2 8929
2 47375
1 5081 74254 993812493
1 97272 74666 774527909
1 99045 55657 569189861
2 19941
1 49919 16652 575345219
1 3365 15260 631198209
2 76909
2 65836
1 60081 24934 725208843
2 64438
2 75642
2 71665
2 46187
1 52520 41516 388013925
1 57004 64951 291880948
1 3571 60449 709672615
2 1577
2 70359
1 84615 38766 907822221
2 79503
1 89917 85963 114903713
1 35700 65594 828797570
2 56911
1 96441 39560 157356326
2 77675
1 77446 69667 972749718
1 12987 31139 323188154
1 15823 20543 322832690
2 25463
2 42060
2 13180
1 82673 6611 160812498
2 83346
1 40864 44749 632041183
1 52536 30286 714273361
1 19638 57165 607180236
2 8892
1 38864 20655 77679657
1 27222 91337 798418741
2 19818
2 91258
1 27234 9611 735146465
1 18822 37245 168922046
2 78806
2 56216
2 17933
2 37759
1 20066 36285 145469137
1 73674 59936 111090101
2 38979
2 21625
1 72716 970 598825723
2 64258
2 50929
2 35408
2 75570
1 6496 89325 747033088
2 29623
1 25688 6984 974049154
1 4279 94468 387422005
1 62945 35868 4134329
1 76658 36136 785324819
1 37240 71591 109517396
2 47755
1 80611 69387 97983200
1 97755 43661 318883063
1 67053 80418 516991184
2 95525
1 16069 86237 611224644
2 22037
2 82432
2 47186
1 26737 30059 714077596
1 53838 92897 679878880
1 10597 30340 898213967
2 93130
1 10970 88708 686135285
1 51137 92073 88764729
2 14451
1 46993 96920 897095166
2 70167
1 50244 88122 53199952
1 88916 5328 564049043
2 74822
2 43747
2 92610
1 9777 99518 702027518
2 42752
2 67276
1 75291 31622 321628797
1 65716 23326 86006433
1 58121 52263 928956314
1 96204 18413 617841983
2 51501
2 51244
1 25892 18400 873265230
2 82728
1 48284 43335 334394618
1 99605 48247 351469659
2 60289
2 42381
1 54045 11285 280860537
1 69756 12520 950318480
2 32149
1 74531 69050 96615014
2 26284
2 12872
1 19282 35156 689241261
1 98782 9169 878049327
1 24182 99697 802350295
2 89166
2 26821
1 44105 40353 774640703
2 90409
2 66729
1 94547 14858 353067343
1 87520 2739 419750462
2 12137
2 12886
1 19364 4021 429773424
2 89347
2 34006
1 13907 33727 674503307
2 67920
1 55980 34664 688570434
1 92925 34375 559630124
1 20442 91160 241960905
1 99537 81052 946309266
2 35091
2 47673
1 45149 48850 371699966
2 24385
2 86804
2 87903
1 78644 96193 528306847
1 18585 51358 640795434
2 92451
2 25683
1 14792 34023 954686293
1 58086 75525 300005757
2 36486
2 44131
1 70507 1627 590151103
2 32625
1 40794 83865 51818613
1 40837 43981 756502294
2 70110
1 94529 55261 209791502
2 37200
1 91781 77744 929804262
1 66510 55155 494576708
1 20498 15698 759839131
1 15544 37550 640838374
2 97454
2 37005
1 99553 48128 548159965
2 93592
1 68959 46227 158717527
1 77275 71357 293536228
2 90919
2 62931
2 85163
1 12491 24658 181382921
2 55289
1 60117 78279 149165637
2 37981
1 20604 88454 682061768
1 7774 34614 15001773
1 3131 6456 633726594
1 96827 43357 73054697
2 51941
1 62194 35194 81972312
2 53082
1 23701 29306 205488420
2 27498
2 88041
1 80466 62916 857478474
2 63668
1 36464 41131 464678489
1 26401 12638 214584077
2 86867
2 36334
1 83141 77098 687194856
2 51659
1 51042 6805 406972864
1 3467 16537 152269317
2 90166
2 28394
2 79741
1 96307 75482 295010202
2 79788
1 33777 32834 73133412
2 45891
1 16055 74910 576952195
1 72250 3066 912065076
2 74720
1 44888 11374 364841048
1 62864 78590 818222179
2 76447
1 60423 45591 307183898
1 45861 2040 128159599
1 37570 31474 649923994
2 35436
1 80851 29009 13526289
1 78541 49290 951420125
2 31398
1 8820 74262 323508478
1 50593 20957 338940059
1 65710 96542 351361173
1 13354 91921 69307621
1 57473 90138 121204817
1 85958 66594 188228299
2 78989
2 28451
2 11876
2 8250
2 43072
2 26489
2 97442
2 53691
1 81038 67094 633422922
2 10631
1 4404 7645 295870489
1 18101 55536 357634804
2 42535
2 60878
2 3855
1 69476 43386 558120075
2 7753
1 51974 81114 613852345
1 76805 19945 921128102
2 5408
2 11118
1 62096 42360 65149379
1 84590 928 770169345
2 66510
2 55343
1 29563 44415 769384187
2 51983
2 92678
1 30391 58997 302821241
1 99373 50837 554271786
1 62262 354 643393017
1 97381 38811 701794751
2 86870
2 52376
2 62151
2 10777
2 3224
1 81025 95713 372694807
1 16669 56466 414445848
1 99979 20647 689884672
2 62544
1 68335 94697 117345146
1 87195 89811 423441769
2 6455
2 81505
1 43924 34872 827195084
2 78551
1 74341 94137 780590832
1 70861 17117 822118720
2 27925
1 67718 44419 178765627
2 2658
2 96068
1 91034 32785 619080731
1 33085 38349 155328503
2 23698
1 19436 75585 345109106
1 88768 50074 472233498
2 93721
2 69053
2 78434
1 26521 75928 662585379
2 18972
1 68506 15122 119331780
2 12222
2 27217
1 64949 52074 909367245
1 62709 64078 546652238
1 24152 73606 211941377
1 43992 6234 432817539
1 56787 63274 448885687
1 71808 74653 544868991
2 6015
1 83572 80446 772713630
2 39149
1 2764 96551 722255866
2 6472
2 22184
1 37980 73336 687732264
1 70901 67252 407105802
1 79327 35783 107926563
1 3109 90794 224623188
1 29247 93978 85204554
1 86071 32807 890552659
2 47054
1 55680 45115 6985417
2 30546
1 84623 31476 920135604
2 99410
2 46386
1 93399 68984 368038927
1 56802 74124 660350887
1 8991 67173 489426319
2 67311
1 95306 18725 897704436
1 43613 9947 718910378
2 8654
1 95491 12123 4983549
1 15601 16960 475446076
2 40279
2 99686
1 31877 74068 77341700
2 2949
1 74016 23424 184666546
1 62458 40561 370642353
2 34703
2 13623
2 7781
1 71942 97141 795964267
2 86726
1 21226 56073 458214151
1 51576 42970 317541607
2 23143
2 549
1 20748 55365 907699379
2 10210
2 645
1 33752 36908 295863638
2 11417
1 60625 20532 788634276
2 48200
2 43388
2 31397
2 76033
1 68966 29973 310509513
2 76371
2 98080
1 79821 76190 102820974
1 99156 61455 774313409
1 96029 7666 260555926
2 4901
1 44107 46603 621158743
2 87819
1 78653 29059 542015814
2 13935
1 46039 29974 816693225
1 72877 89402 480418422
1 87321 82717 639777676
1 26643 61635 590228238
1 74928 21768 706322914
2 13091
1 55553 35412 51229535
2 24681
1 63438 90560 58602721
1 1931 25355 316612628
1 30808 91117 252670031
1 44138 72126 99089257
2 96611
2 96113
2 82864
2 80311
1 27064 6530 824523502
1 2017 76457 295818750
2 97684
2 35421
1 12287 95488 56000638
1 30645 80389 993319124
2 22872
1 34962 37254 469407875
1 33994 65101 150569378
2 2573
2 23950
1 94885 82822 685516769
1 71610 71913 697808714
2 35727
1 73907 95452 216864628
1 93090 36586 139119172
1 32424 82218 841284163
2 73294
1 68976 59182 437252670
1 71194 27239 337489114
2 83148
2 53585
2 50772
2 38075
2 97238
2 1486
2 40858
2 97586
2 67497
1 35969 6337 369994992
2 13046
2 78933
1 64411 17549 886786853
2 40769
1 28756 85200 804484456
2 45760
2 47703
1 16095 90122 840969396
2 14374
2 61097
1 60334 57318 991821449
1 73848 23397 425308412
2 69141
2 59679
2 238
2 22614
2 38544
2 48246
1 50873 21191 169078715
2 92012
1 69324 22171 949905797
2 35382
2 89274
1 64478 59142 544543631
2 57976
1 35861 52943 25770461
1 38742 448 121214206
1 6124 70156 986187495
1 47705 45380 574899750
1 12330 8423 95350072
2 72891
2 54351
2 32959
1 4118 2132 715637862
2 53072
2 32555
2 83213
1 52705 40335 68777621
1 29437 52372 418621522
2 91602
2 66719
2 1370
1 27484 64129 257299031
1 93135 50312 502427736
2 72669
1 5649 8263 733270748
2 27794
1 62849 82825 672960286
1 1990 94016 744426241
2 49037
2 70212
2 64331
1 46747 62644 670594898
1 61748 11001 559634757
1 24341 44189 966683220
1 85190 83857 922646466
1 21092 61125 399609295
1 97028 19119 637922237
1 32820 81596 629954059
2 47873
2 54983
2 40387
2 71001
1 61144 21596 614151003
1 13153 97255 396339005
1 57013 8881 747248812
2 82624
2 33373
1 60154 73735 402082418
1 31199 91814 421040179
1 8188 68214 754832734
1 21292 79652 102565503
1 67104 42381 975025865
1 9132 31432 726590574
2 97848
2 40269
2 25394
1 41965 43909 131835598
1 66400 72997 770882977
2 93757
1 51177 11572 317906082
2 58441
2 13425
1 93794 11801 962753041
2 40136
2 24283
1 99780 54699 705427308
1 52425 24945 957981465
1 98417 92815 601021745
2 65070
2 94987
2 76974
2 21459
1 60968 89503 879457573
2 95851
1 35140 21047 771197907
2 25407
1 81118 50614 946704724
2 77549
2 11526
2 78099
1 91934 15574 440449937
1 66926 67251 633611389
2 90632
1 81650 18807 513731173
1 70227 73818 51968705
1 16873 84623 701695392
1 24933 58382 462876814
2 99254
2 53316
2 77344
2 27800
2 40033
2 69853
2 8814
1 42197 89384 30811278
1 23704 7512 804085599
2 55826
2 17888
1 81534 33338 494641540
1 15130 90242 681679413
2 47877
1 83503 64264 972318085
1 35937 1135 169211045
1 89918 92124 916599893
1 12362 56849 288762710
1 69126 72881 541065105
2 67037
1 79713 57100 40932910
1 20355 77224 228615902
1 15617 49290 253477660
1 91193 12149 307259639
2 78867
1 29464 65183 44274623
2 87859
2 73453
1 18750 64543 460589747
2 40441
2 34494
1 83313 11271 663873945
1 65246 51546 752261492
1 12218 86945 619450980
2 89713
2 43310
1 42119 5579 848461376
2 62857
2 29848
1 85224 54554 607169623
1 95197 51469 687483475
1 14702 89884 906180643
1 76956 92048 372276546
1 45165 69517 675896726
1 14410 25186 147452759
1 95714 41451 41863415
1 5542 60675 595716152
1 14002 16775 747445536
1 61855 46495 268952479
2 64752
1 49947 48030 996093780
2 50225
1 75828 33980 897120114
2 81763
1 21784 46350 702526168
2 17859
1 6610 18532 749257798
2 25608
2 27206
2 8872
1 13104 12763 122004851
2 48895
2 49027
1 12639 84993 33021762
1 25744 98160 135219886
2 40949
2 17205
1 60318 2554 847986071
1 44026 18063 467577277
2 58373
2 39487
2 97367
2 98497
1 57772 90986 806966843
1 10183 10141 609521849
1 22223 11991 680974936
2 15091
2 30592
2 80872
2 94854
1 80491 3567 752148977
2 48681
2 45510
2 78196
2 40499
2 63288
1 78212 48264 620932420
2 29956
1 36076 61355 668441016
2 50424
1 82086 83987 981991672
1 91397 17364 427785648
2 44667
2 45921
2 58775
1 98275 67869 211971272
1 5476 46386 595030299
1 16808 33769 793445092
2 15058
1 84317 5331 579341595
2 63569
1 97151 72331 547435898
1 6234 55265 304292602
2 32491
2 63339
1 61772 78602 566879583
1 52098 87871 769163064
2 21357
1 91417 229 609756061
2 23818
2 44392
1 15320 57419 107964469
1 33794 77612 294861062
2 61779
1 17563 32166 661884103
1 5883 47921 592219431
1 96033 21677 344126618
1 79085 49195 910562218
2 63253
2 27208
1 35064 89227 191541365
1 91627 91253 357004115
2 29283
1 61912 40262 500727057
1 58888 99881 766364345
2 1591
2 6549
1 81951 71092 476464221
2 40592
1 61278 70333 971584385
2 2253
2 59003
1 11561 59047 960599876
1 1032 6076 759974343
2 98487
1 85390 76382 167859493
2 40385
1 56614 36721 442372431
1 4097 68471 928034667
2 83530
2 54045
2 7803
2 92256
1 17378 2469 167805858
2 34966
1 11945 71624 891711350
1 12746 77044 757479191
2 12080
1 43444 30834 629630490
2 4225
1 36812 74656 838576477
1 96 28783 415794071
1 50712 4026 102775163
2 11151
2 52603
2 84514
2 52031
2 94618
1 58739 88663 581875793
2 60034
2 31100
2 95720
2 81156
2 58839
1 97737 86837 579714649
2 50724
1 49455 10901 598591742
1 32516 18484 609956653
1 13786 74870 911298975
1 72201 14768 31883923
1 24483 5627 555771084
1 71994 928 994094360
1 61822 22313 709155231
2 95153
2 72136
1 311 27317 875664302
2 49115
2 25396
2 41001
1 98305 79047 264395716
1 6493 63033 114862631
2 37507
1 88117 5670 955923399
1 80150 79535 563941578
1 16140 14970 210146155
1 98319 23985 68694476
2 78212
2 32658
2 20519
2 83966
1 92010 84564 751161079
2 425
1 42050 15260 949695243
1 92783 64232 516602152
1 4771 3173 704190417
1 49809 99824 13605703
1 32601 82877 64861026
2 45485
1 4469 77873 24402905
2 42009
1 54260 34937 145451433
1 13899 44844 609767792
1 53687 10701 527956460
1 54918 3713 118096643
1 65633 54403 315141623
1 79697 72407 801244980
1 96989 46912 685459382
2 509
1 90428 41397 577152451
1 95523 2332 69159538
2 32125
2 10920
1 56055 34905 135020093
2 51677
1 8339 65948 81441123
1 45808 16609 186702781
2 53121
2 64430
2 23156
1 89018 9824 502044279
1 97661 62384 416320911
1 78822 63827 87703507
2 33944
1 61198 3662 612796544
2 21706
2 73456
1 88097 99784 843521537
2 25758
2 77043
2 15280
1 40379 10466 11231668
2 89049
2 50435
1 79427 42536 328924733
1 61612 88468 846995356
2 81061
2 11242
2 87282
1 74275 76313 73022444
1 57682 35884 618811084
2 56134
1 98313 10855 755536179
2 42085
1 30150 8151 213503663
1 41479 77945 54863838
2 27493
2 32655
1 38432 8180 580314060
1 14935 37739 895579058
2 40814
1 56714 34973 400306431
2 61667
1 33053 11441 276483411
1 23212 98334 587682493
1 66061 92141 181751143
2 10672
1 14255 16480 328645384
2 39318
2 10261
2 24995
2 22183
2 48353
1 42522 52495 798514298
2 24306
1 8951 50449 869476546
1 98335 91117 574428645
2 69259
1 40942 90206 19093070
1 61650 38733 629388521
1 31677 1355 445984335
2 41206
2 54594
2 19807
2 73735
1 38084 32324 41759016
2 67688
1 12230 86089 87314115
1 42533 63123 230929802
2 18071
2 99569
1 72141 86923 842816152
2 76669
1 27751 6185 266157339
1 25402 24372 395124890
2 42954
1 87376 81175 343680599
1 76491 51816 413364787
2 8718
1 13959 7160 60475165
2 91065
2 12108
1 35173 94129 759130225
1 4922 54780 177261246
2 64745
1 31332 9701 767329539
2 30473
1 28024 93719 330123820
2 80139
1 14396 32757 957457536
1 42363 37032 99075936
2 44549
2 32151
1 65831 17901 339280858
1 65623 40655 78902337
1 19271 71369 247841030
2 99658
2 57579
2 67444
1 29371 36381 580072834
2 85538
2 94156
1 3263 79963 502543672
1 94378 10650 782513834
2 60583
2 22389
1 2781 70244 246197638
1 62224 33300 234886733
2 9501
1 39744 67782 153126266
1 69873 56866 32104639
1 63913 60109 106727065
2 70031
2 39183
2 51806
2 33733
2 67732
2 92913
2 17804
1 91259 29012 745103937
1 46580 52234 117326609
2 78686
1 30458 30119 748951846
1 43300 20594 135415646
2 7848
2 36534
1 67313 27821 117869295
2 10956
2 53680
2 33259
2 53710
1 21619 27163 533917656
2 75072
1 41593 22497 8150784
2 15382
1 74564 20042 755161393
1 73542 47115 509992345
2 9607
1 85409 89044 318712462
1 4968 87834 267319055
2 83569
2 56626
1 62139 44696 137125814
2 7379
1 63176 90181 744596523
2 75245
1 77025 21240 841790503
2 6128
2 75707
1 98782 14568 972027038
1 97225 12495 805783907
2 95731
1 96316 52429 285783313
2 53529
2 27568
1 59378 32658 782584688
1 97379 72052 614178375
1 18797 70104 970732704
2 61598
2 64971
2 46771
1 3250 3954 338508488
1 15914 58563 735043605
2 46733
2 5511
2 6100
1 89835 5899 369170406
1 59137 53945 183017687
2 84526
2 22819
1 83321 32475 252988409
1 85855 25220 74897958
2 31823
2 56836
1 288 38610 799612595
2 70986
2 41612
2 20255
1 17719 48639 566775528
2 75907
2 60359
1 47563 65770 525140325
2 11990
1 2464 62692 611263601
2 53972
2 52929
2 52895
2 98692
2 86774
2 4430
2 94814
1 92373 35322 865195972
1 85110 22191 24844912
1 11573 40073 954095909
2 57780
2 94085
2 25936
1 55861 73362 860878963
1 2517 20547 254196782
2 20268
2 82524
2 14135
1 97235 81758 947206443
2 26242
1 35660 84603 629358358
2 17363
2 7940
2 8580
2 72256
1 20939 26153 160179429
2 62766
2 38726
2 83595
2 98088
1 26442 2657 698211914
2 97606
1 22876 20392 303886612
2 5421
2 21821
2 66126
1 72358 11330 805723237
1 31800 4952 612115207
2 53680
1 21210 23412 689080381
1 22052 50248 904338388
1 39969 22878 904481780
2 54933
2 83872
2 50545
2 89231
1 92251 83427 938447144
1 29716 41568 141297705
2 84213
2 32544
1 11183 83303 690188711
1 84327 89614 3320088
1 58234 15799 16468007
2 96750
2 95318
1 29930 37787 875154665
1 2332 11857 2946348
1 78984 95403 956150856
2 14115
1 83790 84985 651675563
1 6286 77012 443707317
2 69546
1 80418 27883 418294298
1 72889 6815 868597891
1 4069 42526 39333460
2 40119
2 78755
2 22719
2 77702
1 17353 59148 221961484
2 10212
1 31249 24257 652045495
2 90602
1 20128 70000 592432381
2 88227
2 92294
2 29452
1 96248 27073 913539704
1 54256 95979 354174162
1 60329 73208 886946790
2 79240
2 47328
1 46825 28894 242487355
1 73033 53684 845225349
2 85954
2 75435
1 30564 7263 779344008
2 354
1 37888 15059 343319993
2 68869
1 8543 36882 223154399
1 44361 51599 386024667
2 75835
2 71588
1 16985 82096 945288445
1 83526 34999 934352504
2 75878
1 43316 28619 820794918
2 8265
1 1786 61410 527593287
2 19016
1 71905 11044 325556726
1 3321 81711 342978800
2 149
1 40010 72310 93595768
1 77979 68297 575858789
1 6756 19880 344355788
1 71068 12444 535140136
1 10848 17450 884001960
2 55607
2 85990
1 11716 85510 104018657
1 56901 80388 559509798
2 31047
2 30997
2 7759
1 93651 38008 649728881
1 93904 86496 558207092
1 41258 18689 229790039
2 56996
2 12583
1 57580 70181 508173965
1 32971 520 142393637
2 5124
1 11958 24061 464984482
1 2571 41542 750468883
2 58693
1 93494 51902 517757409
1 58083 45848 338670436
2 35124
2 71177
2 86469
1 91314 73348 420653995
1 5874 20512 807889807
2 33789
2 46935
1 72760 73481 632058655
1 60568 17656 665473468
1 73799 40488 323569194
1 1734 33335 370392730
2 73435
2 65048
2 46867
2 71789
2 13385
1 76668 42035 741987878
1 36593 89829 679145427
1 50104 581 469008369
1 90633 66089 258110750
2 68111
2 23289
2 67375
2 53269
1 76356 67332 610028066
2 75525
2 89604
1 12677 7331 47755243
1 36444 30726 770313652
1 13697 23361 452014763
2 62630
2 9718
2 97909
2 29945
1 89702 40626 667565171
2 52506
1 47209 69097 278732495
2 36410
2 56338
2 14787
1 42690 70519 996634419
2 6827
2 18886
2 39212
1 9226 17703 962036950
2 69681
2 21531
1 37172 15240 573573260
2 67918
2 60013
1 56410 9819 598923338
2 55489
2 68531
2 97471
2 56481
1 14591 60436 768679537
2 72214
2 57849
2 60748
1 55439 73570 230033899
2 23510
2 32583
1 7374 30834 565527731
2 60102
1 13628 24468 404004950
2 71193
2 77829
1 45519 59193 16920187
2 40671
2 47650
2 76377
1 68133 20841 705981952
2 34579
1 62645 60469 3192323
2 36090
2 39654
1 93646 55752 408436630
2 94594
2 68484
1 42211 65446 639606605
2 62035
1 13326 6361 989671026
1 31930 58802 198788306
1 99452 8887 592813866
1 68077 80428 253928231
1 92732 15139 733934860
1 77376 66501 502316768
2 87453
1 50517 71751 360888177
1 21434 85767 471634765
2 31601
2 14682
1 64887 72078 929587186
1 28753 12894 256945817
1 14129 4086 100538893
2 65469
2 87808
2 18888
1 90027 81170 825119934
1 522 23859 719144423
1 49069 99050 844169154
1 86371 22906 998937828
2 39889
1 1864 58088 489473125
2 86640
1 36150 61441 883754280
1 68427 39839 614926832
2 68045
2 21517
2 56135
1 99630 23092 677403449
2 67037
2 79978
2 32645
1 35278 37408 54821511
1 6534 80712 791980896
1 13057 74282 686037374
1 64757 5457 307198653
1 73782 83638 744303867
2 68052
2 83819
2 39062
1 2917 82157 32532427
1 6301 68614 121958809
1 59077 43924 439100139
1 31660 1857 962688790
2 80789
2 5036
1 76887 94533 298311048
1 58013 29281 731226643
2 2221
1 54451 68132 373855509
1 29540 6310 300851040
1 71798 1830 787621542
1 41727 3395 121220826
1 92130 62971 337804679
2 33381
1 38747 44039 488378948
2 36074
2 72204
2 49808
1 88341 63034 495567975
2 86490
2 61210
1 99772 61694 773494701
1 56020 94721 665496207
2 51078
1 74118 86482 816974563
2 68633
1 55207 60118 641513781
1 625 70350 508423507
2 62627
2 43580
2 49456
1 64265 62306 380446124
2 6632
1 37045 28114 638316024
2 9482
2 15198
1 92154 37022 404625664
2 20468
2 5062
2 89229
2 38959
2 82957
1 61597 82573 694596310
2 23462
2 48570
1 72479 95585 60474319
1 51400 45880 880514547
1 39117 52641 232616855
2 64539
1 69411 20567 825553645
1 65 53809 261423543
2 43
1 19285 53165 561553363
2 1626
1 30414 72679 448754633
2 76146
2 98623
1 97437 46292 834546895
2 65992
2 22908
1 64210 96984 746898488
2 62199
1 3268 25621 593188807
2 35596
1 79463 94266 853039612
1 78167 18386 117906794
2 81051
1 99540 49472 283019957
1 41705 54130 730360243
1 52905 73520 678238274
2 47157
1 73328 69357 928500091
1 4752 66841 564239335
1 30005 63760 528148003
1 55895 95065 248386304
2 14857
2 66271
1 88159 27648 222194336
2 6291
1 15932 78376 876399689
1 35066 35448 212019924
1 79703 904 23333982
2 29821
2 49570
1 13022 86980 929991008
1 76705 79698 674255731
2 92393
1 99080 61118 873178325
1 41169 34708 955864406
2 80159
1 81749 57741 341139782
1 66955 43208 21797653
2 56723
2 46651
1 55947 6864 682336205
1 27742 13018 602046505
2 56611
2 79545
2 4965
1 9275 28660 380148041
2 55589
1 92667 90870 615239357
1 12546 35964 882556884
2 40403
1 98756 30936 892128858
2 54549
2 34640
1 80262 24549 661050105
1 62864 71095 122358774
2 31885
1 75000 579 356692741
2 56242
2 12969
1 62103 16584 783684899
1 32391 12770 393511921
2 77920
2 91714
1 49471 33443 238029529
2 3113
2 61245
2 5119
2 43387
1 17675 80092 610450751
1 88070 30211 795309000
1 435 31680 586071411
2 9544
1 30931 8764 467720163
1 92433 17824 957281252
2 11080
2 97425
1 96340 94365 756046904
2 19945
1 96462 33290 284932502
2 34209
2 604
2 98762
2 95825
2 85520
1 27833 82948 198894148
2 38353
2 30729
2 94159
2 41977
2 91116
1 37480 57032 499545562
2 25008
1 61813 74964 967339705
1 15624 56144 647487471
2 73453
2 40930
1 18119 68547 921572121
2 55563
2 76050
2 29953
2 78640
1 68914 39355 241380342
1 46689 30040 68166558
1 30833 58990 679564575
2 87056
2 52833
1 46236 54516 290699852
2 44488
1 17087 2875 527168129
2 39603
1 6388 65104 672753756
1 29845 53530 66948802
1 57216 59378 939608300
1 95049 8254 647755074
1 51414 63124 104608267
1 55119 30444 16607607
1 66223 22988 251385511
1 51815 14034 21241115
1 84893 56688 783269923
1 17990 41825 812397968
2 18671
2 57330
2 86219
1 88540 3667 38531306
2 39132
2 55430
2 6298
1 65239 27567 277414966
2 40630
2 38191
2 46574
2 36290
2 11322
1 18852 23629 429371293
1 72537 79396 869678486
2 91176
2 89755
1 79181 16104 198406365
1 18690 29577 221572173
2 56241
1 71873 45884 453064468
2 13754
2 51696
2 32041
1 57902 11156 34898343
1 52063 97661 844597712
2 66437
2 54143
2 79381
2 75430
2 35305
2 38762
1 31999 42042 301632807
2 31428
2 84816
1 47718 38673 611019714
1 87685 1418 71813325
2 79081
2 25765
1 88262 83149 242090795
2 10584
1 63062 13025 662527355
2 43520
2 80352
2 55283
2 98105
1 57530 34082 547004951
2 24130
2 7120
1 67762 80579 792865975
2 85596
2 95612
2 79791
2 16926
1 83762 71011 59056190
2 6046
2 18764
1 52401 62003 304239609
1 82592 65155 170163197
1 59010 2176 714434762
1 78894 88721 889421327
1 44837 20713 532059010
1 79247 38928 913249686
1 85491 14970 76451053
2 36152
2 14877
1 79757 94402 464094595
2 48746
1 37047 44038 831709660
2 72597
2 47852
1 99222 92051 615229203
1 7684 13182 797910780
1 55266 44902 664263080
2 6534
1 33177 86120 536641111
1 33 67538 447244926
2 56517
1 76144 35553 120600721
1 90738 1471 374664011
1 12758 59288 916529822
1 71273 90596 888951396
2 42466
1 32929 73109 13440771
1 80154 51668 164637787
1 70460 59151 915412319
2 89157
1 23314 68361 106995213
1 70193 56892 118013086
1 86417 58142 298297325
2 95223
2 40118
2 3353
1 81215 92946 186549726
1 23143 57440 118267003
2 54017
2 47574
1 1244 77825 295692574
1 88015 68390 262371711
1 96881 39743 857664678
1 68895 79281 787342012
2 94063
2 29829
2 41765
2 32215
1 82281 18967 705618358
1 83466 36766 957060915
2 2916
1 680 57748 130144358
1 82588 73424 76561662
2 65125
2 79695
1 37322 40557 43712923
2 69515
2 45501
1 73226 39717 415104229
2 10096
2 64276
1 98821 15323 829191865
1 29831 35872 128797510
1 29741 2008 120619014
2 87383
1 46617 41536 259512382
1 33096 60865 264640137
1 11023 14873 381027660
2 73644
1 16208 10046 311094367
1 59994 80321 133233408
2 60551
1 52299 90365 944876940
1 72809 78725 675132103
1 17955 99208 314773734
1 14763 10115 498776331
1 88794 58376 283275703
1 95354 14840 187452682
1 56219 47463 210239281
1 21182 67832 491167375
2 31883
2 82202
1 12136 27434 687226073
1 6286 15337 4698156
1 81857 98785 109389255
2 49431
1 6632 98741 594404592
2 96532
1 74378 16093 663955547
2 82319
1 75019 40628 541996990
2 66500
2 36583
1 6322 87611 449219960
2 35157
1 48789 85744 278274586