3842 207341399
2 96088
2 6930
2 76103
2 49155
2 7820
1 89145 87812 508118021
2 15716
1 80817 66164 126150536
1 26609 92915 841997788
2 99895
1 23230 99458 179103561
1 70710 77192 313404458
1 8670 14251 547137854
1 21771 99960 141340069
2 52412
2 33963
1 45745 87058 384850770
1 74459 86115 645525476
2 87397
1 91550 15315 106870665
2 10651
2 26398
2 65217
2 41958
2 8740
2 55756
2 30290
2 82062
2 63510
1 4239 65595 916628185
1 33629 48626 755434506
2 44949
1 29107 57722 177493424
2 33070
1 76070 27452 238195561
1 39152 14990 151030177
2 77844
1 89326 45188 970798536
1 65350 10496 921723501
1 58211 69533 703081270
2 29068
1 21306 90606 599199251
1 31172 24662 370082305
2 84995
1 92760 34811 914167185
1 35241 28450 199405946
1 66492 59345 460691502
2 98366
1 36856 93482 91679468
2 33554
1 94125 51216 209846284
1 61405 38992 588084597
1 10266 87175 922194520
1 42247 39411 819395239
1 54678 54466 713441323
2 72023
2 61472
2 42384
2 64051
1 81859 59951 668125299
2 82893
2 75254
2 35117
1 7380 99675 55216821
1 93609 69656 463022414
2 97801
2 56953
2 27857
1 27050 3347 817523479
2 138
1 27687 3765 994539430
1 4465 1801 881291841
2 31301
2 73935
2 88517
1 1552 32557 623312983
1 14024 21802 40776156
2 10426
2 81087
1 62907 8794 583204599
2 62464
2 43114
2 98709
1 16297 43004 153143182
2 7254
1 85268 90230 692663775
1 67150 51142 46664999
1 66751 18913 254202530
1 67757 37864 209220038
2 42512
1 97687 7150 246306365
1 28576 80033 355541389
1 13694 67239 735271024
1 94465 97802 590874402
2 29858
2 63330
1 16429 91082 61769310
1 62261 14109 718698923
1 39718 64251 697417006
2 56856
2 22987
2 41786
2 24315
1 53462 27596 704998238
1 27311 4454 619937679
1 83238 31192 374039425
1 18413 21485 490122882
2 67535
2 74095
2 76692
2 63073
1 90794 64003 881185011
1 35871 29247 487815665
1 93524 82978 280576129
2 63717
2 67280
2 12019
1 12929 20135 116700087
1 33400 45790 681222249
2 63460
1 29657 75205 396169216
2 24048
2 59194
1 15209 54150 866825683
2 86337
2 75587
1 32881 49618 643684642
1 68128 78570 943934135
2 15894
1 17884 33251 15843167
2 61757
1 80646 28541 55399871
2 2871
2 67025
2 76525
2 91728
1 80128 43911 897769728
1 66839 25380 3772660
1 958 63498 380379357
1 33771 63262 353567037
1 55339 2032 90862929
2 52885
1 37156 9688 542747671
1 86132 77360 691708164
2 40611
2 41953
1 69043 55409 940396592
2 19213
2 47736
1 24066 62646 157083263
1 27570 42785 123103160
2 14110
2 28963
1 93494 97833 833179155
1 60829 86698 728435869
1 27522 30931 159255760
1 78446 8253 450289694
2 27088
1 34226 86253 317030908
1 52000 88937 608015091
2 81820
2 26448
1 68408 61026 934326085
2 87870
1 57765 85212 811312271
1 37759 85082 78813173
1 78243 90321 377007997
2 68812
1 11380 39728 754603031
2 86603
2 37110
1 88412 28176 49747084
1 90459 76456 13032116
1 91334 53788 113259674
2 69667
1 60528 59638 734799449
1 59150 67585 856687572
2 74570
2 6085
2 27518
2 54925
1 40374 24202 930001002
1 98313 97914 413649183
1 78934 23951 919969124
2 25407
1 20796 37865 276457750
1 50200 21768 336292252
1 64055 75737 341903661
2 52077
2 43076
1 35136 30304 531131622
2 61669
1 45775 57626 867997055
2 64245
2 9925
1 32111 68176 74503793
1 6177 7303 880751878
2 94337
2 38907
1 21127 88081 269219079
1 81575 88048 444072976
2 1427
2 35613
1 93147 1245 302559202
2 2681
1 45847 47942 766220121
1 40998 70071 899431453
2 82921
2 29854
2 20011
1 40875 15229 949868049
2 5633
2 68058
1 55068 37473 808817001
2 47121
1 93646 71067 58072791
1 79620 27730 159535819
2 41132
1 9052 50518 535498952
2 20144
2 51743
2 38937
1 82875 57924 331526151
2 56383
2 31580
2 51270
1 42386 55278 178373652
2 33919
1 50943 83939 810170679
1 73590 59911 592562641
2 8440
2 80929
1 82807 54962 541452333
2 78612
1 33634 10733 279494649
2 5289
1 6712 63109 211513621
1 49306 69264 162843109
1 60385 77593 443372661
1 31776 41570 509732680
1 78647 46614 664528694
1 96769 78240 693650114
2 5801
1 54581 70041 193487674
1 17651 74214 576363757
2 89060
2 35
2 85517
2 7764
2 42694
2 25892
1 75511 56834 396874836
2 4322
1 74846 13818 159345876
1 19255 74355 737723991
1 28808 67766 543721649
2 99244
1 29641 78485 363264195
1 46739 82493 423206040
1 77393 46128 741183118
1 47819 66814 649911512
1 32340 45649 501032100
1 43417 9014 865897493
1 26732 97725 286738351
2 18463
1 73788 8342 218820597
2 45669
1 74801 57216 618694278
2 31839
2 68099
2 74549
1 49821 87625 361431256
1 63473 73954 762362861
1 72558 5064 176763301
1 49896 33520 421364023
2 3528
2 15298
1 79896 3333 250812758
2 59518
1 60129 35934 808191391
2 87683
1 66466 64058 714160794
1 35376 38055 207610649
1 78268 17988 116163775
2 95073
1 57337 40779 570065935
2 99382
2 70575
1 39800 93747 718521308
1 77489 37013 304336126
2 70476
2 19838
1 64945 14503 909737544
1 40463 45829 802296325
2 77994
2 63376
2 65639
1 44636 64192 791917843
2 19488
1 67156 19080 696868730
1 3239 77272 325977223
2 67014
1 38893 41896 290888904
1 32027 49032 927418835
2 34661
1 99561 24111 979990463
2 36225
2 80768
1 44713 83314 545375739
1 60761 96064 272940582
1 22518 97941 978986154
2 88830
1 24839 563 573630074
1 64416 88549 347728977
1 53656 84538 335176125
1 90732 22655 710343528
2 94969
2 33794
2 58173
1 85080 22945 12174491
2 73936
1 76356 55567 928000772
1 38595 35526 638639612
1 82723 67003 638446136
1 30036 97612 127160640
1 92773 58067 581480350
2 74163
2 42855
1 91150 1463 883582107
2 46937
1 12981 71202 153411631
2 99498
1 76022 21249 422746353
2 27477
1 92739 96316 836193394
1 7488 97264 903932691
1 92899 19721 953548912
1 46636 11709 83476864
1 71336 5377 840869679
2 68569
2 76243
2 95618
1 86323 64321 440243540
1 67579 64240 296801972
1 26630 66049 751875339
1 42281 58668 736012614
1 9827 81883 361613376
1 85769 91932 256099131
2 6493
2 10247
1 12404 8909 532094105
2 18906
2 97627
1 51682 46277 833176071
2 71022
1 66702 18523 929128510
1 46474 95313 997795260
2 68711
2 12465
1 77857 60339 590850833
2 12376
2 11063
1 22099 78663 404479744
1 55914 93628 927655926
2 6409
1 46277 11442 374629100
1 54185 11864 929879775
2 85469
1 63306 7900 598293020
2 98316
1 21452 10491 163290114
2 40860
1 17287 74946 352468276
2 88336
1 11712 85210 393110690
1 99843 88788 644029912
1 65655 4609 388377709
2 71826
2 46080
2 45036
2 72208
1 43201 51706 931880554
1 17427 34288 900849418
1 45841 32825 24148140
1 48209 63676 495576149
2 2267
1 54775 61101 789299384
1 81787 38373 568099965
1 77072 50012 646589663
2 24170
1 10326 62170 926567066
1 3047 79517 461893023
1 42609 83339 432886415
1 97287 84328 153911798
2 29835
2 29016
1 39038 35333 433050715
2 80367
1 82380 35891 486595653
2 87170
2 38492
2 7876
1 39975 74259 811113922
2 11349
1 80969 88304 76908874
2 21101
2 37882
1 25176 83495 863225968
1 66991 72814 79875082
1 45421 72158 926288369
2 54439
2 16600
2 61764
1 63743 23279 53408024
2 10430
1 17149 30479 228465683
2 37602
2 69474
1 29198 38615 177491783
2 40635
2 60711
2 27390
2 49039
2 97160
2 41836
2 66774
1 51937 94972 937334746
1 42722 24576 639037162
2 43633
1 54598 39440 806751754
1 61564 56520 258040017
1 89118 67367 226072868
2 2349
1 11027 69211 595812814
1 76467 36928 870127675
2 42070
1 5909 60280 516689031
1 93732 37945 856130342
1 83728 70699 891975887
1 88432 722 504976507
2 59746
1 69855 51217 72347076
1 82499 72782 985625940
1 12541 55590 974201815
1 53751 10912 35051534
1 85737 42203 48841817
2 24105
1 44401 94783 782066776
1 40356 96497 526145146
2 76306
1 77960 96894 537659051
1 85994 61415 925798213
1 36572 52110 631625750
2 68448
1 39971 12308 121121754
1 14880 23504 971343035
2 96264
2 37731
1 96171 16553 815441816
2 83635
1 62510 29734 673724063
2 88114
2 40144
2 23572
2 486
2 68355
1 95529 20548 927449982
2 37829
2 35620
1 10629 59714 708538244
2 59852
2 86559
2 10303
1 86792 38406 495086814
1 97633 50569 34017511
2 59413
1 19558 85605 265138371
2 48678
2 7882
1 99158 14316 340266772
1 22749 11278 946892021
1 21143 99362 499407668
1 20426 29471 565842241
1 5607 30886 299590608
2 99091
2 38315
1 83211 51828 638417706
2 60700
2 76897
1 37637 64615 234785980
1 9738 70090 645657491
1 47398 70773 46420630
2 45129
1 12396 25098 982723414
2 76664
2 98436
1 91942 30004 694760015
1 32161 80375 24740904
1 90716 98300 551347363
2 42254
2 9266
2 50418
2 96827
1 49675 49336 120231123
2 32695
2 44643
2 59411
2 4711
2 90486
1 8909 51298 472421351
1 70996 64074 149639966
2 9514
2 51863
1 31943 98811 959500747
1 23126 24553 503951535
1 83319 99956 613970812
1 19240 34741 557082185
2 892
1 17462 30636 714702205
2 76215
2 24479
1 87069 71440 177444821
1 3207 36775 535775415
2 45959
2 60777
2 88516
1 92601 24798 705343940
2 35928
2 88792
2 84003
2 36569
1 96041 41726 998595291
2 96879
2 41138
2 42590
1 61392 68710 663655598
1 6222 68549 837839188
2 26871
2 93671
2 69935
1 42975 85479 265707629
2 57846
1 13561 93055 854909023
1 8497 86611 738449508
1 94177 16429 513142595
2 52755
2 82429
1 37598 44260 560875122
1 98966 99617 2889605
1 57846 18334 264314300
1 84363 7787 831670279
2 85369
1 81164 86467 892041758
1 94633 33756 38400508
1 62217 73406 312975768
2 95720
2 71669
2 54845
1 18052 84425 539661697
1 74459 71609 789499575
1 81833 46340 54110021
1 6305 11905 434894275
1 56894 90452 876041167
1 93819 17269 158683756
1 20991 64481 20240074
2 99756
2 16606
2 61100
2 17047
1 34153 61025 888025487
2 90083
2 42810
2 68525
1 65921 23106 336572738
2 83162
2 282
2 31065
2 52232
1 97427 5289 435930886
1 8615 84777 95085195
2 6958
1 33866 55086 379507699
2 22358
2 53565
1 9230 93033 18711775
1 57575 23690 977092923
1 16632 70408 142038529
2 23809
1 52394 44080 745110068
2 73400
2 58901
2 21680
1 71547 63238 127614807
1 93042 43177 286692264
2 98870
1 6094 89472 30995073
1 81110 54279 167135346
1 78933 27239 413273772
1 13046 41800 794666104
1 20667 31891 127748415
1 81009 42903 801222844
1 65009 76950 621338279
2 22112
1 41400 95439 932458757
1 20240 98120 770565527
1 66666 32937 328893875
1 47875 44049 989988576
1 99372 24879 104811754
1 80982 4584 548103735
2 14892
2 43443
2 71616
1 91194 14213 769741264
2 2690
1 87546 6071 635591834
2 93800
1 15539 48431 178624157
1 86103 304 125920818
2 69925
1 58459 15075 412505315
1 45228 27747 984120300
1 58881 71852 705017633
2 19335
2 42962
1 86525 56168 214575456
2 92280
2 69212
2 25310
1 61406 11484 829170075
2 9390
1 99737 66106 461174846
2 55294
2 53234
1 1639 62207 395081573
2 57646
1 90556 50053 900577949
2 28642
2 69251
2 30352
2 58724
2 19298
1 74044 42968 777791483
1 41242 96595 509492665
1 25600 13861 266180799
2 39097
2 32513
2 38528
2 81249
2 33573
1 49195 11254 185005628
2 20344
1 48003 92193 203691989
2 28856
2 35264
2 60404
2 5518
2 67291
1 85805 58861 871378278
1 12262 10424 460672402
1 73885 41513 849284648
2 85124
1 64070 73290 332970041
2 52833
2 19777
1 21446 47355 51763805
1 90485 20843 232731180
2 7613
1 93751 11292 160525381
2 96584
1 58672 62275 80618958
2 87115
1 5837 31277 74225151
1 16556 48514 583189702
2 34715
2 46224
1 17255 52430 181047979
2 80712
1 38296 75702 166943759
2 39763
1 90074 89070 658999590
2 84712
2 95376
1 71072 38555 781501921
2 8981
1 82778 62521 362891012
1 28319 98292 244886643
2 61913
1 82958 43590 827798456
1 82862 47568 228649665
2 91719
2 37427
1 72632 32518 35660131
1 30094 33205 374405317
2 44129
2 61500
1 28883 47578 289902634
1 43230 7389 244104742
1 85972 83868 199573584
2 476
2 91340
2 52490
1 6786 61988 178780051
2 58699
1 86992 86580 774191575
1 60000 91781 641364970
1 65320 28872 306247172
2 51591
2 64555
1 42101 86049 490837999
2 56724
1 96608 66090 716895744
1 82551 71249 881226847
2 78893
1 44346 73567 686146320
2 71939
1 85668 31089 874321436
1 49868 15261 442283274
2 96412
1 32627 75013 842487697
1 10837 78306 438522326
1 95430 60392 681061545
2 74114
2 99111
1 88969 16890 478924731
2 71573
2 85598
2 13091
1 96484 57604 137419731
1 9177 25068 679228121
2 67867
2 73459
2 67971
1 83420 51809 664326759
2 59585
1 82166 36442 788639595
2 23505
1 8565 75454 105202355
2 2771
1 86790 14178 301743332
1 10370 93402 429231668
2 96774
1 9972 12027 376270594
1 11609 57238 619814992
1 86767 932 263018872
1 94813 42805 591555457
2 60580
2 9973
2 36330
2 67267
1 73969 33527 388131219
2 86291
1 73809 3845 292160125
2 47463
1 405 9665 60768522
1 85208 67049 979658612
1 87959 98923 701070152
1 32491 38944 518708418
1 35353 807 308693965
1 2684 38759 228909175
2 55850
1 21911 13832 195776584
2 5980
1 85229 26688 703495259
1 37572 81320 840727240
1 96125 19456 850635448
1 23412 33415 826577873
2 44219
2 91595
1 92582 96289 271429752
1 68231 93295 611414746
2 75238
2 255
1 84078 58739 250164941
1 97954 6517 357433409
2 36097
2 72445
1 27664 96678 671762379
1 72876 4216 679023520
2 64790
1 60603 58192 980010115
1 2271 30064 845536938
2 58873
1 57885 50084 196784553
1 25265 55225 766855684
2 30606
2 13846
1 5524 95435 503543326
2 33873
1 7942 30615 396564410
2 40091
2 56881
2 86549
1 68753 70852 805151214
1 80836 10677 635478580
1 6335 90373 981277908
1 74777 33679 751648316
2 90335
2 5722
2 63315
1 96985 38896 182531622
1 15902 16888 747673707
1 79791 60238 568817661
2 17963
1 75292 53006 630322081
1 34930 87690 698028372
2 84618
1 21659 92962 413973145
1 56952 32994 565944209
2 35881
2 96662
2 52992
2 70975
2 5162
2 40671
1 33090 88030 836403782
2 97183
1 21977 59290 968909146
1 13045 54457 151998403
2 30271
1 86237 20104 696073573
1 4313 93705 493850431
2 70004
2 21268
1 18063 43296 794444909
2 51857
2 81380
2 91619
2 57054
1 30541 17413 642603966
1 60222 46394 282807529
2 21237
1 86350 79716 743001182
2 5289
1 76196 35956 397246477
2 4536
1 55966 97713 182932819
1 85166 34816 824664723
2 18687
1 19861 90329 975210663
2 29086
2 72177
1 73659 82090 670713855
1 5728 43848 794734373
1 46999 81269 667206966
1 68996 36199 809123336
1 7394 31659 635579395
1 9912 8665 30784873
1 98814 7220 340791398
1 50917 38067 269592397
1 30276 25381 839002021
1 34820 70436 608524451
2 84098
2 91623
2 10241
1 89026 90349 173511793
2 68209
1 7246 28039 469811159
1 60866 8566 122286748
1 9560 55901 344547521
2 77404
1 43970 78972 125140215
1 18958 67708 316146120
2 63228
2 59241
2 56218
1 72022 86423 345637826
2 27291
2 42081
2 43686
1 45775 72712 964821263
2 26017
1 82403 89241 958658013
1 80057 94637 537448062
1 79997 71540 611651806
1 11940 42716 76091227
2 97055
1 28355 16792 997801076
2 41493
2 59072
1 89366 26957 487450994
2 5795
1 96636 32590 510907329
2 18065
2 52647
2 83738
1 55397 70565 884838439
1 87626 80525 820277234
2 32454
2 73259
1 28722 86556 625412479
1 35914 33033 204118399
2 66270
1 96915 73169 854070764
1 6468 42061 855025835
2 12212
2 53722
1 22743 6889 79850230
1 94329 55930 515020700
1 29082 36687 896740758
1 7060 2173 621739677
2 64405
2 35766
2 79024
1 29417 69990 791167242
2 73339
2 85786
1 7781 78927 443615376
1 90612 49691 549208974
1 11569 87738 664428064
2 57965
1 94832 95906 985764238
1 40440 46615 221976005
1 77163 79213 454606292
2 23714
2 46470
2 76947
1 22566 2349 670958755
2 67872
2 27515
1 91894 43911 160173777
1 65378 9561 348688367
1 11668 92729 901142153
2 90463
2 98821
2 77456
2 82151
2 98283
1 32893 39190 861249036
2 26000
2 69488
1 31610 22333 757169046
1 36845 8447 86437489
2 54144
1 13555 84502 2298054
2 24104
2 89776
2 94565
1 87608 79655 806572353
2 22943
1 54149 70850 941155716
2 99385
1 44372 3880 671400411
1 15072 26672 464540145
1 97568 66401 441955381
1 1051 14622 925258833
2 81577
1 34564 80562 20229179
2 14726
2 73476
1 60893 15508 968954346
1 29575 22401 291929509
2 42930
1 46143 16506 589795811
2 70680
1 61655 43799 270210938
2 42325
2 12701
1 92250 4241 892829305
2 65314
1 78321 95350 429758275
1 52015 73355 967724306
1 77789 68126 390670944
2 87598
1 38627 4017 135045312
2 51918
2 52888
1 61071 53738 541410110
1 82721 57413 389221984
1 11410 7451 424483128
2 45932
1 48000 71067 91917614
1 91948 39948 476358461
1 1855 45514 918346398
2 96343
1 31816 68703 717020315
1 36249 32651 973756161
1 8945 28509 885461925
2 24763
2 73991
2 96834
1 60972 59756 204035698
2 10938
2 97603
1 4045 74829 720928389
2 92644
2 59687
2 11793
2 14177
2 28563
2 57670
2 29170
2 38613
2 63666
1 66637 91930 43122229
1 45433 22480 541789145
2 17230
2 569
1 76310 91011 505279961
2 12537
1 85051 13415 241393154
2 2863
1 586 35857 769163381
2 26870
2 43603
2 81216
1 88151 50323 126902177
1 84383 61689 67421572
2 97522
2 94177
1 33447 14906 691995103
1 90133 54016 886600675
2 68871
1 6088 46254 811146957
1 61417 72157 524151734
2 47744
1 45667 91650 210059327
2 42015
1 74810 31410 649024321
1 10541 76585 240220663
1 3219 18507 591219064
2 91801
1 78486 82747 731454970
1 92574 62770 299168833
1 22033 20475 141974973
1 23597 87006 146136398
1 92661 52314 115643565
2 11744
2 35042
2 70820
1 76129 59827 579256287
1 70057 92225 207152558
1 80901 26961 880408297
2 75239
1 15836 13947 612466973
1 28926 56980 905946497
2 77824
2 18172
2 35506
1 44347 5874 744834336
1 46768 17639 983493700
2 66257
1 7308 24019 224800627
1 89510 42405 370509138
2 20758
1 57187 88581 307935383
2 47799
1 96772 85224 673134983
2 76925
1 56064 22116 904496426
1 53405 75442 89997263
2 17545
2 13564
1 46418 9645 324151898
1 74597 81424 905652918
2 13356
1 29940 9284 974247174
2 31044
2 2934
2 32134
1 75592 16894 210456728
2 35224
1 56041 26585 98267287
2 2237
2 64078
2 42261
1 40188 97791 274728741
2 70333
1 3064 26228 284644870
2 21258
2 5654
2 71789
2 31097
2 70778
1 54185 81592 447641315
2 38676
1 14643 68775 752890657
1 34354 83287 112664260
2 64455
1 86880 59596 714561622
1 87273 53104 296137664
2 34543
1 19356 58690 372073999
1 45048 26538 290674827
1 11655 55692 114855349
2 38585
1 17636 70409 983457310
2 29972
1 49753 54767 198340053
1 8961 83591 498260505
1 8755 43671 475744704
1 28991 46841 481377230
1 68809 40578 162590939
1 96791 65222 160132224
1 817 43863 521508522
2 3503
1 18445 59619 481157587
2 41977
1 97334 97910 853834515
1 28793 89786 92745154
2 99611
2 83288
1 65368 25900 570645245
2 95074
1 75257 87776 96569143
2 92705
1 20962 52831 110426525
1 29972 80385 269255026
1 70569 39681 272346914
1 68988 30244 268969991
2 35348
2 227
2 43285
2 10403
1 33742 60240 468443766
1 71903 83987 920839737
2 72540
2 87163
1 4480 6091 21650092
2 46463
1 17842 3710 569890564
1 14655 21247 442393808
1 65747 42155 598736667
1 55316 38910 784731721
1 53750 28455 16697512
2 85496
1 3694 13620 627133103
2 98168
1 38629 39814 916984414
1 94917 42691 885105485
2 35695
1 78136 98373 501482847
2 41013
1 35779 47871 84264438
1 23397 43691 492007528
2 81282
1 30599 86252 321678460
1 63836 46490 464136464
2 30736
1 82775 422 66777160
2 18747
1 67928 76311 400245456
2 16926
1 92797 48950 308844425
2 35373
2 32875
1 83808 27089 956956811
2 36543
2 85747
2 14546
2 31377
1 55304 50912 505964954
1 17546 91928 990166763
1 91879 94247 915387908
2 30503
2 1364
1 66686 59041 565432614
1 65124 85600 537313226
1 64584 41569 233280434
1 5708 90736 936999062
2 2940
2 28698
1 67418 13143 76910652
1 16424 49659 614798866
2 87765
1 4100 78171 687208738
1 14512 3740 78394993
1 88028 22476 832675864
2 83770
1 84506 22910 811458890
1 60403 31334 161260686
2 96370
1 77644 56109 801350839
2 69052
2 73869
2 3862
2 88678
1 60745 986 346723296
2 3827
2 88498
2 17502
1 2018 86781 776737392
1 21978 83174 28055001
2 52630
2 79280
2 10444
1 88157 59696 268144731
2 39041
2 84890
2 63152
1 79856 86457 202178453
2 51776
2 98453
2 74150
2 35648
2 70617
2 44272
1 22110 38863 259130866
2 73941
2 79496
1 79374 80474 614001400
2 32464
1 44178 91460 212409350
1 90783 67367 322562455
1 99999 69406 980641818
2 7049
2 25676
2 19416
2 76628
1 34109 41306 794306869
2 23731
1 68956 3057 337203094
2 8392
2 449
2 95020
2 85276
2 10622
2 11654
2 91686
1 91219 11201 151412701
1 12440 41216 311558413
2 94397
2 86373
2 49219
1 78670 24257 75337972
2 65586
1 19592 62432 569106124
2 98006
1 83455 82372 686257342
1 33971 71502 568711999
2 27550
1 34980 62488 939419158
2 36547
2 61575
1 5961 86040 723793791
1 44081 56889 583646856
1 40732 42529 118229622
1 50839 58472 861029730
1 87050 63485 868478310
2 77385
1 74924 69452 742698185
1 10617 14401 361574730
2 53065
2 5600
1 9139 46091 343318670
1 82185 5268 996351135
1 12764 95446 621043274
2 28486
2 98074
2 3857
2 28531
1 39166 34924 847685968
2 54673
2 67612
1 11520 85929 729756184
2 98889
1 38267 65847 313756826
1 94781 32861 665098138
2 48761
1 42528 79891 23824738
2 90852
1 6385 6849 640261751
2 62273
1 73664 13345 572390413
1 59699 23906 469192962
1 80401 65551 496210397
1 82625 55537 358128873
1 67097 62094 942529585
1 27969 84092 769182934
1 50413 33238 542238489
1 15435 67249 510992096
1 73167 47615 412242548
2 33995
2 52507
2 85136
1 68438 37604 989033749
1 41264 37292 846711467
2 73458
1 41623 63940 4191801
2 77347
2 43394
2 27377
2 45768
1 93709 72204 360829904
1 11880 55333 415477570
2 37248
1 24340 59767 509658961
2 81030
1 1486 7016 709275018
2 37761
1 22929 63980 558650330
1 16515 44898 215996230
2 68748
2 94740
2 56080
2 99494
2 4953
2 57979
2 11738
2 62609
2 93060
2 57189
1 11365 36128 15184111
1 89395 89259 608836918
2 47356
1 66031 13188 799969537
2 10380
2 69734
1 71334 26073 411470625
2 99204
1 56980 55283 104946662
1 17716 18263 721124826
2 4369
2 18492
1 93316 6848 260140606
1 52050 36183 948572886
2 41839
2 67158
2 37103
1 46576 51011 67544873
2 9382
2 60055
1 84373 94445 671027229
2 37170
2 69883
1 566 22107 975159033
2 44629
1 84823 90924 523753678
2 71196
2 710
1 43206 91224 405415653
2 47547
1 71534 8421 995853346
1 28270 94046 659738418
1 94739 40258 480100848
1 97084 99231 593393166
2 9945
2 53610
2 58726
2 22012
2 45141
1 5025 43047 618477079
2 39553
2 70920
1 57881 97147 999041143
2 61253
1 92164 99932 572019129
2 12104
1 50399 64873 753706021
1 87133 7925 884418114
1 31151 57038 50231877
1 54936 61913 739863852
2 61053
1 26112 3841 202066077
1 58931 52832 601554804
2 5781
1 31756 43924 225104032
1 52825 87761 631003505
2 63607
1 11066 83650 791185621
1 29232 29038 28623714
1 4371 3002 304057463
2 47284
1 46704 47394 365805538
2 50573
1 56920 36939 491420174
2 49885
1 61924 4684 914550489
2 12449
1 42785 83429 99156119
2 42268
2 3454
1 70189 36570 986798716
1 75576 76396 555982965
2 31979
1 9583 4428 187304947
1 33549 15789 243932362
1 78130 91028 868231684
2 27873
1 23807 41714 786449948
2 36248
2 22644
1 71780 421 212184373
2 75331
2 98193
2 42109
1 15322 25886 506211881
2 99605
2 71129
1 59088 47380 290302092
1 95536 53950 44471798
2 83807
1 47364 21003 334876192
1 55042 95645 900996370
1 48057 19115 936435045
2 63436
2 11729
2 91944
2 69978
2 61327
1 13769 44052 767503436
1 88762 71074 771406936
2 88932
1 82052 11954 226887762
1 30125 9212 789479011
2 85260
2 47361
2 95804
2 98438
2 6426
1 93157 14408 440670772
2 79695
1 58728 44446 584922148
2 29958
1 4492 22527 667478080
2 62422
1 96955 43721 483540821
2 50396
1 71534 21360 480971648
2 22818
2 1645
2 38292
1 68024 13441 242519491
1 69152 52639 477493166
1 45530 5052 192011774
2 21164
1 53886 3317 343740095
1 21236 72508 216576260
1 68111 90859 449522276
1 95374 61336 228279818
1 54388 15994 292102834
2 5251
2 25694
1 78384 69664 841476812
1 30223 45872 273738138
1 17041 89046 87326220
2 84911
2 74220
1 71043 56602 830583991
2 48761
1 41825 84463 239187437
1 39804 49912 315301390
2 25125
2 93312
2 27257
1 50924 71040 100674227
2 54255
1 1301 91828 246502887
1 40503 76111 181704970
2 70650
2 34354
1 997 54543 660232621
2 30603
2 81488
2 31554
2 93350
1 18025 2844 277610013
2 52883
1 46285 27639 5540147
2 93111
1 21076 39202 944183675
1 91492 79949 412872878
1 29115 11940 698211396
1 92015 51795 356554386
1 90095 19892 434394518
1 54237 47303 478120646
2 73804
2 21754
1 56665 98674 385780669
2 83969
2 93306
2 45742
1 49677 70902 651692372
1 95483 51847 559898002
2 86021
2 73246
2 67411
2 51259
1 54856 59949 770541395
1 98549 25268 276263181
1 99264 53159 250175138
1 75337 52043 881836549
1 75264 82967 195585405
2 13796
2 20350
2 911
2 12839
1 37591 69282 250276137
1 44915 89642 249875778
1 98985 44719 47623588
2 49888
1 97768 69290 556876276
2 16241
1 70255 39696 941134086
2 64683
2 80679
1 35126 83802 180979107
1 51287 26201 667810226
2 3070
1 49226 56538 497897894
1 83912 33490 760213810
1 36694 85866 131774073
1 58733 32306 987039176
1 33538 98583 820780601
2 6150
2 90014
2 34107
1 11064 84282 290942892
1 18408 64090 574959525
1 4825 16258 625703122
2 66315
2 47739
2 45490
2 95460
1 93367 15765 90085915
2 74721
2 77764
1 39131 10825 594904006
2 26353
2 81060
1 59957 20790 768714607
1 75914 12389 131743412
1 52910 63063 433149538
2 50478
2 78435
2 63780
1 92840 99975 651018591
2 9310
2 69716
1 30092 92775 379221905
2 31047
2 98317
1 10771 8801 384622064
1 75254 42261 574389622
1 38767 64944 289571761
2 9487
2 40800
2 94446
2 68200
1 11066 980 128559358
2 3260
2 53747
2 12859
2 95409
2 31305
1 66838 29497 358193692
2 80604
2 42614
2 36831
1 39077 19737 811220124
2 15258
2 39739
1 33525 22449 792538848
1 67624 35403 680569241
1 21457 89015 985689862
2 49851
2 70031
2 89412
2 13928
1 27707 7704 714420338
1 5330 94523 344285349
2 29555
2 54056
1 95873 27709 781849828
1 66711 3134 49634408
1 29377 87065 769045908
2 80101
2 66272
2 73396
1 12712 42030 420942103
1 97631 35791 718013370
1 90110 69640 110806782
2 18907
2 34440
1 8592 48481 796513606
1 58950 59769 863453354
2 65257
2 40799
2 59204
1 88346 22747 826406734
2 25762
2 8549
2 33232
1 11314 26591 823912306
2 61849
2 39518
2 19210
2 35952
2 69342
2 14050
1 85271 61890 328588855
2 33003
1 75458 1579 836457154
2 82166
2 35745
1 86384 96566 669253572
2 84248
2 94425
1 97632 52584 142142108
2 82602
1 14878 23869 383911152
1 34612 95825 467856073
1 80617 29271 880560621
1 17325 20520 903692584
1 65496 16115 171981459
2 48252
2 97053
1 69048 66065 927392810
1 7699 19980 571682601
1 68043 72393 368215977
2 3673
2 15848
1 48945 8050 692326206
2 18323
2 7856
1 91451 39088 592415969
2 67031
1 36917 86057 276848470
2 77526
1 87300 36501 725084898
2 65063
1 30401 97189 949425648
1 26071 37925 356881473
2 46109
2 10204
1 85462 42081 183513925
1 58804 32553 233643985
1 40155 69917 544479804
2 66869
2 61015
2 25784
1 55710 48894 844296573
1 69812 83502 829324094
2 87107
2 175
1 84152 3782 421652084
2 66956
1 74031 14488 135494018
1 58670 72165 132301593
2 90573
2 93257
1 50018 4628 321457310
2 76152
2 20728
1 33332 86630 364418784
1 39320 56839 976815670
2 26577
1 10466 40857 296695350
2 97110
1 97998 31080 28445095
1 36283 96640 874121026
1 63559 51900 978712478
1 5113 60255 629785594
1 8694 1003 800417341
1 62688 42856 377929627
2 52648
1 28270 39727 900001982
1 7979 73007 711404300
1 56483 4977 603488081
1 49445 50939 24026577
1 45160 90970 356289357
1 60351 15027 165174057
2 38503
1 95993 77740 279876733
2 47602
2 73777
1 4127 85252 225042752
2 67324
1 54496 10147 989540700
1 4151 18290 469261124
2 44911
2 29171
2 14466
2 74589
1 93564 48577 164446047
1 89924 77907 670843118
1 46506 13856 20224417
1 23468 58604 883616908
2 17062
1 19454 60981 644579571
2 84884
2 3285
1 81914 33059 450730722
2 57346
1 97351 27366 262823711
2 75517
1 69429 76265 552364234
2 3767
1 92604 96781 253133786
2 6521
1 44704 4296 119893782
2 31188
2 25436
2 12109
2 88922
2 72892
1 59019 34320 963707302
1 52650 86410 260933648
2 65186
2 76129
2 89933
2 41027
1 99341 8799 398518228
1 36556 36457 420530466
2 56193
2 40527
1 59001 45619 754713379
1 77838 57412 615078677
1 6966 70898 477054654
2 54988
2 3165
2 42398
1 51188 48001 460114326
2 14237
1 16460 2740 403640934
2 41085
2 94011
1 53988 54638 887690214
1 65751 87019 376471593
1 66155 78381 203628379
1 64764 98376 13029138
2 44814
1 47990 31488 719520794
1 59934 52963 384557133
1 18843 9589 401619899
1 95819 92094 420676392
1 45503 55450 377993174
2 67461
1 47103 55929 457711531
1 23619 62329 116748483
2 45769
2 69018
1 44273 76663 276209563
2 45416
2 59740
1 39304 27244 150401075
2 94329
1 68566 54519 717118438
2 81908
2 77071
1 40055 20437 230546078
1 86484 13131 601662716
1 42035 74342 250849972
2 20522
2 68989
1 51103 15472 592299567
2 83225
2 71043
2 88440
1 41218 71703 619059131
2 49736
2 48366
2 74588
1 53024 22901 936683020
2 1401
2 83550
2 3117
1 44500 31491 2375447
2 11274
1 70900 20778 51898305
1 55074 1108 307912513
1 83243 2027 553117979
2 53594
1 71972 55539 962933989
1 60280 48393 381165250
2 28070
2 75122
2 89619
2 84484
2 38470
1 12471 46625 415240500
2 9953
2 65132
1 3990 97197 383972122
1 4471 35134 698642451
1 18115 93935 721802159
1 24694 43299 106178764
2 69545
2 93774
1 89704 29827 853301578
1 32478 10501 785699829
1 85163 5470 393061976
2 38990
2 987
1 44198 59829 281807945
1 41854 40798 952217564
1 55861 56361 959823059
1 37802 10418 845680
2 56209
1 4386 1697 381885609
2 42199
2 57718
2 30971
1 11718 48760 31238295
1 66752 90098 376465020
2 74701
1 22698 5208 512066930
2 59314
1 23588 9905 303551310
1 90950 26194 775140020
1 29370 57977 969167683
1 55568 40529 399573360
2 86248
2 83949
1 58582 56134 512831969
2 54128
1 67112 50760 767421737
1 61739 17731 87118124
1 69474 63300 744742651
1 61790 74382 916434817
2 44769
1 75687 83748 183581445
1 69698 61832 741479345
1 95978 99321 88478637
1 13197 27018 757396840
1 58075 31858 451801920
2 37945
2 83804
2 19120
2 54528
2 30625
2 44739
1 31746 61337 655066696
1 60814 33515 808447295
1 1020 70452 52637935
1 82206 93833 71889343
1 21460 76932 751342277
2 16975
1 92440 1389 907077557
2 92934
1 72511 56096 562501395
1 74474 1206 597960693
1 59341 22121 386073007
2 5404
1 11119 93358 161687914
2 67126
1 85955 10770 477569447
1 56357 93384 764710557
2 91124
1 34733 99003 757589423
1 5580 1246 525747130
2 96658
1 87801 15340 636501398
2 42077
2 14068
2 9338
1 26327 87273 673262626
1 77721 78440 241325477
2 62701
2 95493
1 80408 24755 712089971
1 62598 20449 768809923
1 76980 4751 449256694
2 68921
2 79352
1 82462 530 261946376
1 46941 90303 349475771
1 60589 61649 719021917
1 48913 77893 822621443
2 23903
2 75962
1 44948 65431 545856118
1 80137 80217 408424690
2 56502
1 45919 60571 526803541
2 80957
1 91486 83838 796445689
2 14246
2 98412
2 15218
1 70461 55734 277405331
1 46270 59297 983517461
2 73677
2 69248
1 67454 99063 957629358
1 97009 10438 966977076
2 75770
2 62809
1 32195 67699 537915828
2 24411
1 65611 61867 627048798
1 63152 71353 186010812
1 19700 18260 305676973
2 89868
2 85290
2 10072
2 15070
1 28033 88783 861469470
1 82234 8157 454653019
2 56726
1 6020 16053 841787480
2 11918
1 21549 3731 118678073
1 73855 24430 362295920
1 76477 17658 103210511
1 45677 66055 774978953
1 98672 38918 404932779
1 48315 33853 544844373
1 35231 13337 930110814
2 32419
2 66899
2 80325
2 57571
1 92109 73768 197670756
1 71789 83625 453825722
2 80039
1 97839 21242 154052893
1 73844 26539 409367340
1 3465 2617 327868108
2 4752
1 29039 53815 469159213
2 19324
1 36125 92571 676739728
1 2891 49307 258308442
1 42715 67402 17588367
1 9238 83958 883116295
1 99969 72385 533484051
1 89688 52312 209787113
2 57249
2 16113
2 53890
1 98028 53391 441200575
1 33342 11862 188998295
1 75875 44504 396762957
1 49864 41333 896115090
1 31185 9670 556875231
1 38175 66637 866454864
1 32028 19851 62720293
1 1471 34989 651547819
1 63779 49920 867583189
1 13376 64600 996267882
2 64827
2 98065
1 63308 81544 677574541
2 47200
1 94724 64380 286830079
1 79037 66345 46846319
1 50915 73776 752154356
2 84317
2 66680
1 17144 97642 606998542
1 71152 65852 864581684
2 84199
2 31101
2 89008
1 86437 44481 741021741
2 94540
2 21829
1 68659 82716 933918453
1 57940 40046 44552898
1 61216 26851 925656353
1 76263 94970 175869744
1 64077 54307 888165674
1 61752 69509 535505608
2 43979
1 24613 38685 525441334
1 74965 40476 380554365
1 15652 92369 995584248
1 63087 43904 641002389
1 54431 19587 960343840
1 66184 65830 865892030
2 82796
2 42127
1 56094 10470 988427337
2 56345
2 12342
2 19318
1 20029 19993 214130928
2 65528
1 31507 59544 953813474
2 44090
2 69387
1 62144 87066 65387995
2 90599
1 12360 29446 592056772
2 67419
2 4712
1 35555 4726 724581380
2 76221
1 9423 13256 254310873
1 43214 49679 748490891
1 28044 3597 414821796
2 94735
2 60674
1 54539 2508 86353629
1 61040 99980 623450309
1 21685 21063 487785417
2 88442
2 41909
1 9814 49411 593552237
2 80847
2 35423
2 97486
1 43807 49547 362883338
1 2696 61657 159323029
1 3042 21370 855231494
1 48422 69757 237461127
2 88382
2 56905
2 84964
1 66400 91572 39152765
1 21751 19541 721210202
1 53336 75316 728852638
1 56848 68977 891187970
2 90506
1 43004 7512 494654324
1 27492 21510 176348750
2 12288
1 72954 12894 439645966
2 38795
1 67740 35861 521654473
2 91127
2 53982
2 17870
2 71962
2 50519
2 47648
1 1651 8800 580132221
1 66532 39756 91621336
2 84824
2 93820
2 60942
2 1395
2 51790
1 36956 39427 424872470
2 62393
2 45341
2 55455
2 59598
1 53628 71387 304886690
1 85342 49212 243264951
1 91292 76338 935619234
1 37078 63500 789469836
1 95288 61626 423647291
1 28349 42278 283939618
2 61123
2 861
2 70082
2 89629
1 9456 1455 755365760
1 76579 50205 588204307
2 8842
2 78954
1 22960 30159 891947956
1 26326 85917 681372803
1 15067 19566 241772942
2 10457
1 47981 71541 836927158
1 72529 54057 431105979
1 12928 34538 263400936
2 47937
1 93816 73221 504203845
1 21226 88659 513942715
1 46886 17284 804290845
1 60619 47307 671944130
2 90278
2 97237
2 59816
1 15574 67300 524750392
1 59516 22931 486236569
1 86672 95742 805895126
1 17749 71627 673357677
2 8526
1 86522 94190 827121328
2 7549
2 13850
2 61105
1 39475 93818 454712113
2 4364
2 1374
1 94153 29023 928403550
1 56053 96585 842805632
2 33899
2 35282
1 32549 27234 231559596
2 66541
1 5534 86794 292384459
2 56457
2 89196
1 41910 98948 896799420
1 45219 48733 500326516
1 90670 19647 661750220
2 26642
2 60286
2 28421
1 21752 24720 584425924
1 7693 85814 98182106
2 66599
2 77059
2 88071
2 27855
2 70730
1 18466 75334 44031228
1 35739 25205 87757459
1 74113 6248 292417029
2 80530
1 66939 47141 439289532
2 15047
1 85799 89497 301663517
2 23412
2 84833
2 348
2 29981
2 53388
2 68141
1 40453 86338 877854723
2 71027
1 41488 768 430768096
2 49613
1 87653 7600 941809580
2 13332
2 72980
1 11090 19876 45447137
1 11493 35465 515312288
1 68206 83993 564309097
1 38690 51191 444817004
1 82679 78933 350728463
2 39303
2 45479
1 50781 36588 561026112
1 38791 53149 514318104
2 71
2 27702
1 57708 75777 170948596
1 34918 57553 520738504
2 54618
1 83323 82891 273400703
2 91418
2 66788
2 86217
2 73932
1 2914 41608 903587375
2 21812
1 5799 12049 972617728
2 81147
2 55857
2 28051
1 13283 54433 552644853
2 28419
2 55072
1 71734 10439 402023222
1 22527 47547 142310659
1 4685 87565 916007169
2 24437
2 13652
2 9263
2 53081
2 39722
2 6908
2 8827
2 39398
2 21827
2 25648
1 89787 85604 107543984
1 47912 69143 291870448
1 52149 52309 181766437
2 27551
2 89481
2 42552
2 57664
2 74531
2 85243
2 34242
1 88431 6132 80173839
1 60015 10361 466485751
2 78094
1 88820 78612 942634070
1 20254 47016 311243984
2 95258
2 56820
2 42798
1 67618 34487 272723991
2 51480
2 85818
2 44996
1 39188 39710 228571135
2 91217
1 4191 38692 571237764
1 13660 16727 760754857
1 6938 50679 272136298
1 83479 75377 642692679
2 74687
2 87422
2 46539
1 70577 54881 227433946
2 71161
2 55520
2 98949
2 85855
2 48139
2 22552
1 64336 63204 755124638
2 42758
2 35526
1 96403 96296 720883585
1 41698 27482 721084328
1 47440 22527 350818394
1 28882 2367 510329330
1 17296 9896 661332816
2 40953
2 74543
2 4583
1 99179 53282 840030998
1 58649 78090 520283206
2 16340
2 59548
1 20534 63678 742694734
1 35633 97452 975477303
1 25425 66533 681130081
2 80854
2 18582
2 94040
1 94034 18762 917279110
2 2018
1 37859 26643 665669165
1 23445 6852 920968302
1 59628 4846 237455977
1 96959 4054 307955739
1 38540 83446 87168610
1 64502 66507 100660927
1 18985 34953 805908581
1 18641 86282 23987599
1 89313 59830 257300718
1 14891 74170 52257428
2 43150
1 41997 95142 190232784
2 29196
2 10093
1 12320 85736 245987087
1 63074 71374 680373485
2 41033
1 92205 37698 614851493
1 28569 38469 990993443
1 80002 93813 893534656
2 92587
2 5379
2 58103
1 11650 92338 600858364
2 30064
1 93694 62693 718331259
2 39644
1 58076 57645 48947750
1 16222 26881 240781978
2 33968
1 89457 85704 520444615
2 47251
2 30192
2 69046
2 88761
1 82480 53585 479894805
2 78246
1 7941 78959 456545358
1 44488 35974 730664739
1 14535 34621 756109627
2 69665
2 51601
1 49294 18316 157118122
1 74551 71672 646173579
1 17953 27952 187150932
1 62728 52089 92198772
1 37755 71110 338762621
2 32390
2 56732
1 96318 51370 650093320
2 86654
1 77622 47198 353545168
1 52826 1527 306157026
1 79375 12219 313250903
2 57101
2 41171
1 48866 99619 941055778
1 12079 66761 778245528
2 33506
2 53796
2 64469
1 24780 191 584686750
1 60287 87517 847958740
1 63238 72442 684784551
2 36215
2 79160
2 14259
1 71658 29933 868395737
1 9549 90450 667511687
2 6192
1 13749 34518 755077040
1 47723 43492 749669581
2 85272
2 6277
2 35993
2 98142
1 46479 26971 612512628
2 68228
1 39642 37972 353646620
2 80769
2 50073
2 84058
2 64487
2 29491
1 21306 69015 870779486
2 1946
2 44528
1 68115 66152 925995630
2 34057
1 30786 85673 71453409
2 35573
2 67650
2 49614
1 24207 21387 104845708
2 72564
1 22864 45862 245087963
1 29865 70740 993020667
2 22076
2 77088
1 25882 85355 847373137
1 51398 84996 705191922
2 32500
2 71859
2 48111
1 91815 35102 63799306
2 29009
1 26171 75649 209117006
2 4805
1 5178 67706 307878402
2 88874
1 10922 78313 10562001
1 42037 27117 84144214
2 48208
1 60215 71620 493284473
2 50082
1 4903 50287 72063578
2 76366
2 87463
1 25635 12952 454340805
2 71965
2 2558
2 88047
1 46115 41982 807126781
2 7489
1 73455 71731 818312084
1 78244 48521 514479941
1 73137 96018 167824188
1 39737 5809 650132075
2 49949
1 22635 77093 702138881
1 67249 70098 8462803
2 60667
2 27068
2 48762
2 73687
1 69201 80461 888327216
1 50368 97927 70463518
2 77235
1 46413 54460 213626085
1 54841 71824 390078143
1 11607 19546 984570309
1 98177 69241 269181088
1 89574 31338 878082028
2 42567
2 58189
2 65385
2 37672
2 69541
1 66095 84261 239366619
1 39666 77932 87816397
2 71053
1 50909 39861 817898262
1 86165 98508 871893940
1 7600 68108 217756901
1 40680 41550 851034894
1 28226 12351 118012513
2 57689
1 13851 41581 945536179
1 59219 84891 460340758
2 94015
1 14797 87602 317860901
1 71132 38025 601093118
1 1667 46114 104170704
1 38204 24227 933510949
1 14129 53531 331318033
1 44076 42053 419687285
1 90975 82245 590410703
2 66616
2 59025
2 93354
1 50328 86532 820179212
2 67232
1 59635 30992 163998814
2 64310
2 28114
2 98207
2 86900
2 88477
2 82821
2 40360
1 77859 93895 908023534
1 16275 85525 843653752
1 70047 19388 654167250
2 61526
1 99667 36790 718759251
1 45281 64392 351704160
1 74821 88730 613656251
2 18695
1 15633 43293 816372620
2 79101
1 57710 41557 882455861
1 86307 75243 520462224
2 43241
2 56293
1 30440 61352 627129956
1 24142 58353 114536149
1 52918 8555 193266915
2 18088
2 95935
1 14509 29078 666788152
2 2329
2 77154
2 6029
1 51314 90927 112307251
1 55853 59926 37533161
2 27843
2 18412
2 79516
2 89109
1 65377 46726 804017925
2 36845
1 39244 1952 989049237
2 6302
1 25438 82197 914899517
1 54281 41999 592034417
1 68756 97143 44833257
1 35145 6633 572335516
1 43952 15729 730891644
1 17934 73023 133689679
1 72210 46570 200288269
2 66646
2 46800
1 8457 80806 183886431
2 61899
2 85997
2 67979
1 7276 12172 108571394
1 70822 36329 984725302
1 27204 5977 875949857
2 12653
1 54106 1737 304382262
1 27508 24806 322051939
1 9617 4495 169809733
1 43029 65454 617950653
2 53313
1 52141 77326 190895509
1 68998 11560 861216559
1 70979 67592 202709822
2 89570
1 58899 68640 920126521
2 38767
2 69102
2 81420
2 60148
1 32386 76829 660734721
2 52002
1 71688 65749 511906304
2 58485
2 75381
1 95260 37529 618970636
1 54329 26627 60259857
2 23909
1 6860 95667 993700282
2 55028
2 74442
2 97105
1 74396 96235 577429920
1 16205 98097 437235847
2 83407
1 23685 19359 932552447
1 40784 44803 89974498
2 54525
2 63219
2 30936
2 88285
1 32371 29205 451667057
2 85656
1 8042 47431 800517170
2 68568
1 46218 97126 858288028
1 16784 90775 97389611
2 93545
2 26277
1 20380 85406 132641387
2 22816
2 65301
2 92872
2 145
1 41690 65596 235619202
1 35480 3564 927681096
1 44924 63842 118918646
1 79571 41787 156525835
2 42948
2 97223
1 62780 85858 468714583
1 25719 39303 531018769
1 93190 70399 618619966
2 8038
2 74507
2 97347
2 19794
1 39362 45867 982608779
2 33572
1 12200 33262 265913285
1 79390 26008 406369650
2 93475
2 8259
2 73629
2 63158
2 35925
2 10880
1 75979 27532 765436242
2 90305
1 9106 13742 151703421
2 90861
1 10314 88298 401781516
2 97107
1 71365 37240 631537046
1 34490 95366 811932631
2 5693
1 48988 15431 249707027
1 23826 3643 734789049
2 2630
1 47750 96263 957207368
2 57763
2 69409
1 20385 19783 43378450
1 80277 37120 589513359
2 65534
1 44285 18964 421151376
2 83133
1 40850 21876 540241918
1 82511 41769 561294208
2 51755
2 44500
2 71351
2 54528
1 83839 19227 850836251
1 52341 52170 225718222
2 52866
2 34295
2 23310
1 30436 84014 760808485
2 99929
2 12293
1 6749 95169 199514851
1 76788 3399 949133311
2 49995
1 19243 20356 264004951
2 76095
2 85351
2 5393
1 42005 85838 452315864
2 20820
1 58016 65348 525301782
2 90564
1 84690 52374 389218634
2 2872
1 46215 62853 631841031
1 14422 193 898662048
1 74173 23492 338727705
1 95950 97061 466760530
2 98504
2 19887
2 24230
1 5168 64482 709589130
1 65436 18987 789744436
1 62809 84088 703206470
1 46670 2366 828971760
1 13768 74845 692094859
1 80935 71731 148934496
2 11052
1 17479 49745 700227103
1 5027 98514 307810803
1 34959 13896 24954740
2 84431
2 5461
2 20378
1 36412 5464 524191694
2 46161
2 13836
1 99039 36691 456064094
1 99697 998 804759233
2 74262
1 40986 66368 466783120
2 60375
2 66039
1 81270 7794 578504760
1 79946 95460 734065339
1 74417 86578 479888704
1 7613 67404 411687089
1 25289 2153 580301591
1 96115 34268 1087402
1 54954 99821 474244413
1 56957 73294 535685693
1 76183 10416 129237388
2 27105
1 21867 98118 271670893
2 22737
2 26566
2 74015
2 14988
1 35471 63112 665660721
1 69004 3825 278115916
1 51332 27132 449965819
2 49847
2 33070
2 22724
1 48291 2347 475111174
1 3427 64660 589700860
2 34491
1 56570 99749 23510724
1 53629 29008 310200464
1 36315 64756 497416360
2 97769
1 74221 60966 331024213
1 47218 29866 949186835
2 62177
2 99597
1 68291 97148 807223650
1 82005 40335 331355378
2 23093
1 42202 51387 777314014
2 25986
1 71736 54472 265537478
2 77270
1 1927 84183 772131321
2 60804
2 78436
2 83124
1 62103 68434 92496160
2 87544
2 53774
2 65856
2 9138
1 96419 34404 436836719
1 21392 39443 184509103
2 30469
2 84820
1 57866 62722 265353072
1 60105 15257 268703956
2 68657
2 54883
2 21518
1 64086 15544 314947183
2 44974
2 22829
1 98839 91529 893091652
2 59758
2 77081
1 72422 14511 371913898
1 34130 28684 284939479
2 73936
2 45019
2 6032
2 63056
1 85690 20113 318904009
2 15764
2 36056
1 43498 9108 532102319
2 34416
2 80069
1 51261 53502 759128168
2 12616
1 78064 91947 573295878
2 46169
2 26833
2 95398
1 26085 8222 590495365
1 25226 13005 469261731
2 78590
1 3822 73718 291161283
2 18659
1 97355 37216 365795651
1 69538 64415 144688531
1 24066 81366 563680359
1 76795 51991 406018189
1 29402 74092 541807313
1 8324 15609 399010215
1 71179 62673 178060801
2 83225
1 82485 26847 903453894
1 59327 50318 98206368
2 60808
2 89884
2 18206
1 63900 99548 492107305
2 67539
2 76020
1 9438 27998 937815498
2 78210
2 37624
2 71402
1 11138 85104 949324403
2 81442
2 54254
1 84527 91701 882828580
1 33998 84711 718903821
1 98514 9812 469984124
2 16728
2 57122
1 70060 23111 170661419
2 97020
1 37276 43018 340129360
2 79674
1 37783 45619 541063658
2 26712
2 73562
2 96329
2 83396
2 87696
1 17132 85007 164694001
2 24872
2 97551
2 66115
2 67613
2 76394
2 51610
1 9319 72908 256171465
1 27636 74248 650340332
2 87566
1 59673 36094 773472323
1 60213 81727 469593830
1 97654 14787 814245157
1 85777 43598 228015720
1 35138 65781 89700179
1 397 36692 872678630
2 26275
1 3766 64355 419512026
1 28762 13927 118812738
1 27023 55212 22885129
1 44924 2477 920129013
1 71052 48609 629942486
2 63313
1 33967 60001 626616726
2 25954
2 16754
1 8625 4500 504279460
2 35719
2 56138
2 59848
2 95542
2 18632
1 39143 99693 181507954
1 17334 77449 311307128
2 14409
2 80818
2 60971
1 42811 83826 632174319
2 27561
1 82453 40530 327437838
2 27377
1 31719 45308 214665350
1 72332 48983 702474766
1 80892 34238 966120556
2 4765
2 73310
1 30627 12145 928218523
1 65237 74304 200664844
1 48155 24920 220383221
1 32252 93411 977670451
2 33500
2 74238
2 69508
1 57380 56648 508407378
1 50679 21840 668295212
2 85374
2 73787
1 17585 33850 818464805
2 34230
2 519
1 73714 21035 680587207
1 94715 2276 926392204
2 61024
2 86123
1 85956 55252 900350654
1 28 12269 976205317
2 24143
2 27478
1 83794 68764 397761728
1 32712 75315 632433834
2 14550
2 33349
1 97176 63697 729188176
2 77370
1 57835 35300 962866950
2 63010
1 334 12224 844105758
2 61207
1 93375 76428 79652005
2 82749
1 60182 25352 965732558
2 23011
1 17565 2234 252074529
2 32089
2 77027
2 14903
1 67213 15145 854646480
2 60810
2 46967
1 19713 57813 857711553
2 17223
1 63260 71571 213486181
1 94982 58561 499694905
2 27916
2 57887
1 92164 41447 25057424
1 97160 57677 780565565
2 82496
2 97462
2 7100
1 72089 36312 412172782
2 60236
2 50391
2 11242
1 26588 1256 464540504
2 61595
2 22935
1 83651 59387 305835646
1 93320 35265 904072054
2 93345
2 15412
2 43464
2 23915
2 20539
2 59340
1 78239 54344 613466073
1 25842 42775 250900636
1 12772 85839 771296474
1 30478 55187 268399752
2 69026
2 81568
1 43880 4993 957457210
1 60126 64288 74243361
2 31940
1 84357 13683 267261716
1 10104 94063 880416235
2 86909
1 66777 709 406586476
2 32470
1 5624 36798 971055524
2 98640
2 52230
2 70953
1 46723 76200 669512247
2 4729
2 41589
1 22024 95045 70746042
2 36377
2 83704
2 30898
1 65195 79905 558881037
1 64814 36568 493563995
2 34169
1 41764 75092 419300778
2 68270
1 24793 93665 752112420
1 19369 31241 856423260
1 54122 37216 992458959
1 603 29967 136885278
1 73624 32296 916807174
2 74455
1 87662 2607 411191307
1 52868 16890 875979794
2 1874
2 73263
2 30899
2 20687
2 98318
1 28522 32103 677957559
1 9956 92175 567401492
2 6311
1 21455 66053 866336972
2 32742
2 44452
1 89013 67200 474401135
1 57769 66960 918408097
1 39139 77619 584233830
1 53352 96420 877678941
2 7153
1 84049 47010 63550406
1 94176 17064 161029139
1 67243 62880 54893171
1 38342 38663 878578697
2 39429
1 30056 58178 732313485
2 84830
2 78025
2 9395
1 48155 43336 937150185
2 43559
2 27238
1 42707 15963 730878276
1 35944 97676 93050308
1 65673 57890 567508793
1 52825 69477 787570707
2 58562
1 26250 23933 175424145
1 14310 16959 47183335
2 90808
1 89140 8228 183996525
1 38823 60580 619050509
2 99209
2 57435
1 10981 1501 338567144
2 78973
2 31210
2 55699
1 80337 22574 456241711
2 56514
2 24643
2 8773
2 11092
1 73419 41875 101696318
2 79646
1 17365 6836 340062345
1 23113 5985 585636664
1 44102 54555 165231198
2 99090
2 75733
1 62437 2413 843244611
1 63454 24849 691049920
2 92856
2 47187
1 15162 21158 924731607
1 95048 4410 972635154
1 13458 84298 712053337
1 52866 21731 407159606
1 4545 93549 979707015
2 20974
2 45274
2 74117
1 68251 38588 804012642
1 22170 58955 238690899
2 79339
1 99360 51521 161339863
2 37868
2 69332
1 85669 13388 327113807
1 29703 88947 250152504
1 7151 91135 319585659
1 99134 62410 894723739
2 70113
1 16429 15930 809033241
1 32164 74087 201837308
1 54061 48945 50483893
2 37318
2 52462
1 69763 10642 637869685
2 99369
2 95332
1 29228 96381 459167979
1 3498 24025 962117143
2 85232
1 61968 68844 675250567
2 11275
2 52983
1 87581 45803 990459481
1 45664 51613 521627598
2 80390
2 66248
1 55110 63630 332095312
1 34341 41231 370935108
2 86031
2 38948
2 60386
2 61462
2 42533
2 53270
1 64929 41334 936010923
2 73040
1 98149 42581 183948367
2 20383
2 69907
1 65151 5962 510582352
1 42248 13486 715266345
2 30929
1 93174 93922 475808959
1 53234 22437 596283517
2 4926
2 27898
1 68134 85816 490527509
2 27996
1 49312 23765 762655427
2 61928
1 24051 11772 658919358
2 61380
2 19599
1 68236 53439 637160167
1 37132 86375 52462630
2 10241
2 57788
2 60321
1 60651 70320 11460413
1 84507 52048 468947046
1 52722 77834 485737416
1 38489 63748 810960289
2 78344
2 19349
1 88033 93680 45317050
2 10734
1 12643 84104 414417835
2 20304
1 36668 36121 823754007
2 18932
2 91845
1 10896 81527 280905396
1 64153 95018 216667235
1 60903 61611 901569644
1 58783 34367 657185709
1 85453 59446 260167934
1 71547 51870 72678414
1 27316 78463 544568187
1 34404 29467 589459218
2 1204
2 57329
1 91973 75058 224516475
2 22646
2 94299
1 71198 16209 989111021
2 46107
1 75735 89522 628917462
1 22976 41222 189698560
2 57013
2 25143
1 22676 62076 514004928
2 2721
2 57171
1 92180 48787 950300569
2 18406
1 9883 57053 999018708
1 84874 27256 600315335
1 91429 26291 485156213
1 99066 47437 185711945
2 451
2 60318
1 75843 66542 764932509
1 41493 41637 643378072
2 36416
2 21578
1 96352 8065 232780651
1 95256 14434 849431089
1 43215 71509 864055680
2 3103
2 11004
2 79034
2 25322
2 46419
1 21492 67328 806171457
1 19065 66639 508337922
2 14454
2 79196
1 19705 36180 166901249
2 22742
1 61694 25401 78428454
2 97772
1 52646 91158 929168790
2 769
2 98769
2 73293
1 34205 85052 739431848
1 36030 19958 595399366
1 33504 68267 833404802
1 12431 25341 535110301
2 6154
1 4247 47747 796038422
1 81306 29170 541661090
2 30587
2 67297
1 26218 31173 603389119
1 52937 37305 553287422
2 34742
2 42948
2 22181
1 18031 21974 878750108
2 47152
1 98915 4694 844615608
2 43558
1 79083 46990 181024076
2 65668
1 35254 52614 183536042
1 46222 5728 211980278
1 58416 42616 372253593
1 1230 5661 800595407
1 57840 82582 522660835
2 68991
2 6216
1 77496 48724 477675444
1 68430 95645 443440505
1 68730 73 156616244
1 64991 46145 706778596
1 57882 52117 462405077
1 83579 99205 258249597
2 31205
1 88667 46069 490271305
1 28489 12362 33059298
1 24714 3686 545100242
2 4184
1 85232 58705 466717135
1 40633 69542 993561517
1 50325 68668 61591006
1 59532 71831 481521984
1 26260 7853 672263319
1 64922 77701 693964442
2 81036
1 96502 10951 461663962
1 93717 89126 78590182
2 61956
2 94237
1 64688 54216 895826469
2 27632
2 97713
1 70758 46852 154542028
2 10302
1 64635 41345 409253036
2 40239
1 12095 46661 765809678
2 984
2 88441
1 56518 4311 485897006
1 68163 82949 371385809
2 94142
2 80773
1 39622 61422 447749292
2 59302
2 38789
2 2364
2 41899
1 43138 58449 672069189
1 32278 64851 357905723
1 26290 54809 604276215
2 16918
2 95381
2 51286
1 818 31387 249825490
2 17147
2 72025
1 54072 96965 893895414
1 43372 2570 457340845
1 90456 21300 83294120
2 88312
2 70061
2 88654
1 15593 3084 745839900
2 13258
1 88173 65213 661231280
1 89427 25811 564655966
2 9707
2 29177
2 86638
1 55977 27058 482073035
1 87606 62438 626707975
2 41758
2 46297
1 33302 45780 58940595
2 80752
2 58339
2 64705
1 68001 70499 994729173
1 31152 53063 572881752
2 59170
2 63164
2 40820
2 75705
1 2944 53553 636244983
1 37362 12885 404831834
2 26949
2 67724
1 73799 89388 128649291
1 94243 62902 149891062
1 87994 80509 383763852
1 83990 98834 247202768
1 88080 39138 851582288
1 64285 61431 223570305
2 63457
2 4760
2 77669
1 96599 79950 683709241
2 22320
1 25838 31946 874752760
1 30724 66732 661649987
2 86796
1 91449 81239 840743772
2 23682
1 32159 16122 420420177
1 20166 57511 21599778
1 47513 50281 229146950
2 11177
1 20588 38746 138529601
2 67698
1 41151 23870 611921073
1 31422 98087 973635144
1 54184 17442 473152022
1 52853 28661 757057381
1 52602 87073 78647356
2 63396
2 85330
1 96891 30149 395927015
1 15604 17677 15991036
2 71097
2 62267
1 15530 93605 854576412
1 38452 78900 701310138
1 31965 98947 83669769
2 34377
1 60048 94685 413269486
1 64002 96838 384140933
1 32494 17394 51837424
1 13727 99124 113540577
1 36606 68818 515142918
2 36038
1 6262 11691 453284298
2 28399
1 80445 95854 543793997
1 6077 93889 817419316
1 23876 92372 707127959
2 35225
2 86826
2 21084
2 63829
1 65042 19005 485022942
2 39387
2 83433
2 92353
2 56400
2 89907
2 36171
2 44288
2 69629
1 16497 79239 71537284
1 56981 23731 964642267
2 48384
1 42061 90582 878409352
1 17055 64471 102117967
1 84103 93356 157618376
1 55751 22097 410469672
2 87404
1 90920 68032 749647046
1 8063 60786 925710144
1 21321 52211 310990485
2 55526
2 84174
2 27907
2 33294
2 8490
2 98167
2 48136
1 14675 62007 184719849
1 92570 75010 104245261
1 77291 20038 735710496
2 7807
1 96197 99883 788276886
2 14134
1 56152 3873 683380946
1 29373 78225 537042838
1 38031 98643 599097967
1 36317 77746 321058582
1 91564 73224 99214641
2 11630
2 8497
1 94903 58575 636846707
1 85337 9677 11187112
2 11850
1 73472 86437 48245867
1 15789 99771 527188453
1 55486 60465 529489409
2 3239
1 94679 81475 81117368
2 91857
1 51503 10226 967834371
2 13917
2 80048
1 99037 90839 483364827
2 4547
2 41288
2 86927
1 66087 48549 251238780
1 92020 60479 624075117
2 81035
1 20827 62994 612679505
1 45638 92413 800213508
2 68622
1 9422 27666 406386138
1 84425 71224 162898616
2 33930
2 17606
1 28434 82206 887565845
1 85494 91989 516976163
1 6977 62057 742927434
2 12469
2 83782
2 56272
2 97653
2 54632
1 61476 60806 222744744
1 56525 78899 98155216
2 95558
2 883
2 58115
2 92864
1 15888 46275 232233943
1 43721 23581 870732766
2 90111
1 87309 36108 13159092
2 67805
1 95075 17269 742969783
2 11711
2 11545
1 657 93312 927704888
2 5010
1 7447 34816 685274569
1 23552 17830 853814963
2 89041
2 81757
2 84689
1 78349 52567 209914885
1 38777 14366 897539158
1 32655 35816 128638354
2 5917
2 90932
1 72595 49125 785513503
2 20060
2 19075
1 6506 24905 341955089
1 16491 84712 926774362
1 47701 24057 587905256
2 70062
2 13386
2 44256
1 57365 77707 752336913
2 68584
1 3701 52722 742488813
2 31568
2 27687
1 34646 73770 582543398
2 12503
1 81497 7866 432445685
1 56480 49906 627802667
2 52031
2 26308
2 628
1 88968 56964 646813565
1 50272 59428 518837081
1 82001 55173 260487346
2 8843
2 8173
1 47315 9083 34665212
1 83633 63548 915500730
1 32925 27930 562081636
1 97793 86316 443427508
1 36833 6950 306135638
2 34707
2 83160
1 15891 94299 924132393
2 40982
2 45363
2 44132
2 81612
1 37467 86350 482514908
2 2032
2 37241
1 60722 41095 968905625
2 20334
1 93912 37386 885119765
2 39660
2 70229
2 32243
1 54234 69824 576837250
2 15060
1 44463 14222 792862309
2 57804
2 72858
2 41131
2 85460
1 73295 35325 726724563
1 8217 92188 64470175
2 60809
1 24844 23938 922628363
1 12729 84831 391532534
2 95271
1 94637 43931 308173171
1 59438 48166 788134277
1 49811 2562 809414307
1 36630 61835 529241101
2 82989
1 73496 22226 205927490
2 78956
2 29493
2 79340
1 58388 58366 79443801
2 20909
2 27365
1 64531 12945 14601108
2 12549
1 20337 95583 276408054
2 38531
1 53518 59944 890211546
2 73052
1 72228 35425 865819193
2 23618
2 35010
1 40294 78145 206241524
1 39503 4469 213606274
1 13589 98036 119839982
2 50955
1 93020 50441 271821429
2 77617
1 30767 46399 716965022
1 11793 25243 958797481
2 88832
1 7671 40057 639827683
1 71173 97925 456283120
2 29319
2 24975
1 44628 4969 938434101
1 27644 32365 83953207
2 76006
2 27806
2 27395
2 81971
2 87182
2 28038
1 50953 29378 906122355
1 81885 80183 283430191
2 31143
2 96941
2 91537
2 12877
1 99604 45211 88218314
2 33835
1 9815 61642 661701026
2 7552
1 99884 72213 340863226
2 51856
1 12702 249 973822278
2 68287
2 62068
1 21988 79903 254347245
2 67057
2 3111
1 90886 69369 770597422
1 92590 88558 288885034
2 80643
1 80803 76183 970561209
2 52167
2 95733
2 749
2 22262
2 86435
2 57227
2 51428
1 52943 16107 524808466
2 91150
1 20185 71946 255675683
2 18900
1 82260 98354 120409174
1 37287 557 707786706
2 28351
2 67048
2 61736
2 62486
2 41387
1 2470 4440 575743518
2 9352
1 22802 18289 649432328
1 84246 16785 283356318
2 49677
2 87082
2 13121
1 65511 22767 289510869
2 59591
2 66207
2 75204
2 9907
1 85481 3764 377693797
1 1584 18258 121064664
1 99883 16227 931229803
2 27303
1 80636 23404 370416174
2 48782
2 27894
2 52602
2 58774
1 42319 7442 398749037
2 62792
2 57794
1 91706 39909 510687216
2 29788
1 44012 30804 268384014
2 73935
1 54257 73478 364968789
1 12538 27793 300057149
2 62607
1 11171 61653 103836837
2 28959
1 92601 14582 194845605
1 75171 79263 80026445
2 18692
2 94030
1 88698 32515 920374876
2 88263
2 51752
2 47868
1 10295 50420 842398700
2 57410
1 66786 82736 25323396
1 18070 50702 602144008
1 35372 29297 176103232
1 35961 39140 245355791
1 39515 69154 832523981
2 12750
2 28493
1 20714 42859 10771478
2 53167
1 98760 12977 558513956
2 98251
2 23644
2 17173
1 33968 14336 60953830
1 84381 56552 499631156
2 37219
2 26152
2 30611
2 37433
2 20927
2 50592
2 87970
2 53937
2 33474
1 57856 45843 979899048
1 2300 79012 357616283
2 38770
2 9016
2 52652
2 78471
2 13331
2 84471
1 94275 23956 652672458
1 8491 88551 87503762
2 61945
1 50803 22777 973780630
2 51538
2 14586
1 37977 40380 969221486
2 27426
2 15301
2 73158
1 6492 49466 228318475
1 98752 56388 173086296
1 69953 69164 821336135
2 51261
2 66287
1 25273 31174 92536363
2 55817
1 391 71966 784012801
1 43228 20701 11748595
1 54276 90861 116516717
2 95386
2 58002
2 47899
2 20056
1 25091 37933 293004671
2 57211
2 78013
1 46424 79238 602500851
1 58192 75511 592297054
2 8444
2 10024
2 514
2 96834
2 90123
1 12815 30379 835474960
2 23055
1 50653 75125 710214494
2 32577
1 84466 36563 721068291
1 39365 40194 992506378
2 27638
1 66072 18493 867360450
2 97482
2 16262
1 13250 54404 506447803
2 93401
2 33980
2 26190
1 44866 68964 106119930
1 4158 72289 456712381
2 77925
1 67606 37193 878131697
2 4744
1 96028 50368 542825083
1 80768 52124 922701072
1 39940 52863 442501600
2 88570
1 45442 91176 608575130
2 64286
2 6057
2 21963
2 33481
1 95419 77180 122528517
2 18237
1 61503 26929 149048734
1 85213 91203 974138585
2 15499
2 78103
2 44038
2 88449
2 25857
1 56331 61831 370351781
2 53652
2 61111
1 64783 66196 766908149
1 51225 56905 593176856
1 92065 36489 838032369
2 68146
2 52199
2 27363
2 93048
1 4774 66125 686556318
2 48567
1 39399 43364 22015452
2 96519
1 25994 53129 303776565
2 21160
1 80122 82734 90710038
1 37247 15507 722626018
2 89188
1 19944 27675 295049578
1 99846 41529 604920044
2 60326
1 79280 36798 195153641
1 94156 99641 974659610
1 57059 47249 460876602
1 40385 46348 693430721
2 91966
1 89095 57266 527572379
2 6099
2 63359
2 41297
1 33845 73843 899318754
1 43291 52949 958283398
1 67297 5685 948796517
1 18766 52671 940257153
2 59026
2 80718
2 2723
2 55143
2 70628
1 97890 74080 598318233
2 13914
2 67446
2 98799
2 66110
2 91917
1 45971 37724 580683054
1 89279 95617 149096769
1 83992 32571 836362731
1 58596 96730 444554317
2 28520
1 87015 35126 952092803
2 47745
1 69535 60691 819130851
1 91717 98445 787741336
1 60783 93647 545534842
2 21874
2 93291
1 11197 10439 346916990
1 82927 22238 240334224
1 23556 23009 329126560
1 4294 21226 969068934
1 10794 41979 634073528
1 6892 5265 903035915
2 11214
1 85778 81773 646497159
1 18745 50290 541506275
1 50573 46860 107617555
1 96549 94749 310612441
1 266 69414 539050418
2 77749
1 95696 40981 859854529
2 21768
1 12429 62899 425746924
1 44242 92982 432809266
2 9428
1 75020 33706 333367151
2 12859
2 76278
2 24394
1 28935 77184 845824026
2 27455
2 34971
1 1122 79565 174418932
1 265 83144 527346835
1 79488 39879 969034334
1 54852 98092 589445065
1 54119 13012 353910082
1 38508 12627 492266388
1 75367 50609 669615337
1 56563 69911 361079828
1 71476 11600 479294582
1 45761 32210 737392995
1 20311 69184 367908546
2 70996
2 79326
1 62885 75063 547513263
1 20370 40368 977188935
1 31746 71159 941390616
1 90316 59572 825959056
1 72920 41132 377698852
2 52127
2 84899
1 6592 38208 10963544
2 46326
1 15009 38232 915834712
1 61663 74823 685015043
1 3994 70711 134073288
1 98240 40230 534741799
2 77819
1 57173 14689 488600063
1 29954 28221 879392349
1 86623 22071 842390997
1 48700 58664 941660465
1 40552 30195 664243748
2 47336
1 70967 66212 753472066
1 2355 61251 924599779
1 7851 39501 885281787
1 5865 15583 595842095
1 34160 26255 376500472
1 91918 38264 334679360
2 92297
2 68072
2 57955
2 42421
1 80027 54041 789924288
1 31665 22935 817741853
1 79621 52740 973427872
2 35539
2 59909
2 53780
1 65032 99247 966604219
2 41980
1 88437 25994 6429511
2 99867
1 65294 46577 669398576
2 73795
2 89144
2 9986
1 93560 81630 495456812
2 15950
1 94143 6364 254940716
1 79308 8900 862864922
1 66190 3107 431434540
1 43152 67177 242438240
1 39820 47721 548017679
1 36982 7598 2785624
2 49952
1 88568 57887 966955652
1 29148 19646 30466795
2 48665
2 6042
2 40154
2 96227
2 47137
2 2525
2 49404
2 65778
1 73806 96397 21875193
1 49068 44724 740701270
1 52053 29039 67322707
2 6647
1 56189 24087 558123493
2 33443
2 42180
2 63388
1 58911 59317 99191805
1 70535 43501 615942601
2 87355
1 69894 11405 775213977
1 6720 76982 788588875
1 71092 35577 670821531
2 77826
2 88538
1 63993 28997 367584779
2 7782
2 25021
1 70956 67049 321081835
2 95709
2 33245
1 49851 7642 962863352
1 17910 72740 4379742
1 8020 80500 545395701
1 49160 77193 768455849
1 36328 77557 906497389
2 78429
1 84765 70585 535432625
2 31149
1 74288 27692 40126502
1 21012 8414 584255556
1 72737 99352 47442618
2 73380
2 53545
2 6561
1 86385 76728 230095826
2 98070
2 82828
1 30941 33631 643644425
1 87088 38674 437077701
1 78137 98865 504333723
2 63043
1 59026 99262 222448829
1 23692 7540 812518395
1 33386 60866 953695933
2 60651
2 3673
1 5281 276 889873298
2 94348
1 73204 91096 478290069
1 93964 2420 232834501
2 62431
1 32510 85920 847122888
1 308 38720 70827708
1 496 71396 457821582
2 58261
2 230
2 36742
1 4241 5050 244085123
1 67538 67687 628801777
1 4932 57273 282319186
1 43528 65489 390057514
2 44147
2 70586
2 41564
1 24926 96440 488576080
2 3538
1 10688 88662 235252938
2 80478
1 13562 52632 183502582
1 81400 61003 32190325