3740 157699623
2 14095
2 87565
1 93563 38517 836044972
1 28595 87917 644462471
1 16084 72302 86438026
1 22652 59115 428603288
2 8368
1 26394 77747 259230466
2 62106
2 55295
2 97066
1 73002 51812 322454324
1 98580 26057 398312485
2 60355
1 87290 17170 16369199
1 84391 79921 677115925
1 22194 22619 754470974
2 14696
1 18914 49973 648730942
1 62213 96207 778464372
1 56965 88947 282439359
2 95113
1 65864 71293 6649054
1 35428 3995 896672549
2 18752
1 43357 54722 806816801
1 65542 49105 396545094
2 57968
2 38862
2 85345
1 92308 87530 186880610
2 78024
1 81649 85003 97284665
2 62561
1 53033 39797 232102946
2 45631
2 43400
1 3594 50208 585003863
2 62103
1 52204 28667 368019037
1 15943 50344 496210718
2 27491
2 30030
2 14476
1 75023 76293 204809741
1 59210 34753 550814209
2 78709
2 30387
1 72129 22216 47648400
1 92865 60013 566570913
1 64277 12826 105069586
2 21304
2 45537
1 13796 22945 335351032
2 7866
1 71565 66617 123522707
2 35835
1 55006 77936 814820784
1 97140 75405 859182762
1 19822 26423 987459948
2 14554
1 41531 93418 849478602
2 31133
1 42002 3973 346460349
2 28731
1 58522 16945 995652215
2 19493
1 3108 20519 832340015
1 35743 53281 390052136
1 40931 73836 538682564
2 18251
2 59329
2 57451
2 96254
2 4937
2 21795
1 9184 15962 310428519
2 22984
2 47863
2 38713
2 30651
1 34021 4629 895609195
2 78285
2 16629
1 51204 38509 872779927
1 43659 33391 264597604
2 10133
2 33164
2 3519
1 91086 94059 909242127
1 51118 14340 117704390
2 27602
1 43531 93601 516570064
2 50018
2 38873
2 38688
2 13308
1 50891 41305 550589913
1 83296 91215 359288591
1 10798 71365 897793010
2 7510
2 4003
1 71998 15815 414661113
1 77682 38495 19455777
2 64760
1 64182 70336 474794723
2 43188
2 59525
2 77240
1 64282 21559 733620669
2 30731
2 49139
1 79598 65068 281986664
1 26271 50714 395050850
1 99036 12763 763420660
2 37678
1 9751 53762 522935759
2 24227
2 20840
1 22817 33697 893852270
2 70877
1 61323 92212 930654087
1 3770 80845 826319511
1 77251 80926 516203886
2 37800
2 52591
2 8212
2 72370
1 33831 61354 300907917
1 45163 49072 150704612
1 19483 86811 656973944
1 54763 24290 430319782
1 57060 44386 817633898
1 16530 39183 5015693
2 81028
2 12087
2 24307
2 66805
1 31255 11522 679514086
1 30905 95399 537051336
1 74028 5696 521737109
1 77247 29502 146255802
1 24834 71851 614277313
2 13375
2 14401
2 98912
2 7343
2 35950
1 51217 73581 930038979
2 12661
2 4807
2 72699
1 70766 59192 796996175
1 47485 85281 829191290
2 46176
1 70465 36289 768503316
2 62857
1 51504 71892 745514844
2 57790
1 82531 95333 861711314
1 63967 26454 80233198
1 40440 11959 410447666
1 92880 68759 750574748
2 38399
2 72850
1 39423 8442 531874075
1 91953 6530 319345098
1 41989 10458 631099720
1 64432 17127 681826746
1 21580 95447 581401012
2 9370
1 95643 60306 969994457
1 79269 93255 430898583
1 20099 7820 25483184
1 84558 32119 655985902
1 22999 1968 355290025
1 34536 78562 24621843
1 4028 99878 574260652
1 83786 37240 601849404
2 62111
2 15580
2 93327
2 8799
2 90252
1 148 72672 895135481
2 72012
1 57749 78269 514824
2 48754
1 32255 63441 254268532
1 70711 18618 181838878
1 99905 56545 932918927
1 94529 11305 42796159
2 54134
2 1491
1 63950 83991 645134655
2 15091
2 96273
1 9493 81854 653428702
2 18979
2 15039
2 57956
2 47323
1 24062 41798 409469928
2 67967
2 54229
1 51056 2819 770440912
2 16337
2 60659
1 68347 82818 860783513
2 89551
1 46408 22718 481030271
1 47500 41466 764268714
1 94709 94038 575493791
1 12605 16270 131956906
1 95863 39367 2491774
1 515 44465 249689530
2 71558
1 50192 55982 890918613
2 23106
2 43790
1 35882 43946 996566605
2 73203
2 76960
2 21544
2 19412
2 91602
2 86746
2 13427
2 92541
2 88698
2 35552
1 30789 65001 404423760
1 3803 67771 579124708
2 21056
1 296 9752 916781492
1 84417 65778 70966150
1 9625 84542 861075002
2 16353
1 33542 80536 211158132
2 39153
1 2015 71328 82133881
2 73626
1 93965 12019 242886050
2 26869
1 49253 76870 950735270
1 49256 5298 419497621
2 53026
1 17978 34961 446287100
2 78866
1 73235 2819 715690213
1 7498 11553 807417793
1 88290 2939 385334797
1 868 20652 622074299
2 7733
1 13234 22041 207977397
2 9079
1 40375 87610 543814972
2 87924
1 20730 10810 411028695
1 75530 54756 461519972
1 16585 40911 783969850
1 31029 58744 735361602
1 99399 29108 469638234
2 25178
2 32706
2 66937
1 61739 99183 829568432
1 4200 50223 298455259
1 47748 90280 889625431
2 87533
1 31482 82439 576026797
1 9781 90360 162127545
1 54765 64189 798789289
2 40006
2 78745
1 29586 66423 56989655
1 27030 30239 82908206
2 26775
2 34979
2 13169
1 62481 72950 597300045
1 17543 38927 192797662
1 58798 46626 3302406
1 94850 36150 911189150
2 84098
2 30525
2 65931
1 12987 52270 684647707
2 53515
1 42111 37377 251783706
1 63021 96313 536568811
1 63381 2255 717106275
1 67325 64510 431844207
1 58767 8047 380198028
2 65413
1 13902 58905 712362884
1 26163 92410 450766912
1 44712 40550 184338002
2 15008
2 77407
2 91781
1 53218 50828 315792369
1 16862 83503 683520984
1 18305 33447 346955151
1 57521 56452 13747254
1 38147 72497 110807300
2 82949
1 96949 12233 497389371
1 80195 98650 838577649
2 34924
1 90972 70501 401345756
2 60438
2 65173
2 25305
1 77234 33537 186299301
2 43300
2 75958
2 93637
2 58358
2 33938
1 31196 76881 198566692
2 980
2 58090
1 34906 41126 83257742
1 16126 6638 468960160
2 60415
2 17006
2 93726
1 50912 80254 386822981
1 13967 59973 460614848
2 21934
2 46184
1 44803 70851 78895879
2 59060
2 61646
2 25979
2 83995
2 10810
1 85932 4094 250960510
2 45005
2 59010
2 36237
1 93214 85845 525355699
1 40928 49906 542614193
2 73354
2 54249
2 14333
1 73326 25329 476806828
2 48802
2 54181
1 6773 68205 136069220
1 38739 71855 55012934
1 27413 31571 856618155
2 93799
2 72012
1 33767 29719 300492125
1 82054 9856 173217877
1 45801 98017 684466195
1 8531 13446 278932082
1 20706 71592 2213292
2 85391
2 70085
2 73908
1 94661 34141 487291419
2 14962
2 14000
2 91054
1 67525 81215 401498966
1 26005 51654 690485563
1 23679 96272 641617942
1 20947 87732 642349348
2 28681
1 46282 18607 296707343
1 76214 71487 70642475
2 91412
1 98989 7247 720332938
1 42256 20713 547574950
1 61999 35436 9944087
1 67662 49105 877190549
2 78718
1 21135 11463 213075774
1 53337 75539 250814832
1 26898 20019 921951319
2 89392
1 7514 96243 756820577
2 91123
2 87421
2 43681
1 68683 47238 160420631
1 93596 40434 424297739
1 14140 97989 676970631
1 45959 98411 899862057
2 62814
1 78310 70405 122792312
1 3637 55138 469521626
2 91021
2 42666
1 2708 66149 869046736
1 93733 41318 767812583
1 43058 41850 775207677
2 33076
1 9236 93157 123936364
2 95377
1 27959 72611 570132342
2 59877
1 96996 65090 321791629
2 69707
1 15422 70280 599961718
1 83797 45711 653314869
1 61458 45581 750616761
1 16264 21830 260908037
1 80971 19664 390730124
1 72259 15275 941146262
1 27265 56623 437375696
1 52436 20479 221758013
2 99538
2 28086
1 46363 4940 363352137
1 20761 80388 261258829
2 59689
1 76244 21985 992332518
1 35028 68881 512543094
2 13977
1 26744 5006 597295162
1 67507 23040 769917901
1 18905 44695 363993919
1 2014 50963 705011348
2 86910
1 46489 97763 642708133
1 33598 44580 949557387
2 13858
2 91573
2 14166
1 50399 86156 897074350
2 99273
2 30607
2 26379
1 78244 12721 923708118
1 25817 14833 376600627
1 58314 72640 611372359
2 18489
2 29078
1 21970 92817 457193605
1 39758 93264 306458835
2 26025
2 23636
1 29301 32501 617678407
1 18423 34051 72574622
2 83289
2 2510
1 87278 15650 485466353
1 14364 78277 851436766
2 26855
1 54995 13612 34470901
1 90886 23427 359912044
2 45862
1 74234 96339 904470496
1 62262 28867 163782900
1 31502 19988 165269370
1 14092 8087 207506430
1 59520 66023 958062379
1 8548 93804 18182240
1 20508 22358 608010078
1 62830 31955 900608868
2 31967
1 86340 2147 623056767
2 48087
2 48372
1 97557 53278 924195853
2 18964
2 44861
1 79898 68766 208198637
1 77102 47780 491226452
1 33269 58437 198454373
1 52357 35298 352748464
1 66203 81505 889355526
2 52397
1 93581 29038 328294879
2 15721
2 46833
2 54021
2 9152
2 69889
1 76920 98286 424407685
1 27796 58163 507853154
2 36460
1 5271 49255 252767601
1 54056 73129 317905260
1 4159 90313 548534431
2 43936
1 68655 16503 913902545
2 82196
1 75593 27874 126737308
2 82209
1 91124 10050 594762982
2 900
2 5482
1 21339 54644 928501597
1 63765 29841 306952601
1 93516 23510 70077508
1 41253 76731 161203511
2 99341
1 15232 93451 740699919
1 91711 14645 242883860
1 76357 69574 804534609
1 51327 33242 599993819
2 21622
1 40640 80870 635144546
1 72258 49473 747432962
1 41323 4437 609508874
2 91155
2 64146
1 35155 50719 108096430
1 80057 9632 274968457
1 98019 3331 902831672
1 57981 35025 927747605
1 7 7582 975541707
1 34032 78884 706044005
2 6401
2 82822
2 59435
2 72635
1 20356 14276 395310921
2 10685
2 73416
1 62874 52607 703331609
1 82436 13948 816779743
2 10589
2 12418
2 19430
2 393
2 33701
2 63909
1 5903 44963 27083464
2 23587
2 56840
2 25809
2 26484
2 27046
2 32324
2 72320
1 92524 15552 330077382
1 20761 4511 959537182
1 67730 72214 206531225
2 71495
2 82996
1 32683 82579 281176279
1 47703 94879 644611262
2 72383
1 16066 91125 659040507
1 48133 29799 416613602
1 26033 26052 767865111
2 24752
2 70219
2 48396
1 57407 96148 197270101
2 90897
1 12593 65950 253246885
2 56932
1 68162 83602 793040708
2 10406
1 93814 66574 219933879
1 5640 97338 89150037
2 38673
1 26881 5433 132309821
2 75080
2 64697
1 42587 51335 673473443
1 9595 63821 316040723
1 51141 43504 65155097
2 21510
1 5988 50637 599581626
2 73542
1 31031 32053 987002892
2 68917
2 56983
1 1043 82494 744820080
2 31573
1 22536 70295 470226977
2 37253
2 2032
2 92396
1 4693 76654 808613376
1 15774 4574 888597848
1 78928 84343 689974439
2 52624
1 19289 24532 323784852
1 63394 35252 758802751
1 45604 77384 567713041
2 28360
1 2861 87374 227108230
2 2424
1 49679 71937 545808394
2 93955
2 84600
1 51790 44165 890686288
1 46746 89810 566011205
1 95766 67700 595750789
2 2507
2 40533
1 41760 25773 931886112
2 8835
1 36227 94233 957454965
2 21189
1 43075 36789 870436292
1 55196 70414 598498116
1 55289 52786 27304889
1 99092 24798 16173977
2 3870
2 13341
2 90408
1 59263 85056 821896714
1 17836 98281 37990556
2 34964
1 13765 61543 79757720
2 15365
1 85853 36605 370530219
2 29472
2 59931
2 86643
1 87915 46571 6242351
2 74023
1 16764 93671 930965833
2 95459
1 54020 8129 892812071
2 24044
2 70755
1 83848 33528 921877346
1 57611 61688 258725136
1 57603 58310 100576626
2 9994
1 28170 41205 376232111
1 18605 29816 655636378
2 57240
1 54801 79108 550526125
2 70511
1 67068 28217 237285152
2 25400
1 42728 98743 751344570
2 81468
2 87456
2 79475
1 90382 33371 180708987
1 75204 14913 151568426
2 3611
1 70018 70478 254556624
1 45442 72433 541726449
2 24036
1 76069 32528 700912012
2 95071
1 42622 581 177446330
1 56257 80919 841775017
2 23085
2 88479
1 92552 43590 324337112
1 97387 3995 992883285
1 99509 36033 81113225
2 95517
2 52946
1 75726 66325 212602473
1 24085 73331 278834122
1 55473 89671 524362362
1 47749 33706 412338787
1 71349 39331 854743786
1 43823 28554 561574704
2 6219
1 36847 88630 59199375
2 9816
1 25280 5736 657060044
2 87277
2 90743
2 4226
1 42168 49366 7666158
2 15216
2 58009
1 80828 34635 893317738
1 52687 97230 304990789
2 58715
1 3595 66330 925680034
2 15988
2 64084
2 53817
1 46734 9547 190401904
2 58747
1 76596 82245 709039410
2 96766
2 23774
2 38145
2 39049
1 51692 66459 256591440
1 17666 22166 716526973
2 59901
1 36947 92932 951765426
2 99886
1 74921 97195 822642187
1 46131 89057 551103369
1 55646 92000 414952184
1 97429 9032 436086325
1 70195 3252 331674575
1 94251 29533 741142737
2 34361
2 725
2 41505
1 24966 37557 502028896
2 73096
1 35890 37898 531367897
1 95437 37034 377431923
1 59194 26812 483673114
1 36548 43432 351523578
2 21755
2 53586
2 44741
1 31111 95915 99297528
1 10506 41028 676019688
1 43927 28019 51559709
1 48591 89393 844269154
2 31815
2 67640
1 42925 45117 629142423
2 78511
1 69706 62109 589509468
2 51612
1 56268 17093 172685999
1 34119 32864 876534958
2 75922
1 19734 84468 934540150
2 14658
2 6729
1 48130 42123 274189478
1 20223 11250 270695536
1 86259 90503 611020053
2 47647
2 28652
2 14750
2 73589
2 20534
2 88145
1 42238 28882 509133683
1 11399 37988 442566631
1 46240 58650 542286873
2 69499
1 72230 30336 804234209
2 93047
1 69010 34041 655540213
2 92976
1 36054 84050 55156719
1 56613 2519 615295587
2 99572
1 86562 94870 86915223
1 15989 43005 160450621
2 45606
2 80049
1 67863 94577 134354115
2 41825
1 65434 23697 996695492
1 21986 26586 637766174
2 32959
2 23498
2 53648
2 84721
1 24460 53706 659000485
2 70951
1 54498 61364 649581787
1 92765 39783 203278368
1 43997 4413 618315482
1 12800 91514 872560335
2 8545
2 54282
2 57417
2 32083
2 66106
2 55933
2 84771
1 17408 18111 104886368
2 12388
2 55380
2 34889
1 24283 98069 156056407
2 2802
2 53791
1 75855 5463 512203425
2 2885
2 93501
1 75719 74422 243756854
1 50270 8423 42806234
2 56006
1 76522 98093 305026248
1 75774 37024 842773443
2 31599
1 88867 90303 28573593
1 5346 42979 59807190
1 81728 22572 631459474
2 47970
1 81765 13313 384751368
1 61544 24676 580808367
1 62408 25658 550547655
1 45292 58302 58912390
2 69781
2 59426
1 43805 35564 119224587
1 10142 60242 17392379
1 72087 29281 466630398
1 73628 4837 741417294
2 86467
1 11404 43754 380003883
2 54594
2 56332
1 40483 31464 716488214
1 28470 48186 901920273
1 9246 71442 684819182
1 40470 57986 170522196
2 45845
2 19576
2 82755
1 47843 63209 266507496
2 23003
2 48869
2 17074
2 56995
2 37728
2 22581
2 18465
1 59949 68828 898617199
1 26868 22280 834678569
1 22110 75350 630037622
1 36524 11465 348221908
1 44461 92924 908635787
1 12653 7788 631564109
1 45311 84073 44393099
2 63608
2 29945
2 17223
1 53305 91731 674858268
2 43033
2 55775
2 84050
1 97130 10087 611669360
2 2311
1 3495 90436 905578453
2 11408
1 25801 1255 658536614
2 18271
2 40281
1 85703 54263 795921093
1 66972 40494 56076214
1 47691 49291 252245526
2 72750
1 9208 87394 187551718
2 30258
2 77712
2 51905
2 86473
1 92568 45364 528077174
1 27370 15675 239884833
1 98952 96596 885448509
1 60697 57434 432423578
2 32092
2 22829
1 17742 52917 398862248
2 39509
1 2773 8204 936204358
1 66295 74786 392251138
1 7333 41394 53358959
2 31456
2 53125
1 77122 57033 990476287
1 14048 14299 875961909
1 94203 78023 479201682
1 96529 26150 555557592
2 91236
2 63238
2 3835
1 35578 88057 999549855
2 11354
2 31174
1 10125 95000 312493488
1 64507 37792 375235277
2 80993
1 25996 12793 773741595
2 1456
1 13613 55788 681093948
1 80235 35530 505285836
2 87624
2 49499
1 3128 39338 886221587
1 96120 76139 251107765
1 71209 62134 286700613
1 59676 20347 678048117
1 91195 78015 957689870
2 90229
1 43580 1793 370415069
2 50413
1 9256 36737 250067618
2 51481
1 27139 48301 949840442
1 81692 42815 467320691
2 52850
1 89412 9364 221694793
1 45125 39690 952330307
1 52238 99102 643856650
2 72423
1 88709 82484 337645484
1 12840 78176 303905947
1 44494 95365 961111159
1 32235 39843 698278532
1 34335 43070 318283073
2 7789
1 42315 58153 687669238
1 93190 41782 411764468
1 47533 9201 425496639
2 48131
1 14436 33987 270921759
2 18168
2 49298
2 68205
1 50390 79587 831748279
2 74921
1 39292 35552 370945485
1 10908 61891 55046215
2 6773
1 5290 359 369408785
2 2323
2 87937
2 16942
2 30352
1 9087 43984 158860483
1 67280 35466 366054007
2 31148
2 14369
2 54017
2 9596
2 15205
1 32241 17385 286407412
2 59456
1 7572 2536 913854244
2 26830
2 17957
1 11920 90209 41208063
2 95331
1 56319 65615 78107650
1 9203 34876 127362996
1 4331 91897 901819699
1 79412 73397 443720691
1 70105 91220 609593970
1 72897 49321 812085826
2 73841
2 71083
2 21054
1 76241 4288 665482217
1 96069 94141 56796039
1 8464 54830 643780429
2 95934
1 98054 73962 653879342
2 4108
1 47253 31722 143616265
2 35870
1 39965 88519 519396399
1 47616 65238 960901727
2 15552
1 63251 41265 450907811
1 17984 18419 621512809
1 95829 25382 47118654
2 80021
1 33470 78951 543298900
1 79886 84858 399492310
2 30274
1 93009 89652 237066494
2 73293
1 47702 57679 379429697
1 26002 30086 567426542
1 92761 73386 176697921
2 97284
1 64783 72567 247906869
1 13538 47430 201495520
2 51495
1 35896 67524 238799591
1 17132 68545 250034831
2 14510
2 19516
1 30188 66204 826683242
1 24975 29283 38058402
1 36362 31855 1533437
1 31815 34057 171236494
1 5608 91960 648950258
2 12619
2 3871
2 73688
1 45269 22566 120060835
1 95270 20805 206289912
1 82495 9857 384368171
1 6143 36436 343014195
2 16689
1 413 11653 789081875
1 23549 1748 758014542
1 91980 52126 677969139
2 4709
1 90805 22157 29705432
1 11502 82604 5777424
2 21899
2 65705
2 26388
1 65988 19618 487457727
2 11732
1 28928 36606 917382167
2 17242
2 58277
2 38631
2 1217
1 30370 82557 40542454
1 10918 80983 957924191
1 58962 10955 272405706
2 55955
2 9862
2 83419
2 94966
1 87542 26049 149775362
2 65479
1 22168 76069 642532569
1 45628 8984 57947620
1 18799 17946 467352098
1 28972 23687 416368381
2 25899
2 83169
2 4536
2 28047
1 3419 43739 823207065
2 33682
1 49653 90036 7900890
2 51171
2 91378
1 34351 99225 41991451
2 60781
1 13534 82010 56011971
2 68731
1 46179 9397 658758900
1 62032 66061 147236142
2 61611
1 76726 77086 42123046
1 41979 11928 341374764
2 33303
2 84982
1 13735 11055 710091201
2 84770
2 63760
1 88445 77218 640885761
1 66678 91834 730340265
2 72397
2 88109
2 48636
2 15004
2 56855
1 48135 96961 156239691
2 15268
2 63096
2 3808
1 10247 92379 972403978
1 24163 23323 52539284
1 89153 24282 766553504
2 5299
2 43699
1 92183 91502 799299730
2 41953
2 45720
1 78168 62953 309766258
1 94385 22810 107996838
1 31263 17983 191944640
2 46539
1 55219 60491 867897423
1 33079 80408 853897893
2 63083
2 23180
2 72788
2 58982
2 92773
2 70475
2 34972
2 76176
1 8887 28849 507405069
2 59636
2 54565
2 9871
1 43726 4875 445171589
2 49190
1 14040 16385 284363273
2 31101
2 85376
2 95438
1 88243 57938 677829658
1 14551 36838 498087456
2 28475
2 92905
1 67313 88550 893889015
1 56841 33802 83084208
2 52611
2 9023
1 1307 23763 908374498
1 26755 43225 12012576
1 50470 21074 925804709
1 10322 1922 494226158
2 29498
2 96623
1 22040 83551 266840679
2 53499
1 55326 973 829397202
2 64142
1 54220 19580 259460261
1 74599 41947 545081008
1 87185 98422 796780893
2 20127
2 99210
1 48669 8054 929796036
2 66614
1 79470 82021 87558151
2 23899
1 6185 2841 916306071
2 6049
1 85560 52304 912501149
1 31368 69638 832487602
2 13214
2 35221
1 96870 30100 91271436
2 11063
2 86496
2 54293
2 15331
1 13103 2303 454449010
2 61752
2 85218
2 58809
2 21383
1 74107 7636 716103266
2 17626
2 85289
1 44460 24343 417544817
2 95840
2 73234
1 19692 77183 31210454
1 93711 7372 211646021
2 53513
2 50046
2 46477
1 74740 8083 593693248
2 38114
2 80797
1 81506 11110 984848034
1 69927 43584 764499590
1 15881 4089 365125882
1 56820 62287 52531904
1 16022 90469 225295684
1 67783 58768 40731633
1 96670 82509 810643002
1 57246 25912 694913865
2 51400
1 35685 6917 606877716
1 77645 58442 147597000
2 75001
2 54861
1 71416 58505 934331647
1 55703 2203 606024105
1 57468 50094 317301206
2 61652
1 63040 39220 621069051
2 14072
1 39641 91283 765574975
2 45847
1 43531 97976 745057522
1 14490 29648 701687996
1 32306 6615 559161535
1 99612 83954 415767440
2 67594
1 1717 80999 106427882
2 21815
2 55996
2 42650
1 72045 80187 641039142
1 10558 97145 632369429
1 12865 25349 366119524
2 76757
1 55711 386 375168843
1 70388 6340 109738634
2 74101
1 42782 94500 695578115
2 11786
1 42233 26743 297793746
1 20819 87974 778264720
1 45378 64795 540395782
1 49495 87504 804764479
2 58530
1 8528 43008 996890869
1 70957 35319 476626216
2 91941
2 37189
1 54747 92828 391588472
2 53259
2 23359
2 55833
1 29028 59363 545325044
2 6838
1 96781 56559 870056555
1 70962 41679 370849866
2 7560
2 47202
2 74020
1 68567 24455 577494774
1 54158 2267 284788809
2 47534
1 94243 96921 245907261
2 74990
1 615 32229 758121869
2 17448
2 68628
2 59177
1 32582 10437 433647823
2 56354
1 64582 60428 277560375
2 46557
2 39880
2 22833
1 5203 18612 171196381
2 69344
1 38082 5815 655561701
1 5240 59196 692757946
2 64837
2 89692
2 22131
2 17920
2 77580
2 38416
2 23696
1 32132 75322 905801345
1 15730 72548 610365254
1 49705 65700 642753597
2 66086
1 53012 3469 710454521
2 24252
2 48576
2 45660
1 22035 54476 654318670
1 16912 59234 781418782
2 56796
1 45081 69777 63326258
2 39642
2 34269
1 39729 9188 262967459
1 81959 72460 914809950
2 5711
1 79268 15239 151623430
1 4986 88882 889327653
1 20732 20320 450894003
1 70660 41853 398458075
2 13450
1 97519 91498 34466352
1 87533 89668 299848823
1 26644 67966 63319590
1 3687 39907 592919855
2 15994
2 50722
2 47025
2 5410
2 25681
2 85080
1 871 91404 835316034
2 75820
1 36230 82532 201455482
1 22931 53808 830560594
1 55437 26442 249447984
2 72793
2 66966
2 93134
2 69495
2 30901
2 84368
1 88981 52807 440235930
2 63612
1 3613 33583 992391966
2 88907
2 39620
1 23584 86276 95082444
2 63445
2 5956
2 43359
2 98745
1 64609 11797 674603408
2 56761
2 4757
2 42436
1 19017 46831 98177030
2 88879
1 88071 99178 871281684
2 35016
2 93836
2 36656
1 12265 27571 218124447
2 68275
2 15174
2 96393
1 13855 61859 576492432
2 36608
2 19347
1 25588 5715 647561371
1 30632 64781 953105328
1 87558 27360 44325107
2 21328
1 99303 50251 17234324
2 76140
2 8702
2 72111
2 75660
1 25862 86391 293309577
1 23661 122 743184163
1 2289 65638 766292289
1 80569 88135 874371857
1 47128 87899 444607620
1 9110 92782 964546685
1 34479 20871 94598675
1 55825 14127 335148570
1 17831 175 244753889
2 87501
2 8914
1 49414 97458 625205776
1 9580 83871 134205098
1 14167 94846 911818724
2 69967
1 42046 57939 451037556
2 13623
1 22479 75716 842531624
1 65738 26139 226392726
2 84358
1 7382 87996 440000017
1 80587 82167 835553936
1 2450 8711 410833006
1 43650 14660 841711348
2 72936
1 9312 96760 456684315
2 76865
1 87640 31285 107689840
2 37601
1 12569 75171 671251876
2 53718
1 70226 97269 521084902
2 35734
2 15133
2 77238
2 15576
1 27087 64814 782213928
2 40006
2 28158
2 2181
2 70716
1 95511 55218 915982825
2 94089
1 79655 78397 21713148
1 32556 72840 586263296
1 1604 682 332084454
2 59660
2 79986
2 9001
2 92268
1 72062 93315 690717669
2 22598
2 78876
2 26016
1 14946 58524 94994710
2 37805
1 56679 2893 12821747
2 99387
2 49411
1 15084 95944 441644730
2 40441
1 24347 28105 48319370
2 69409
1 68569 62979 733291170
1 45911 45920 470531081
2 16565
2 99569
2 87077
1 9393 99895 545602180
2 89535
2 50149
1 93908 43474 577860605
2 97896
2 17683
1 36477 16184 432021856
2 7379
2 95334
1 65769 11889 999896028
2 97216
1 48974 85598 249554153
1 646 86939 287621512
2 25586
1 28183 79890 648099749
2 30219
1 80073 50425 556529069
1 54556 74203 577228522
2 17037
1 51436 2833 173090108
2 71679
1 22231 32812 398238968
1 62169 9405 196177327
1 78958 75372 651868818
2 43367
2 59895
1 56038 48818 8315648
2 83210
2 24931
2 1521
1 7005 34159 28165667
1 7190 60976 393430337
2 77589
1 19172 53895 626729673
2 60831
2 58116
1 93090 38973 669615833
1 88903 54824 509477585
2 54770
1 16957 58650 553770818
2 29086
2 3434
1 7643 93803 710263182
1 66596 7415 54310005
1 34411 62692 172510887
2 58769
1 4543 6776 927091643
1 16101 77170 393915924
2 30136
2 73010
1 31797 56378 77767152
1 45678 12833 541100122
2 22000
1 77880 34753 369513714
1 64400 92966 118187165
1 11261 51018 779186696
1 68248 50005 837916143
2 12770
2 94550
1 76510 76929 161824593
2 29843
2 54271
1 31498 92076 685078058
1 71619 39714 360444682
2 12478
1 89407 84344 596910924
2 17673
1 31009 29862 248404765
1 83313 55665 180247859
1 93945 28129 728660898
2 77638
1 149 8792 903184831
2 70386
2 48347
2 99380
2 18413
2 27229
2 3886
2 481
1 54905 63033 213983442
1 98730 20931 316524305
2 16268
1 53515 63539 466465581
1 33762 87222 836179528
2 66529
1 3163 29169 384195464
2 80294
1 71190 6929 267454574
2 20080
2 91611
1 9269 89376 571931455
2 55975
2 701
2 43660
1 72249 13566 227206820
2 85383
2 10365
1 90146 45384 745298539
2 64845
1 47294 20633 393940649
1 94925 9827 557377778
1 49054 82191 794833610
2 35277
2 38772
2 84568
1 84788 38956 111129822
2 32514
2 64141
2 13914
2 84386
1 27352 55002 744622449
1 7367 10418 847906894
2 93817
1 20195 80481 884132485
2 60761
2 12579
2 75917
2 16637
1 66834 3779 32219406
2 38498
1 10655 45473 180263701
2 65388
2 75861
1 74947 59755 262027911
1 69577 58768 118348890
2 43025
2 31471
1 63801 64183 199925025
2 79759
1 18457 83991 461772876
1 17057 52828 856766263
2 76558
2 26808
1 39102 64730 422930220
2 26883
1 48528 55377 883661314
1 37620 46609 565555062
1 64641 65416 831144092
1 2803 93245 576792968
2 39373
1 95 92012 837447775
2 23714
2 69867
1 12308 86609 749068357
2 25418
2 32913
2 17983
2 9036
2 41888
1 52514 59989 742241455
1 24821 47779 765687960
2 39450
1 22354 40673 43522269
2 94041
1 56796 49579 288899225
1 28165 57422 664788844
2 46370
2 52855
1 31941 44156 701970575
2 31274
2 61364
1 17926 48275 574574542
2 48985
2 97583
2 81336
2 39290
1 24 21117 498271967
1 35150 3430 420369081
1 77254 52331 632663100
2 17342
1 93298 138 821728183
1 44385 36448 96666580
2 50271
1 1466 76572 889311774
2 45740
2 26646
1 30789 25949 198842498
2 63512
1 48541 68720 410796903
1 16910 99511 371400075
2 89937
2 1845
1 69443 26449 180883477
2 45578
1 60731 26228 912805927
1 27194 18313 415086899
2 22971
2 10462
1 28264 4374 676653852
2 22697
1 86070 40463 505833752
2 14802
1 94660 9981 503068401
2 29174
1 58125 42583 489572429
2 64547
2 46868
2 11013
1 5388 44575 529398163
2 2041
1 35434 14264 39262509
2 82996
1 49598 85475 166537572
1 66150 35380 758762399
2 11152
1 74455 39125 696354934
2 44570
2 6008
2 25953
2 76774
1 54398 42799 473274033
2 9911
2 21670
1 17812 66399 775096249
1 91177 19872 145796927
1 21703 3974 82407757
1 72518 24963 154610187
1 83367 72742 21579501
1 9248 98022 728682145
2 35401
1 53905 51896 909989156
2 52015
1 53529 25812 35892825
2 80754
2 55073
2 35348
2 64961
1 26881 95808 587584175
2 6125
2 37413
1 68277 42631 539277640
1 81972 56169 764965764
2 76320
2 21680
1 96997 44140 307678037
1 96418 57705 60931677
1 59291 440 440873742
1 72120 85408 647629369
2 78837
2 26494
1 41788 90287 136532986
1 69593 45888 55558277
2 74199
1 26963 63870 566909217
2 26023
2 45426
1 45222 38683 736623414
1 5658 37739 478767217
2 41628
2 76084
2 34218
2 61669
1 98748 91742 986817868
2 42962
1 44331 19328 78924040
1 39782 84739 640701652
2 80756
2 74678
2 4227
1 55731 47885 149348922
2 9172
2 78054
1 11154 50920 708462448
2 36111
2 78639
2 44431
1 2971 75119 210410683
1 42512 14806 337661659
2 42030
2 76057
1 61595 22349 920280628
2 80051
1 72747 84529 367800802
2 13977
1 87963 6854 222981450
1 3162 49388 385489073
2 2778
2 67215
2 42297
1 96738 70763 897792387
2 43385
1 9255 22816 284324743
2 31537
1 17699 5969 667230447
2 60102
2 66775
1 57502 85176 251045774
2 23036
1 43851 88379 525677516
2 45717
2 70103
1 59764 23962 97607105
2 28044
2 93706
1 57205 66172 596747445
1 79728 73100 410937221
2 97342
1 79966 56866 837784396
1 39406 52119 402043921
2 19419
1 16293 91115 740629127
1 23632 14694 306265048
1 48884 77424 973663671
2 70781
1 52974 18713 76570156
2 94652
1 37974 16928 558795471
1 55119 7636 219880254
1 42358 84457 2842935
2 22420
2 31694
1 8646 87445 272032447
2 11800
2 12809
2 4779
2 8618
2 22483
2 20369
1 11816 1703 145081819
2 72524
2 87166
2 2221
1 71940 85812 405180230
2 80981
2 40893
1 95011 62046 535023540
1 95209 54586 239442706
2 92993
1 94332 72573 809135221
2 3929
2 15395
2 10720
2 75443
2 1628
2 38700
1 96440 43364 432998398
2 94479
1 33020 89733 261370858
2 24957
2 3076
2 36422
2 22608
1 23994 34536 418063930
2 24880
2 20218
2 53358
1 5406 44443 580884645
1 16521 10984 622268096
2 55194
1 90222 2801 689817135
1 5887 4909 943611984
1 25390 6922 497735933
1 7739 27864 697335649
2 12610
2 3032
2 39289
2 4254
2 794
2 89447
1 94983 10627 224889479
1 81099 24516 402091892
2 73855
2 8195
2 610
2 47984
1 29072 83863 963486841
2 75067
1 80401 88987 922307768
1 26157 92476 207706677
2 19375
1 93834 52936 593734719
2 97441
1 7956 67279 728353568
2 41172
1 79282 68606 326242428
2 82272
1 31023 25677 454103522
1 38443 23221 521088258
1 11777 25546 23717319
1 87932 25086 228156739
2 99930
2 65136
1 18240 56088 775628562
2 43657
2 58433
2 25660
2 8583
1 99127 50539 89168200
2 41874
1 25990 40452 218538001
2 49444
1 56638 26971 611184972
1 3260 94503 550102876
1 33489 58907 455018444
1 50911 32479 526183408
1 45754 96837 789292945
1 2575 60750 614118875
1 27019 33395 848471769
1 41229 87040 340491990
2 52999
1 58731 29702 80407776
1 98731 8452 155403746
2 88670
2 73442
2 95632
1 24361 1609 511729326
1 10304 830 962442062
1 83923 99737 97566746
2 91859
2 92816
2 22368
2 6715
2 5067
1 38493 53456 603182277
1 38587 218 739429129
2 44791
1 56977 51443 365783505
1 42902 14639 380276690
1 70413 11209 761372534
2 88137
1 12008 35708 357565916
1 73126 71503 832379249
2 28155
2 93737
1 70674 95085 992931787
2 74705
1 2930 76162 861756571
2 90234
1 89799 3206 891116968
1 81100 50053 136821684
2 93840
2 85952
1 78769 33483 232423736
2 57768
2 788
2 83546
2 96670
1 18238 93964 937586934
2 8063
1 12360 35143 59923792
2 79615
1 71691 4884 960211388
2 94189
2 17505
1 93462 56897 176182010
1 32981 70713 486817416
2 41034
2 83477
1 24192 65967 306646386
1 66075 15257 902068646
1 32767 53446 6770307
1 67590 3731 327610920
1 54369 35130 18413133
1 28549 75515 822602205
2 34381
2 83859
1 74789 57304 133713218
1 33356 84250 655073460
1 8564 78337 111171996
1 51082 87376 385147126
2 88152
1 33281 17799 871150687
2 5582
1 77343 98625 230780823
2 49230
2 61591
2 59953
2 67796
2 49792
2 80556
2 6334
2 96571
2 67247
1 79431 28883 269625457
1 17853 41187 942144334
1 45954 55374 11122468
2 53174
2 26496
1 10787 80378 722034455
2 14832
1 57879 75235 812163147
2 75976
2 77043
2 93086
2 36374
2 82723
2 13014
1 21138 78285 448599219
2 98564
2 1592
2 69932
2 36500
1 95618 50793 387664947
2 34219
1 53267 90643 674611175
2 59940
2 28119
1 80251 12751 783111964
1 54049 58773 822525973
2 60365
1 47238 42486 112700767
1 45685 24454 916433124
1 74303 94260 929534647
1 8085 26709 120047790
2 30035
2 3654
2 75725
2 80381
1 30938 34291 899598588
1 42294 20640 977392577
1 72092 46017 624841145
2 5948
2 42092
2 19593
1 24464 51639 753340240
2 57115
2 89895
2 8621
2 15319
2 67288
2 90972
2 8150
2 83081
1 91295 65305 874444227
1 13452 39921 567187791
2 73030
2 89252
2 71843
1 39305 74239 167351131
2 42088
2 18425
1 53233 89855 690840844
2 69923
2 67548
2 31257
2 73966
1 60766 70296 898583002
2 44387
1 56279 12851 804913390
1 42845 59441 685022871
2 82746
1 40930 76995 692231050
1 35655 91511 85140634
1 72147 83641 537428507
1 78827 59585 961649563
2 92857
2 23040
2 99099
1 73693 9313 841459031
2 16414
2 18633
1 26936 23166 140761046
2 48563
1 52854 52759 209572617
2 64935
2 80994
1 15915 67147 263795932
2 17824
2 92542
2 22548
1 74602 59689 448539616
1 12550 17401 534950969
2 63595
2 18698
1 5180 96878 56370755
1 72186 79080 237067805
1 95043 86620 926361277
1 19958 14990 360106549
1 69991 12878 178391298
2 97910
2 78516
1 77802 48630 129414333
1 359 20576 290176125
1 23259 77894 385383212
2 75609
2 20813
1 81639 47166 186682836
2 15219
2 85761
2 28533
1 26586 45428 671285421
2 19646
2 92732
1 43863 85407 692496326
1 221 43322 717616682
1 76999 29393 57775713
1 92685 44774 845599428
1 27759 28215 325065986
1 61428 62238 748120037
1 79091 17286 686993552
2 75159
2 65428
2 83384
2 42582
1 28036 90987 160278767
2 84985
2 21950
1 7831 95314 999507820
1 15933 28791 472456798
2 50074
1 51750 57669 634979942
1 12164 92831 688413236
2 79547
1 45921 86742 161626515
1 62564 21464 516557498
1 38782 45543 4351817
1 76486 21084 535160066
2 68596
1 66671 73320 352793999
2 48738
1 33262 8114 841459337
2 93638
2 87239
1 9906 34557 438472183
2 30756
2 45028
2 55125
2 90884
2 39718
2 23551
2 52580
1 57174 96268 222809192
1 66726 45951 825789866
1 22151 84160 266963167
1 62159 81615 417473601
1 14834 61035 221710103
1 17045 45086 368698555
1 77864 42561 23895025
2 34882
2 68650
1 35908 5703 838272604
2 82877
1 66694 58782 175173121
1 47754 76741 269339274
1 48986 85789 935309535
2 69698
1 66686 53095 630677630
1 4806 67318 568733994
1 93213 86518 257342496
1 33181 56305 868533476
1 77466 90913 202678089
2 81230
2 72937
2 29081
2 5107
2 78394
1 37761 73958 191775217
1 18355 24293 10029492
1 97512 96326 676709762
1 22345 56219 250051958
1 16373 19041 123645622
1 87969 60815 835535930
1 91438 74982 129327082
2 20013
1 16028 86947 835030467
2 38515
1 88203 65753 376713373
2 20218
2 64292
2 49735
2 83796
2 11854
2 23978
2 84046
1 61375 5364 499377339
1 86900 18908 500465541
2 56002
2 54994
1 14613 81577 632502804
2 95088
2 90484
2 7581
1 64210 29105 659647028
2 96113
2 14041
2 18830
1 99255 84514 467165961
2 80753
2 44108
2 60858
2 47484
2 57067
2 48079
1 87681 23302 917750332
1 24360 80006 386349920
2 53875
2 74342
2 57433
2 62904
2 70530
1 47060 43431 958150227
2 52849
1 46630 21949 711457396
1 74892 18178 548835931
1 85963 36655 536355914
1 40477 55421 423439719
1 81155 41283 228893618
2 49255
1 34848 15925 202896993
2 518
1 7254 64957 265846538
1 52144 94559 804955040
2 29466
1 45883 89577 403948604
1 40476 85918 240887440
2 95017
1 1979 95875 874096985
2 80806
1 8360 51962 827231282
1 96920 59704 520185233
2 99964
2 6782
1 63147 91987 577048085
1 2572 72529 675145830
2 55966
1 16915 16640 719954874
1 58096 26051 722941620
2 91226
2 90253
2 71509
2 92976
1 65466 26220 398071751
1 95466 78599 28550023
1 52744 39754 158932264
2 92356
1 38010 69730 902539806
2 76173
1 72660 50863 7395960
2 82885
2 51534
2 25147
1 75214 7974 960300975
2 91686
1 65299 61981 934615561
1 69306 56834 221748588
2 85246
1 34797 22714 876830183
1 3932 94527 916175098
1 37111 11934 339170369
1 53220 8269 111892328
1 68576 72588 178162165
1 50440 72632 190384741
2 77628
2 94242
2 29750
1 28939 45694 842816542
2 1965
2 82804
2 54224
2 82157
2 73991
1 68982 82631 2282094
1 89502 69028 642065399
2 95969
2 15470
1 14537 95348 10396104
2 55921
1 13737 33515 105110587
2 99060
1 45487 21201 97744517
1 58727 43812 871335853
2 47701
2 14929
2 75122
1 65251 66243 712644692
2 26794
2 64694
2 15933
1 9057 71080 637816215
1 31299 48160 796892511
1 51778 30984 759315571
2 44616
1 68286 77431 109855794
2 21303
2 69294
2 98263
1 68063 78235 681930341
1 71314 86844 201614939
1 1204 36692 937545288
2 5880
2 54489
1 24856 88813 315729561
1 36547 84503 581773032
2 96300
1 42679 78293 361016974
2 88238
2 64979
2 15654
1 47443 97539 581198087
1 96874 24507 3147768
2 20737
2 19122
1 16324 72142 444639548
2 61581
2 12307
1 16364 45129 534341076
2 63850
2 55130
1 5988 9441 620576409
1 35680 59910 659566756
1 8167 10106 956340508
2 34194
1 91370 43738 24907205
2 92986
2 1580
2 92915
1 42993 44957 173184456
2 75070
2 13600
2 5685
2 24966
1 81636 55145 684078851
1 228 48683 315654277
1 26020 93273 791211664
1 12041 23020 755436985
1 5886 47596 114073219
2 74353
2 55496
1 9595 19699 505823342
2 9447
1 82963 51337 337420222
1 7536 97784 473432778
2 8237
2 89205
2 90216
1 41991 11384 310667377
2 14842
2 95673
1 69044 54174 625587522
2 83966
2 31255
2 3157
2 53239
2 63722
1 69500 98755 209388374
1 48038 613 816828647
2 76717
1 25164 58650 41974211
1 88375 99724 30275900
2 6348
2 3369
2 32075
2 41991
2 28460
2 87291
1 67439 8471 353610884
2 81794
2 59535
1 10018 39034 631699840
2 53214
2 19648
2 58511
1 37617 70641 336505051
1 91457 51100 139528868
1 79451 75969 747069935
2 2257
2 98660
2 89670
2 31246
1 63399 66553 558706465
2 57864
2 6663
2 3444
1 16374 53344 798750168
2 53625
2 38352
1 65151 75156 628115554
2 4079
2 59649
1 60306 41582 416755320
1 16872 57598 681534003
2 53438
1 98399 67446 475625628
2 61007
1 90515 68717 195353695
1 54960 12844 424577028
1 24017 23311 773944044
1 36497 89867 966115941
2 63387
1 15056 42578 439742189
2 49577
1 20433 6007 513791399
2 75047
1 71788 87700 717386356
1 91382 20853 207939433
2 88992
1 70270 60175 60893946
1 83030 59293 582268187
1 72720 22688 834430146
2 45405
2 91152
1 94554 16486 628203971
2 66564
2 25696
2 93314
2 33299
2 10961
2 48751
1 86520 61786 776166553
2 6167
1 71023 80695 888196079
1 96663 2442 327983020
2 60778
2 83372
2 39159
2 45852
2 18612
1 54948 22557 932555937
2 98154
2 92069
2 20126
2 6510
1 87479 95534 743301608
1 28099 91447 162270856
1 74729 40368 704131521
1 40256 20175 497991780
2 51352
1 76992 43086 740944547
1 79709 13979 750929730
1 90015 53576 199179976
2 87790
2 2999
2 5521
2 84466
1 61757 19685 875247316
1 2071 10258 891895898
1 56010 82920 272191815
2 58814
2 73248
2 83731
1 66048 9648 875435508
1 27300 69599 312645549
2 72498
2 76804
2 55497
1 43818 3939 786326434
1 22849 94113 556597099
2 15256
1 57304 36083 838704263
1 64239 53606 203221853
1 36966 46879 358794307
1 82784 89309 676414883
1 92010 91954 574050042
1 11737 91608 979095373
2 70245
2 93404
2 39268
2 35715
1 72177 2118 821572589
1 29694 23181 964124613
1 60491 6799 517761077
1 89376 28076 758650363
1 32467 50892 486676133
1 65968 35692 724684946
2 36693
2 18518
1 95749 33342 530119584
2 69958
2 52494
1 81887 41405 686275073
1 31384 85985 626249059
2 86699
2 41364
2 82341
2 67787
1 44211 41198 532397387
1 50931 56013 993465953
1 49260 87795 951170166
1 84576 83426 808895843
2 49284
1 91447 57762 425702964
1 37203 1326 110802035
2 39401
2 43426
2 22361
2 83868
2 5807
1 68361 62935 238319755
1 55450 75213 770454795
1 96703 91588 188008673
2 89213
2 78496
2 80325
1 51639 1047 653069153
2 66523
1 41044 19412 172465136
1 87651 52251 623430586
1 33036 64151 359861317
1 40242 1994 301860938
1 84657 9512 913192068
1 86630 55977 38947223
2 97577
1 65224 27685 415849673
2 20358
1 13127 11432 476642252
1 17294 94654 693405674
2 73430
2 24090
2 9488
2 46527
1 61820 50283 792492889
2 77462
2 45530
1 82903 24341 889304451
1 31150 43640 837728043
2 3350
2 26127
1 56043 5712 359306312
1 58158 58657 949208038
1 92850 711 510307885
1 93743 20696 204817781
1 67759 80984 480196964
1 61678 31424 313474217
2 28317
2 19112
2 95594
2 5035
1 66732 48059 138080744
1 89812 48054 21636775
1 43033 63724 131227683
2 61930
1 10165 72573 262390279
1 9244 54191 555261302
1 12605 92932 955159648
1 37882 2640 490070314
1 9660 38174 405267587
2 62716
1 81717 47874 672153429
1 44889 52025 200209920
1 37125 49572 113490404
2 78849
2 82992
1 3422 96648 355226344
1 56530 21165 644266019
1 49860 80049 519467887
1 46960 96201 110472637
2 21848
1 19753 77607 757529015
2 62698
2 20386
2 90193
1 58046 91081 183707569
2 70881
1 65228 78824 190845257
2 24662
1 27141 28719 519282689
1 54592 72528 235491654
2 4439
1 11164 8918 756661791
2 60861
1 33548 13560 357291224
2 77165
1 64926 31395 991610858
2 35729
1 35030 59646 502127936
1 57844 97092 354984052
2 92091
1 51910 18872 388460660
2 25072
2 24225
1 93442 32487 309590275
1 48993 42422 802964377
2 44672
1 54891 89474 240261659
1 73569 79509 488178794
1 39819 73887 769243566
2 30909
1 73618 80404 115200212
2 85956
1 32994 2520 752346841
1 26760 64566 957996703
2 15306
1 47088 11635 249792157
1 49759 20150 212650142
2 95347
2 89742
1 78375 88118 15000626
2 83210
2 99538
2 3435
2 31804
1 5706 41333 294528229
2 909
2 17709
1 10596 35311 124296652
2 15578
1 37857 71299 329246206
1 82640 2227 185329180
2 45190
1 63425 19655 355388877
2 15389
2 52283
1 32151 67613 992207661
1 61870 75037 806970501
2 25496
1 88147 50718 196649141
2 39140
1 59591 82234 992706082
2 30581
2 85238
1 65080 31491 328262385
1 68367 14885 246781547
2 6694
1 11472 63101 890288292
2 62035
2 24946
1 49786 38629 376753749
1 34028 30516 167413303
1 25295 26827 413885569
2 86611
1 12081 66784 472708223
2 45631
2 4488
1 40434 9087 312810824
2 40766
1 35677 47678 619904694
1 99744 18680 26135349
2 53793
2 7269
2 60873
2 86150
1 36211 12225 112022877
2 54095
1 33602 85336 197706531
1 87073 42947 488928443
2 76756
1 52561 76461 36154341
2 82835
2 2600
2 80386
2 24644
1 67664 15058 282712049
2 46556
2 39219
2 7277
2 78852
2 60248
2 99754
2 76808
2 26272
2 16389
1 53827 35601 545952255
1 71652 52145 53696941
2 48108
2 92765
2 3092
1 82964 54542 369429934
1 88234 20159 696990635
2 46005
1 53083 52804 700030900
1 21187 58951 98170187
2 4918
1 34998 96727 703819484
1 13849 22716 899593074
1 98111 17439 651412322
1 46796 67775 571732020
1 30835 2648 945194952
2 16588
2 77354
1 68468 32206 215478175
2 95544
1 38930 4508 540622660
2 64267
1 95818 30063 684186815
2 67308
2 30712
1 72871 87225 127124554
1 85383 94254 889298891
2 88800
2 98496
1 11141 15238 683813200
1 6842 23317 178584364
1 24402 93107 823033739
1 32490 21480 793427373
1 87627 17560 162302837
2 56044
2 54322
1 56958 72786 398674783
1 87815 56183 711487682
2 58716
2 28482
1 68724 31584 494220832
1 85368 61208 967449135
2 18723
1 4870 52510 147558831
1 24691 31171 752760781
2 79312
1 19136 26082 299247959
2 80622
2 82335
1 2375 71338 34226687
1 46172 39364 550495742
2 45045
2 56275
2 86300
2 45078
2 38421
1 88001 11348 675125641
1 97051 90202 578412200
1 4046 17097 293501833
1 67221 52296 417776864
1 75058 10299 225002551
2 78227
1 85129 9191 933601453
1 88448 92886 994504840
2 22280
2 78586
2 64555
1 22434 65823 950707753
2 72582
2 55680
2 8357
2 33719
1 15514 5563 458528495
2 44337
2 36912
1 37230 60805 929440456
2 59830
1 64151 48239 438430531
2 83490
1 21323 92567 356751233
2 75378
1 56712 84117 437922397
2 20735
2 42098
1 47492 86850 660173568
2 12065
1 76200 58506 868940577
1 1146 68374 866128885
2 66092
1 14176 34817 994827141
2 76017
1 94305 62095 212752731
1 19226 72796 164710377
2 70219
2 23219
1 4845 62324 191303393
2 7160
1 18863 89886 409164094
1 78152 26811 186385300
1 38623 57527 360398398
2 69078
2 68058
2 3947
1 1792 89331 427963490
2 27378
2 13265
2 57498
1 40028 57409 769581990
1 72849 10694 92849397
2 45695
1 76456 93086 106238700
1 80797 17097 383983100
2 73217
2 39352
2 99828
1 47538 92558 926754184
2 49250
1 14126 70948 728318002
1 91126 4052 29945111
2 64072
1 74175 67891 439369610
1 20253 35191 281199765
2 47758
1 66755 5246 400297599
1 52483 46571 115375472
1 54985 44420 907737585
2 25800
2 71819
1 61728 47010 869903053
2 50953
2 83465
1 36332 80373 966879125
1 89010 24970 352976967
2 88342
2 50560
1 87381 87032 382981261
1 57092 56050 970299751
1 50672 49276 199691909
1 13509 11523 827578911
1 81942 7375 379317410
1 38759 81609 617348029
2 56936
1 25676 87632 701547637
1 22733 11697 892077908
1 74309 11238 235145221
2 99421
1 33994 31572 709115017
1 52824 55567 807018038
1 60193 38549 323696720
1 72090 42998 839309810
1 39386 41242 858744111
2 56277
1 99479 36571 890670112
1 26813 79790 804161865
2 39036
2 51286
2 68826
2 77638
2 69812
2 25819
2 85173
2 8710
1 15747 32419 258949311
2 77532
2 87955
1 53467 80502 684245606
2 98218
1 40517 40802 631092088
1 90703 34722 464164533
2 15345
1 48478 88356 733469085
2 10098
2 28207
1 28682 83348 138150188
1 12900 40896 735604602
1 52833 37705 846816896
1 45923 24240 207369711
2 8332
2 91800
2 51334
2 93616
2 28034
2 96123
2 4326
2 28915
2 24858
2 19361
1 41313 22987 983708829
1 13168 83963 672780791
2 58578
2 32405
1 29879 83419 566841168
2 48229
2 20491
2 52881
1 18998 98471 792553250
1 4447 63727 76865467
1 25246 1468 519101592
1 28279 80036 370623869
2 16562
1 2996 5119 81690495
2 30649
2 75055
2 39955
2 95367
2 19458
1 43781 11699 546287528
1 82076 31726 557964995
2 60828
2 54147
2 33153
2 95991
2 41996
1 58210 34907 637923036
2 89284
2 12803
1 26704 61637 137704072
1 45623 44893 874454699
1 35908 23981 886182843
2 14796
1 2390 47567 536735487
2 19216
2 61955
2 96011
1 39856 35175 617703373
1 25278 66260 730652281
1 15684 22381 401409645
1 57809 31396 746302636
1 49616 92602 960662520
2 74883
2 45123
2 45527
1 20440 22816 680028845
1 23381 19892 363048828
2 27136
1 69252 35174 544253099
1 21069 87616 614508186
1 87412 78411 70241459
1 26071 53448 591809995
2 61287
1 31384 46506 548175304
1 75757 96225 852316075
1 17636 65752 448329694
1 24742 9821 449829907
2 50462
1 29103 43939 264441630
2 49298
2 30427
1 25272 67610 193976188
2 50477
2 77136
2 80698
1 66486 36699 691729796
1 40673 70086 396292211
2 24243
1 80355 35371 77872815
1 76867 89313 744770338
1 90205 87921 952817353
2 68267
1 70080 21811 660948066
1 53829 8909 445826135
2 60462
1 96074 75218 987134060
1 5776 23225 194241236
2 80841
2 22635
2 10094
2 75226
2 52454
1 34527 37735 388155898
2 25634
1 16057 62835 892624625
1 72883 13450 772108075
2 88966
2 76695
2 51801
2 38992
2 53617
1 13554 20310 529839918
1 63887 82689 908328600
2 94377
2 11538
1 29170 51481 79804958
1 19165 33054 28432426
1 10902 93869 364991796
2 25188
2 24814
1 72661 38826 872296207
2 99271
1 49558 34479 753761445
1 55630 86527 705379000
2 63749
1 29308 26278 151058700
2 30404
1 66638 45016 516392466
1 81510 8407 246611301
2 66684
1 44203 16543 916769022
1 83371 89292 989747138
2 60557
2 86715
2 53399
1 38269 7548 959277275
1 71121 54804 357250389
1 96569 55688 44649036
1 57834 7656 891031273
1 65845 86511 119352524
2 69356
2 14035
2 65543
1 43427 26418 521912124
1 32385 56389 233025657
2 23117
2 95701
1 54282 41235 676536908
2 7654
1 8789 18877 295404899
2 17145
2 88900
1 77837 31269 728812771
1 14499 79641 216797822
1 81460 17224 489013410
2 71636
2 1521
2 14944
2 56784
2 34341
2 40550
1 33628 58540 546048502
1 24730 1225 607976366
2 33972
1 85839 92286 706257463
2 19882
1 53090 19805 308770942
1 62015 87670 613799887
2 64849
1 23798 78554 381524571
2 31893
1 48163 2773 887393809
1 23882 62463 282082294
1 86608 28682 522321768
1 43721 1733 809184409
1 81533 64285 933125777
2 26191
1 71137 33238 435438588
2 74303
1 21052 88875 134935895
1 90984 41536 720592989
1 97676 85281 358880276
1 44148 8384 835266718
1 81847 5976 461792921
2 68971
1 14436 98333 605212617
2 1870
1 63843 5379 629937651
1 77897 93952 300038274
1 30131 26175 172686446
1 48565 13750 814738334
1 73254 72291 241783503
1 94060 33208 415898975
2 41903
2 14134
2 69587
1 24242 80994 42523316
1 98765 64315 326177580
2 40505
1 5395 85329 755649375
2 92819
1 66541 46026 757461854
2 25646
2 47303
2 70494
2 74288
2 17026
1 69915 40368 279559461
2 14083
2 78883
1 76449 86757 66332771
2 12655
1 66101 57908 229134384
1 52159 31545 907037097
2 53336
1 46912 63068 667871924
2 74922
2 52072
2 63942
2 67124
1 54449 38986 829832805
1 54042 18432 837820803
1 69855 68494 773315850
2 63495
1 27895 83523 81399453
1 25345 4674 528668080
1 62171 46336 234935110
1 96431 80259 382093963
2 74062
2 32490
1 28135 65724 42597851
2 47437
1 8187 32506 11893518
1 26579 69738 419110034
2 65408
2 54530
2 97668
2 81624
2 37435
2 5984
1 53633 67092 413459255
1 92533 78493 501667389
1 50869 17746 354992222
2 34433
2 53808
1 94647 89353 644046915
2 72998
1 15503 84108 169203514
2 52154
2 15208
1 69004 51739 96449518
2 69999
2 85039
2 28792
1 40580 18139 701822604
1 33911 33397 545283952
1 6398 83941 642818370
1 13979 86826 591082569
2 26601
2 50481
1 51729 12639 536070995
1 24099 83907 840727378
1 79178 83193 915515706
2 39320
1 41328 66122 733411420
1 67108 43706 435971355
2 25044
1 82500 54889 100794053
2 61802
2 52858
1 38599 87003 948027850
1 73123 45073 120546838
1 36626 29328 179487514
2 32654
1 83722 88522 801670800
1 56197 8738 321170601
2 41560
2 24441
1 64190 73176 760133589
2 88706
1 79205 61321 412785542
1 87977 98627 109648849
2 43572
1 39359 76669 9779963
2 75297
2 80357
2 23187
1 6159 55800 50377992
2 53692
1 52591 64901 222615899
2 19124
2 39687
2 10951
1 50268 69883 206793857
1 91923 22739 684711975
2 4514
1 6491 85856 214621491
2 6474
1 1345 12406 929555585
1 75969 51439 188147605
2 52580
1 76978 80485 636467678
1 74327 84273 499094324
1 54762 61024 387983837
2 48340
2 85005
1 67309 69322 23312854
1 6427 21163 549555093
1 36612 28202 451011032
1 20010 39004 466038646
1 42639 28182 399729631
2 34189
2 54105
1 57923 22920 829903205
1 2144 42655 828551092
2 25563
2 30199
2 24100
1 50124 59765 357506413
1 26359 25542 82090549
2 66334
1 82101 32581 19259216
1 95827 76863 390656033
1 25178 64658 948307671
2 22513
2 79604
2 36370
2 12600
2 6387
2 11341
2 98394
2 94794
1 47173 2219 168976370
1 50206 19660 367134781
1 30190 66108 458643669
2 91710
2 37698
1 67905 46047 933166279
2 26731
2 31691
1 5732 13837 790083889
1 67628 51091 392477964
2 74469
1 59099 70381 841918834
1 28018 71190 916600277
1 8646 91540 587105938
2 52837
1 83015 13913 588829162
1 46422 9090 250287458
2 39641
2 11994
1 23866 75872 413503595
1 67829 93695 676081352
2 39172
2 57621
2 17917
1 68081 2453 673289968
1 84984 70075 420354004
1 67951 3864 143625174
2 90040
2 18718
2 16769
2 54440
2 87586
2 78306
1 97819 37353 372565603
2 83713
1 12685 97455 677635395
1 16556 8513 295398206
1 61696 85533 775388854
2 59835
2 64231
1 59773 37808 955539530
2 88938
1 92094 76557 214934012
1 75681 46914 475311715
1 68501 65455 896009737
1 2131 77619 508134166
2 7736
2 5153
1 55358 93657 151797564
1 44278 30425 565653215
1 81544 79815 445783587
2 53886
1 50176 28056 956317381
1 47816 23877 12780968
1 24817 31937 288518717
2 22972
1 14695 24636 963948615
1 59649 5817 837088541
1 87927 96094 682105917
2 99574
2 72976
2 68045
1 54515 51199 357810591
2 75062
1 42382 59798 202463792
2 38626
2 68112
2 6114
1 88016 61311 500710613
2 71051
1 78683 13292 203967120
1 80927 78930 230327493
2 96937
2 49720
2 16546
1 10636 18350 636375433
1 20384 91556 689559817
2 95653
2 98908
2 98765
2 86717
2 64034
1 38817 92731 367513995
2 27111
1 84102 84207 732673935
1 94702 28187 987169464
1 62847 16077 527562469
1 73015 57301 758513094
1 62180 25349 134326621
2 79283
2 46087
2 96484
2 8937
1 40549 65255 784844599
2 80404
2 73245
1 14876 82217 247809689
1 18329 44573 882668897
1 47282 32479 827305149
2 84992
1 95351 5580 498279227
2 86794
1 70750 8007 781477768
1 78641 62011 575119286
2 56019
1 87854 68322 378876032
1 35675 25807 841927599
2 10531
1 48241 36881 973876594
1 44636 19700 670027157
2 88212
1 55471 45378 306198822
2 60936
1 51329 35646 520887151
2 31221
2 74043
1 21353 95863 451974723
2 59871
1 59408 57876 9652587
2 10479
2 64874
2 25828
1 40607 37803 62378008
1 66250 77231 719438794
2 43194
2 8248
1 227 10763 150323673
2 43992
2 27305
1 78758 2381 721349361
2 6116
2 53357
2 52055
1 1995 97466 117019433
1 66617 34653 957056230
1 54831 88447 915484841
1 34023 48319 137407665
1 19700 83873 535067922
2 90387
2 72344
2 91553
1 62331 12602 93401814
1 71905 76267 169237914
1 96403 81204 581792259
2 4905
1 15462 5631 889229462
2 26495
1 64347 16413 208498322
1 92220 76033 885809284
1 3852 81084 643313361
1 66624 61583 753178603
1 43540 47913 92109229
2 80991
1 8580 41908 93611431
2 28615
1 51741 84980 882652450
1 97445 23312 262826293
1 1826 86628 641920119
2 89355
1 53620 40032 239155887
1 40623 83985 182485672
2 97432
2 48256
2 6653
2 93884
2 25685
1 34014 36446 863558936
1 18421 56392 86911995
1 58282 55676 475824987
1 78319 71 287894174
2 88523
2 73049
2 26562
1 98250 6732 605062284
1 74365 34916 244278932
2 24304
2 22370
2 75401
1 44816 8528 841441729
1 72921 78542 842305737
2 8401
2 10703
1 60330 31352 747422701
1 47290 13409 955210768
1 38481 55654 684441333
2 9303
1 83183 58638 180840920
1 32089 6123 202382554
2 79006
1 62597 86264 581862476
2 35649
2 71607
2 50949
2 20970
2 55280
2 63335
2 77348
1 63530 14889 339641382
2 50469
2 68148
1 55858 84129 526230564
1 12436 74726 289790787
1 86017 1327 827014980
2 73636
1 17034 38230 266757239
1 96144 3226 214393091
1 14926 72704 952051034
2 13982
1 80409 63751 35698818
1 26675 98523 719765956
2 79935
2 23902
1 48438 20598 886640292
1 52817 1584 17109375
2 13919
2 80270
1 2984 18109 49777146
2 68173
1 94330 20265 617150521
2 56309
1 80651 3408 977059013
1 18323 66713 11938629
1 26849 7361 872564470
1 42037 63692 765249426
1 61274 60804 667238667
2 29172
1 22685 44405 265641992
1 11252 7252 974603887
2 59220
2 96166
2 12962
1 34002 65132 892291658
2 79620
1 93011 91272 755222783
1 26632 27487 381752187
1 98484 34244 10646743
1 45385 35869 891986627
2 6436
1 12785 42056 302420771
2 65168
2 64211
1 55918 44714 681539937
1 58926 10486 658425836
2 49180
1 22994 55855 887602225
2 70550
1 39595 87776 69829994
1 48814 34688 466826748
2 31961
2 81839
1 60020 98081 291949514
2 51839
2 80742
1 89010 37587 210436593
1 79068 39656 381509590
2 95506
1 25301 10930 578348896
2 68562
1 47775 2676 291926383
1 3870 36925 110725100
2 12511
1 12762 69128 877079486
2 5641
2 3152
1 929 88216 446624644
2 10519
1 14352 14180 141207792
1 7640 7252 656970411
2 84872
2 89186
2 47757
2 50570
1 39843 3272 893101949
2 86009
2 9425
1 8081 68775 380716510
1 79127 31101 668219931
2 79737
1 76971 16926 365788628
1 79592 92496 676879383
2 26824
1 39858 85109 530827841
2 10052
2 30571
1 56269 88655 93680536
2 28595
1 38060 14573 452302538
1 9209 40311 182779710
2 99597
2 8236
1 63653 75895 890167652
1 53021 27075 147438177
2 29473
1 57034 5628 768891377
1 54680 31405 176498535
1 19798 40969 209683836
1 27506 96145 966737696
1 32879 89387 856850083
1 71420 3589 427040834
2 70123
1 48479 75984 653911841
2 22735
2 6693
2 90343
1 48466 71648 912341621
1 34518 44519 813610273
1 22877 73412 749806292
2 36350
1 515 14020 796662278
1 48270 4001 219470781
2 59300
2 19761
1 71043 14452 347965675
2 49322
1 71367 29427 476740312
1 79261 77079 23165681
2 7227
2 4358
1 80596 48815 38096613
2 87365
1 82958 60277 173354433
2 78608
2 16815
1 895 24125 239489873
1 72426 36792 471106590
2 48903
2 73497
2 54754
2 90358
2 5849
1 34823 8735 758133649
1 62944 39344 967934226
1 77652 87073 104859299
2 30959
1 79817 53171 268291973
1 44175 52244 469063159
2 24016
1 57095 24900 287616647
2 66085
2 58885
1 18891 90142 692760096
2 36170
2 65188
1 45794 27895 498486903
1 23467 69790 13410818
2 26245
2 78825
1 32641 11663 194667454
2 99957
2 25738
1 39091 34425 131329889
1 69610 67857 172000488
1 65702 92554 330844651
2 72482
1 13947 92371 854817357
1 28806 83345 634301229
2 52354
2 57157
1 80756 56154 721007438
1 63225 10729 263958657
2 74083
2 80684
1 17339 26958 669628485
1 22447 4826 592426194
1 28559 51794 501039700
1 32629 70117 255954872
2 10871
2 37683
1 98762 48156 501647225
1 71995 41081 876177442
2 94886
1 28394 89105 18682632
1 63456 97080 836351153
1 31168 28846 719608261
1 30499 1437 961558825
2 14544
1 72173 70394 774813400
2 96047
2 17335
1 32774 58450 136707796
1 40873 56645 560062128
1 12677 88863 458523474
1 36307 92090 984915696
2 94525
2 61465
1 86771 32200 691934909
2 22339
2 64404
2 61908
2 48956
2 38791
2 4661
1 55261 20492 969157340
2 42343
1 7783 62635 987282358
2 8618
2 86957
2 82223
2 89416
2 62806
2 86475
2 42365
1 57871 57326 670590558
1 77031 75230 36910448
1 28638 94149 856023647
1 30989 84479 964005007
1 73948 13669 937423427
1 91210 37129 983199197
2 83580
1 684 75963 999195369
1 28518 42327 314730087
2 11485
2 86999
1 39953 67086 750941796
1 19466 80281 365401049
1 18641 91638 450496722
1 29946 89192 921715927
2 28453
1 74324 27881 948961607
1 16823 82170 218220808
2 62305
1 28732 77279 278923350
2 71286
1 33297 82462 51098739
2 70257
2 95406
1 60597 13813 315030879
1 44016 76365 649794903
2 23821
2 8693
2 50876
1 57949 93957 340503477
2 90581
2 78888
1 97311 10970 481202389
1 7468 76756 754195623
2 78929
1 41719 21568 686241015
1 71271 73007 773164046
1 31014 58702 335023454
1 75143 21062 427458178
2 92920
2 22395
2 46014
1 8533 69011 372884041
1 99328 14808 220642596
1 74233 88499 899541141
2 42117
1 42116 87218 261861698
2 77858
1 73919 79900 923449169
1 4020 62915 945193492
2 18991
2 37513
2 36073
2 83744
2 94267
1 53453 64182 533222716
1 46343 38155 757000379
1 7481 98818 736358984
2 95400
2 54328
2 69418
1 59010 77430 124976130
2 94385
1 31318 43123 261889990
1 45073 12659 781275073
2 77740
1 19597 29987 783521287
2 36003
2 45611
1 69733 99894 482172942
1 54371 82253 99250526
1 51488 85779 453099054
2 91504
1 77055 12254 840939180
1 59519 92772 113712757
1 21780 45115 250901274
1 56572 96631 546014427
2 20885
1 35889 83034 839903308
2 71783
1 16645 89870 207878648
2 17926
2 43167
2 31966
1 35865 62725 960713781
1 67309 62744 420433768
2 39924
1 942 51858 90263905
2 61494
2 55345
2 88928
2 93294
1 10752 55433 344958790
1 6331 98097 836426848
2 84763
2 59075
2 57291
2 99901
1 95397 70441 569646201
1 96958 86970 693511694
1 95612 39633 594596852
2 73848
1 15377 44577 50705501
1 93293 32401 405862723
1 49080 61969 455844912
1 21284 76979 281455116
1 77603 54742 569211240
1 63104 68287 511526280
2 63222
2 96344
1 26933 48231 938990382
2 69747
1 70564 99668 595709058
2 97385
1 40911 93622 117317170
2 16653
2 31489
2 80718
2 92397
2 55762
2 4160
2 9013
2 56897
2 77769
2 67281
1 66006 70879 477732061
2 58249
2 5250
1 46916 26056 109263679
1 9364 39949 804229445
2 91467
1 65578 1588 661374206
2 75431
2 76026
2 10708
2 98470
2 82417
2 22312
2 86888
2 28064
1 80803 47721 379534361
1 43307 57186 363890651
2 20899
1 74972 14403 659736892
2 99889
1 73994 36647 565189382
2 68861
1 20109 35827 725085093
1 96284 1151 554180979
1 32273 78109 896793363
2 4670
1 62459 52195 823760128
1 79544 15849 910026548
2 26297
2 52502
1 19843 3763 636456414
1 66231 49428 162426844
1 99196 89820 903413573
1 92815 75936 648866775
1 35437 62532 678603464
1 89299 79338 42169342
1 62944 39324 139720502
2 91077
1 7092 76854 691554884
1 52515 60294 341270346
2 8376
2 10529
2 25632
1 40975 57553 278999424
1 75698 30043 677108589
1 22635 79945 928379201
2 94696
2 67614
1 36901 95056 33609740
1 81124 72588 158810464
2 28531
2 18901
2 68285
2 93090
2 79872
1 32080 50566 894634826
2 54199
1 80474 97272 365824689
1 82411 37216 667197540
2 12019
2 78390
1 75014 56051 443838707
1 16542 85726 888128060
1 53916 22974 207695514
1 11355 53255 686894697
2 22460
1 51536 75939 428484073
2 66799
2 13042
1 27384 65192 391238609
1 90685 53564 863475861
1 50777 67307 678890251
2 26473
1 83959 87693 563535761
2 74337
2 15838
2 89723
2 10641
1 61316 99585 748747896
2 34258
1 77946 32668 609090815
2 31665
1 39508 26999 173835669
2 1308
2 671
2 90525
2 95227
1 21589 37392 95080488
2 78033
1 23887 93435 980729946
1 83415 46281 407487749
2 74345
2 22852
1 75850 48615 588757162
2 24919
2 57980
2 72124
2 59950
1 12383 32156 717315675
1 38403 10991 252366770
1 60051 26407 281703270
2 77492
2 28667
2 8301
2 52347
2 50207
1 44565 42298 747030291
2 20726
1 30037 41403 247923473
1 29079 94779 981450543
2 93924
1 87728 31122 318249785
1 30256 39962 922765513
2 8623
1 62427 66566 287393402
2 47598
2 92434
1 72395 41886 991159439
1 31784 46235 760037728
1 96901 92730 698969275
2 34212
2 91073
1 71289 15893 354007724
1 90162 69476 482096362
1 23622 386 101970837
2 73278
2 33844
2 19744
2 71646
2 44522
2 49116
1 69022 62760 171901578
1 74897 94670 189038739
2 40772
1 34306 44319 792471757
1 27370 16199 202310973
2 90058
2 8148
2 92548
1 41333 23462 825937785
2 15874
2 89502
1 39002 52621 136234679
2 76414
2 75912
1 82856 23648 575620852
2 16438
2 97401
2 5465
1 21350 48714 90818701
1 72770 57862 442539933
2 32263
1 38707 68621 793374218
1 7905 5371 102198164
2 19386
1 8393 49272 462028428
2 90777
2 87681
2 44115
1 92113 11925 602088811
1 32262 53626 545454883
1 97906 58441 758328846
1 43879 36013 696419172
2 31426
1 16478 27115 690416154
2 27647
1 16711 47368 137380062
1 83920 52683 612960414
1 77186 98727 414956800
2 62140
2 52211
2 64795
2 2102
2 50558
1 73520 65173 872537433
2 84368
2 81464
1 7614 57680 441717516
2 48649
2 65231
1 38828 80608 200498756
2 13596
2 84653
2 22247
1 73209 48462 742896607
1 30786 49938 337049589
1 96644 88839 244889086
1 86684 33575 599360016
2 18158
1 96228 91838 833056509
1 30474 21936 709495121
2 93935
1 82098 34558 4569944
2 73457
2 92906
1 16699 76961 371560250
1 24558 75736 81527002