5391 925348569
2 26699
2 65439
1 56836 33743 921775221
1 52468 21999 232158631
1 67933 97064 687157544
2 58240
2 7376
2 79563
2 58598
1 88205 63684 570617423
1 54756 31468 430186186
2 6503
1 59463 54042 33314494
2 64671
2 16505
1 67253 56362 713027344
1 26005 71324 89901545
2 94786
2 35342
1 66395 66906 13788045
1 54828 49985 734390393
2 48713
2 45541
1 62577 78721 776227453
2 33077
1 14149 5053 124827723
2 67076
2 24616
1 82966 94575 698867608
2 97438
2 35901
1 39231 15703 682334938
1 43539 80896 582797518
2 49656
2 97494
2 8609
1 68541 26791 603762490
1 13623 86457 551705898
2 61595
1 29026 72451 890735062
1 30877 52979 704166625
1 87562 26487 870348347
1 29702 61143 254325013
1 72290 47661 280654308
1 85456 22378 903847243
2 71139
2 24486
1 66595 7065 187334187
2 67831
2 31978
2 53478
1 99947 60267 592510290
2 30080
1 63557 50670 156905178
2 38174
2 78692
1 70741 9589 562685552
2 44059
1 33032 41994 159268297
1 712 24214 995260654
2 32821
2 68262
2 51903
2 87688
1 4904 90587 282040519
1 70099 3213 434873897
1 81625 37514 159509608
2 72748
2 49473
2 67482
2 24063
1 74328 19591 384308955
1 81900 487 619221777
1 56298 26888 462131318
2 60405
1 28509 52078 64615926
1 72538 84116 192050787
2 49201
2 51042
1 84252 28607 982402395
2 29954
1 24487 1702 379557440
2 89050
1 91348 30968 554136520
1 67625 72385 960756758
1 96419 36587 61143401
1 58452 62603 543702128
1 2111 32909 697250969
2 42228
2 46214
2 868
1 54565 31325 854302773
1 74362 17698 371356436
1 17057 35121 542010956
2 14841
2 88006
1 20932 70196 993654435
1 98546 93723 948906774
1 9399 85501 75225003
1 42290 21905 586063515
2 69208
2 43019
1 98858 34426 470051351
2 53230
1 61594 25178 783575178
1 92318 94087 69225120
1 8723 25307 636834285
2 23572
1 48833 35860 869376224
1 77368 98543 861885992
2 64649
1 77603 39272 34443629
2 74368
2 17835
2 95374
1 70959 56305 478730647
2 86044
1 34880 29323 73882874
2 50497
2 33285
2 68810
2 62759
2 1277
1 23814 23049 785620601
2 7435
2 1916
2 62480
1 67439 46739 136762829
1 22556 92338 149630941
1 8274 44338 229788838
1 48723 39435 920019733
1 34139 66114 12318746
1 33408 92944 772018759
2 5230
1 72166 43167 19790544
1 83109 74207 435981629
2 11511
2 87107
2 94838
1 54051 72259 833152710
1 24272 16797 135842099
2 19347
2 19333
2 77582
1 95633 62388 736611478
2 62389
1 6653 32709 921641387
1 53480 11865 747941981
1 1260 12209 324631403
2 18600
1 25596 63518 658452696
2 78202
2 91637
1 66355 78686 711153516
2 93450
2 92471
1 70720 42290 494975933
2 42134
1 35313 81809 563713115
1 58288 92158 835098932
1 93498 50396 882871106
1 55888 75315 466472707
1 5466 73020 212464214
1 75241 87686 484288015
1 84264 31913 28355545
1 49298 50741 539783322
1 40349 51649 300292890
2 33966
1 99058 91792 857419286
1 77143 17972 719569
2 76393
2 5514
2 99664
1 57941 36723 105014427
2 75281
2 12332
1 17802 43008 700255432
2 63698
2 36501
1 73390 2792 573537879
2 41878
2 77977
1 13802 19815 855748391
1 69885 39226 922642135
2 76694
1 81395 46312 21523535
1 69502 79139 169221578
1 36377 64322 2590524
2 65626
2 36812
1 18096 41361 145444254
2 93026
1 24156 85230 769383194
1 18335 95336 486515583
2 11124
2 92838
2 45137
1 3065 14651 98488294
2 74660
1 78158 70664 537203081
2 31051
1 40883 3744 805603872
1 7710 50295 886886204
1 31457 20778 327259616
1 5908 8345 327136036
1 6498 577 157677593
1 37552 25398 641453942
2 93591
2 62943
1 49735 43700 34024270
1 47658 39499 690643827
1 24699 78240 32672632
1 87217 56122 861626560
2 82518
1 9302 91527 314850192
1 60306 99596 650565972
2 26852
1 49380 90835 240493251
2 58099
2 30478
2 72754
1 25385 90925 122463359
1 97557 37892 418655655
1 71065 72423 63100915
1 17053 2900 343904984
1 18774 55411 918346461
1 11643 59464 968428714
1 37383 63327 853819236
2 18179
1 64319 67236 17797393
2 18855
1 12712 67610 740587375
1 55012 5601 415629654
1 94749 6702 356442253
2 53032
1 10903 36655 427710450
1 40604 46283 200791689
1 59539 69962 181495121
2 94686
2 66761
2 84420
2 63084
2 20169
1 1978 37111 324287131
1 58365 93600 457777787
2 21716
1 37353 82558 120519317
2 82600
2 83959
2 29159
1 26912 25028 933257467
2 54225
1 63287 53821 923316084
1 60902 19669 13235590
1 43127 57948 379587459
1 78046 29690 930959167
2 55672
1 45911 25336 838306053
1 66418 75241 42670243
1 85080 18500 461007773
1 70480 39246 725266716
1 75647 60602 477132521
1 68005 26169 686551141
1 28952 92096 448015253
1 60332 60212 81145606
2 47124
2 46563
2 46400
1 66424 997 514743976
2 83269
2 42885
1 8906 69685 813184887
1 69956 42532 974289342
2 96645
1 88389 30332 135583137
1 37026 94444 945496446
1 43076 26693 11484840
1 11241 74022 194000497
2 682
2 70179
2 16657
1 83609 7583 517235479
1 88080 28456 307925492
1 63347 2505 142107774
2 31159
1 60341 93388 337840473
1 7759 97210 456175052
2 78839
1 92121 10709 340772160
1 63513 20664 156902829
1 1358 99420 957506052
1 61026 28823 710703289
1 94711 4648 270501724
1 7464 54256 501904460
2 90952
2 39319
2 68274
1 93384 19239 337297606
2 41456
1 20468 41323 154804717
1 5889 39955 210011340
1 1031 68106 28348115
1 48391 671 20293010
1 70079 61606 212986796
2 74189
1 4165 69649 368264952
2 19194
1 77498 7407 470786363
2 78823
2 51544
1 3873 4658 764696084
2 77175
1 85196 73546 300743639
2 68545
1 93186 14316 312901752
2 1291
2 76032
2 94645
2 14717
2 22993
1 6702 44706 299550557
1 80015 17576 641450069
2 70324
1 49710 4972 222007952
1 38059 69081 774820065
1 35019 8245 670196317
2 4355
1 12873 56100 521381295
1 15323 96382 253571016
2 11513
1 15618 78171 67013940
2 72815
2 59671
2 35258
1 88285 99455 771040522
1 75730 73146 470827444
2 43045
1 25898 30584 377582556
1 45335 57926 374212334
2 31324
2 18091
1 62652 20250 575572132
2 95538
2 81830
1 37714 37891 11080191
1 78218 73131 963790930
2 83933
2 17474
1 25595 60845 349024322
2 69871
2 66395
2 26231
1 57500 43606 935400896
2 56885
2 38994
1 48049 41840 216641796
2 80214
1 64672 82156 54726981
1 23827 63810 867370933
1 97334 63588 918621057
2 55470
2 27368
2 33590
1 60743 66370 281652638
2 81833
2 4061
1 12153 62369 71987688
2 36675
1 30362 44412 812440900
1 99295 16514 316220002
1 55387 49933 671643468
2 84672
1 80698 76956 232513117
1 74982 2312 348496599
1 36739 5935 890776746
2 56348
2 31156
1 48662 25099 885697954
2 59464
1 8237 71782 944152410
2 97717
1 8679 18249 104143592
2 14457
1 95133 92272 15866281
1 60968 3462 176000309
1 93218 69041 332043771
2 63158
2 13273
2 74060
2 78636
2 60940
2 4310
2 3330
1 45693 19265 57626214
2 39318
1 68536 18503 579236205
2 68953
2 91697
2 49015
1 87428 71808 579481250
1 63269 14060 295235961
1 14975 11787 364654701
1 88848 77089 965429177
1 23179 57976 472973390
2 43256
1 5114 69947 327552168
2 8914
1 28831 19271 264915614
1 12586 82665 456225614
1 7192 21491 472731219
2 28598
1 51870 5874 344990198
2 56237
1 35346 16455 46621401
2 75670
2 43731
1 4848 3859 232397698
1 90678 95769 614329070
2 55436
1 30759 63334 260771740
2 77620
2 13385
1 91948 54776 348262193
2 53632
2 13246
1 62779 1333 562928899
2 26283
2 95863
2 30395
2 7651
2 75054
1 65373 3953 53303288
1 65196 93862 291879695
2 81461
1 25058 6479 663615739
1 81243 24430 216447438
1 39704 60801 511207959
1 79772 9197 979611674
1 64250 50633 44835129
2 28638
2 46336
2 85490
2 58945
1 7378 85042 719361672
2 92707
1 30586 91777 511412207
2 34416
2 76825
2 54530
1 63199 92468 565438559
2 79059
2 87520
1 20855 11605 924645409
2 11368
2 56698
1 24372 35522 847159408
1 89100 71303 668671187
1 7874 71336 324367795
2 39880
2 75998
1 99645 61441 726683314
2 92114
1 54512 80030 76448785
1 23480 95803 524187697
1 92140 93472 354915843
1 53998 20823 83469247
2 14201
2 10061
1 49418 54502 661598154
1 47615 17530 766871309
2 69354
1 98335 97254 591387940
2 88609
2 16292
2 37735
2 48032
1 47401 67330 48650820
2 43748
2 34780
1 73506 19416 754900592
1 35731 19374 53796769
1 29510 18576 736345605
1 22470 81228 569332349
1 24984 31688 594723313
1 15311 8686 715094991
2 33021
1 77861 14185 56679619
1 38857 91900 395911701
2 14374
1 90909 4289 175583523
2 7678
2 53097
1 43233 7907 138941252
1 68560 47429 816289779
1 53684 91106 777437600
2 95565
2 45411
2 71435
2 11628
1 4544 31643 159449443
2 3788
2 99003
2 73934
1 52319 25821 723522921
2 23053
1 37737 31528 629466972
2 39426
2 38120
1 30416 48513 820697823
2 20662
2 29731
2 56881
2 85955
1 98063 54569 481997091
1 71721 28892 654296239
1 80226 3622 184048913
2 96617
2 32060
2 39708
2 68908
2 43433
1 40655 2491 565569856
1 18251 8135 529952836
2 15068
1 7597 95202 521413495
2 62803
2 62693
2 10066
1 92835 40501 28740461
2 17863
2 47827
2 38240
2 24525
2 20886
1 17367 21017 734939799
1 87511 59510 629291188
1 12104 89663 929764407
2 44469
2 32713
1 11401 66559 678631898
1 38065 29297 736370940
1 92598 94795 474581503
1 69821 58441 685059524
2 7402
1 14404 14040 703470456
2 71845
2 65687
2 35797
1 48954 33418 916786671
1 77805 96008 410455095
1 20839 87076 437389251
2 25099
1 57363 77353 520992108
2 82660
1 52138 50811 41121946
2 48985
1 2465 62678 194491636
1 35841 86788 557380132
2 5612
1 39655 43440 365205885
2 84044
1 12692 57993 354164703
2 30543
2 63081
1 4676 38938 196540725
1 65735 55574 915060570
1 80339 75570 489659764
2 804
1 24527 41003 807915954
1 91227 42534 22944091
1 22975 57503 731908677
2 68126
2 48465
2 72494
1 8745 98803 501500483
1 15667 83590 443245220
1 23199 81285 523462088
1 17268 99307 627071345
2 99533
1 50812 35696 831368892
2 10706
2 33654
1 46207 72462 271381547
1 84030 60354 905013623
2 32924
2 33640
2 58710
1 41552 40316 332362186
1 54233 71942 791772467
2 6539
2 9678
2 32890
2 80635
2 39181
1 98005 84591 315357150
1 59541 58176 269689917
1 13318 11706 168592579
1 6133 28853 567447192
2 8518
1 86365 94946 753769313
2 1691
2 41890
2 92224
2 91024
2 14737
2 8647
2 28744
1 5101 83590 489559205
1 57489 82457 900060074
2 29280
2 86270
2 57938
1 83851 10598 746037978
2 16518
1 131 37897 651922490
2 59450
1 79474 99094 377691360
2 79191
2 57083
2 37777
1 80746 92993 121755190
1 32250 5695 558674639
1 14186 3102 991922525
1 2707 45 275426573
1 47142 83478 449312309
2 98665
1 71138 80466 126606338
2 4288
1 92294 23529 77671548
2 63881
2 25505
2 45580
2 10784
1 3025 20808 784750640
1 37693 67321 696010
1 89414 3800 171510162
2 23443
2 78526
1 7888 32079 461284423
1 73174 49009 158895212
1 71107 99207 513216344
2 35801
2 70083
1 54602 38179 454058863
1 41660 21478 339333991
2 36152
2 25498
1 84532 64444 821657127
1 41851 57830 793784054
1 58755 61872 34369102
1 12308 90081 872267686
1 46666 95764 233030869
2 82315
1 77554 14539 166324506
1 81714 10731 552474383
1 58323 36750 837855436
2 31005
1 95116 45728 224648165
2 40288
1 38036 46891 994845400
2 6636
1 52603 89780 29346717
2 30855
1 30103 3619 686403531
2 33320
1 53129 1088 83444525
1 52118 86813 268498564
1 58246 52972 415774962
2 66945
1 91367 9455 862086589
2 76756
1 7698 11500 770802009
2 88142
1 47711 46736 789503550
1 77660 58032 338235523
2 53582
1 12082 88366 276489581
2 24685
2 10576
1 89979 5377 720513748
1 82583 68574 753290017
2 77209
2 47644
1 53161 50257 49974245
2 42430
1 8838 68767 232616316
2 58034
1 60647 51194 903708663
2 63173
2 86905
1 5229 66625 249474375
2 64165
2 28390
1 9815 90221 436761722
2 30308
2 14283
2 33453
2 23795
1 14930 8874 843747267
2 28333
2 87353
1 29500 45533 823647298
2 60386
1 63800 64253 370668123
2 64812
2 9012
2 52762
2 93572
2 14424
1 93262 10164 54022835
2 64561
1 18986 50586 953186859
2 69891
1 15214 59305 786300704
1 25311 33293 873752398
2 48372
1 16021 71697 955795066
1 25089 42924 381961483
2 20878
1 13197 41848 408802674
1 16033 70893 455461713
1 25970 77600 84656256
2 16007
2 49940
1 64361 19 443093883
2 26633
2 51716
1 92318 9502 195287857
2 361
1 89949 28134 49835161
1 40097 38392 536945584
1 28836 85386 356254156
1 7391 62277 996900425
1 2305 79058 519764355
2 14760
1 68715 44995 484974607
1 54900 6896 134384173
1 33617 97397 319875059
1 10212 37451 184777995
1 11866 35173 844768743
1 14409 14044 303055177
2 68584
1 60731 79338 259334444
1 93898 53355 408154306
1 3398 70545 113876970
2 79049
1 14089 84294 61011083
1 76763 9665 796005551
2 57718
1 82747 9724 433975604
2 56212
1 29587 10333 152122183
2 85018
2 76181
2 10326
1 63454 85453 613181448
1 54069 15371 469611
2 77864
2 36833
1 49 40836 945247424
1 9085 41079 221534354
2 42041
2 50222
2 11078
1 34563 39373 878926768
1 81749 7896 257487892
2 95859
2 60415
1 56522 46671 476495783
2 29993
2 85894
1 82287 51580 32697875
1 95729 74287 696413945
2 21467
1 43205 92739 890823411
1 42627 31153 546829290
2 38566
2 70168
1 58380 45375 43377290
2 21582
1 10112 10500 864637323
2 85000
1 81823 55323 400241900
2 66689
1 14865 15499 604165073
2 20361
1 38248 21010 79648637
2 5440
2 24611
1 84911 88069 653909626
1 50956 21143 28936305
2 29031
1 68990 24305 658160590
2 33119
1 69331 58618 187357644
1 46529 62319 773543003
2 94960
1 58102 45500 238271459
1 57644 17844 631673346
2 16702
2 16374
1 40829 14934 716081620
2 83807
1 89565 19330 539131606
1 86861 98631 557220026
1 34779 42014 312641839
2 32667
1 94324 55960 629942255
1 15657 61823 724149079
1 65191 960 65721662
1 49190 65324 462453538
1 97614 32560 1297709
2 50507
2 22245
1 38399 68473 459216938
2 43523
1 88861 48700 73975000
1 61449 80368 944197107
2 86746
2 56349
1 91110 79347 461953023
2 63551
2 94596
1 25740 61591 946019445
2 30540
2 2340
1 3738 57039 477268860
2 15147
1 65493 49022 567248266
1 78274 20023 769435419
1 70315 61445 221006450
1 53355 90808 103194582
1 46177 39502 54117505
2 80658
1 43986 28846 779090097
2 88093
2 35385
2 58309
1 14055 62532 736419491
1 17057 89803 131350930
2 32077
2 47386
2 93044
2 88356
2 32329
1 84588 15490 417054038
1 89798 24420 514460728
2 24524
2 5983
2 10348
1 21415 84221 564380059
2 97358
1 47098 13861 663363048
1 74246 27941 439302436
2 45245
1 85047 32410 907017293
1 95804 68257 989597413
1 55944 53911 99181505
1 85549 66235 364855067
1 79022 15536 86264895
1 2666 32721 871512474
1 16373 23549 326889742
2 23091
2 16511
2 87014
2 57687
1 80730 63773 250475389
1 86924 44339 810001471
1 71460 69834 992355085
2 5077
1 78188 34850 619786860
1 10789 65104 78260894
2 79757
1 48488 678 791992154
2 98254
1 3472 77270 848179671
1 85829 76134 914357987
2 80438
1 76464 90369 125783749
2 94459
2 68080
2 97615
1 89416 12535 15839485
1 86694 3376 432954852
2 88042
1 35339 86635 601846149
1 56951 11849 732628827
1 14957 19088 259381489
2 52184
1 60845 18472 661673280
1 6012 43600 76359659
2 17225
2 88545
1 50229 303 900885749
1 79831 13582 384545145
2 2591
2 72446
2 42741
2 31915
2 74353
1 76184 1548 101938438
1 18447 8616 626364201
1 63452 67740 107870245
1 58564 60755 179732205
1 42276 97395 32932964
2 78997
2 84632
2 12644
2 47326
2 7417
1 47163 27092 534522398
1 55343 71638 455691070
1 74647 70893 718634340
1 11518 28917 307845217
1 36383 28059 942848800
2 74878
1 91578 92349 852808509
2 5565
2 17838
2 65978
2 68098
2 51707
2 50478
1 42033 40148 473161939
1 23167 17320 258567419
2 7164
1 68997 65302 511479387
2 97362
2 17293
2 95043
2 99982
2 488
2 51515
1 46214 67319 362507221
2 9093
2 13390
2 16470
2 41594
2 84349
1 58331 69349 159010059
1 82932 65912 287356647
1 1857 73021 18863310
1 36355 66904 938983920
2 38068
1 9088 19519 736815463
2 75654
1 46755 1300 786097998
1 61800 93275 583944769
2 3242
2 30075
1 33394 9472 976054746
2 53455
1 57375 69040 939814068
2 58736
1 91895 39168 593161245
1 5782 23691 407048750
1 25462 53801 268665459
1 38167 59002 338503585
2 50508
2 81532
1 97743 51406 800898040
2 80399
1 65683 36961 852131637
1 57465 32188 830708919
1 32301 32293 924344047
1 4167 38683 407104936
1 56487 52044 156430352
2 66630
1 18158 82105 250076234
2 31344
1 14155 91587 945711724
2 30460
2 28037
2 76366
1 82259 3578 979494984
2 43614
2 11756
1 68395 22784 213258176
1 69237 4980 412614314
2 51929
1 20759 28522 509458863
1 25947 79051 289123974
2 9682
2 95901
1 28263 1277 875455559
2 6063
1 43375 98194 821758846
2 94371
1 39221 3295 120527617
2 31337
1 88977 4293 718400998
2 70380
1 55101 33409 929187620
1 27437 41316 368808628
2 6250
2 60199
1 30932 4602 530027732
2 46477
2 23462
1 30701 91381 509388277
1 5756 97425 94977526
2 24606
1 34568 45300 210766537
1 92186 54873 124486105
2 23891
1 90602 74884 404930514
2 14447
1 64947 94201 252513517
2 33713
1 83173 7025 435050566
2 14345
2 85683
2 53821
2 96807
2 91972
1 51350 98303 449036655
2 68047
1 19105 43959 494201276
1 4346 8007 640441742
2 60588
2 37791
1 4442 42390 84802103
1 72548 31589 74719726
1 79023 46484 615346709
2 57134
2 36353
2 62369
2 4776
2 97345
1 43354 71800 983091272
1 91022 52861 555151453
2 29082
1 58044 17798 306888915
2 70153
2 64371
2 40688
2 19509
1 73637 73455 202839283
2 57373
1 93385 60430 834027599
1 92283 16918 523842164
1 41777 44311 8877342
2 36256
2 28520
2 33443
2 93936
1 70063 60116 118015388
1 65628 66448 656258049
2 98284
1 89370 30149 142277307
1 85490 22640 469637761
1 83936 30118 328213631
2 22350
1 75369 73319 896925690
2 10862
1 84807 6317 33545698
2 16513
2 80075
2 59758
2 43731
2 22647
2 95848
1 68602 40197 107380145
1 51875 91679 250610997
2 19916
1 6680 38589 936848904
1 20540 8060 874370607
1 51895 4195 15015866
1 76717 48523 845514345
1 79240 57663 581213225
1 94692 43026 81687432
2 47859
2 14593
2 13370
1 53147 60313 935331647
2 59244
1 40295 20801 566365853
2 84780
2 46248
2 15559
2 75959
1 61903 23161 678649047
1 97395 41894 957928448
2 79461
1 37813 29795 205228120
1 28779 26028 732698146
2 54791
1 61954 43430 270229694
2 39744
2 68693
2 67220
2 40959
2 49887
1 13353 53206 443156086
2 17568
1 26208 85302 272501171
2 84915
2 40948
1 65439 21530 674369541
1 12891 67966 536442740
2 37222
2 11368
1 51913 98640 275029319
2 72693
2 88355
2 13334
1 62468 7697 454429744
1 57875 48168 909522265
2 2867
2 95883
1 90315 61953 106142426
1 48966 45431 845375794
1 15088 89594 112646048
1 48880 44321 814225506
2 83482
2 41933
1 23506 68820 454333708
2 78556
1 50219 71655 217878704
2 61916
1 77567 25931 259224810
1 44650 4536 516176789
1 48222 54572 534010218
2 45565
1 60466 91895 973163218
2 72927
1 75634 85994 823386402
1 52535 82849 864935108
2 40328
1 58981 72760 187622378
2 42258
1 88318 25502 705635477
1 49836 93028 245038750
2 26384
2 43305
2 62421
2 83326
2 28457
1 18083 53519 204131449
1 14144 81657 580023344
1 47349 95840 653497079
1 59390 56979 529043960
2 44567
1 74023 48376 288745923
2 14825
1 17984 53301 276811704
2 5086
1 12962 50964 584361073
2 58065
2 88542
2 34738
1 53015 85280 776475549
2 23758
2 17917
2 68623
1 73567 61391 150521185
2 2484
1 74055 61490 411495158
1 28654 94479 200885782
1 85179 36230 40796178
1 248 294 134995240
2 16121
2 54452
2 2974
2 68914
2 87884
1 97354 18549 228936208
2 76617
1 71245 37202 360250769
2 1693
2 63424
2 19080
1 49566 81170 935682774
2 5932
2 54283
1 50154 17940 104428426
2 417
2 3216
2 43310
2 26693
1 82315 83425 623572568
2 9694
2 31331
2 629
2 33245
1 52561 49058 275699227
2 70730
2 88300
2 6617
2 98761
1 95196 90223 285017178
2 13974
2 75275
1 7895 60097 48757757
1 23149 19293 672279759
1 36074 13048 754290516
2 8096
2 54112
2 22891
2 15921
1 50023 94482 888056023
1 51095 79655 761450635
2 57270
2 88269
2 79845
2 43115
2 55369
2 24992
2 230
1 39743 90878 501132299
2 69503
2 4613
1 98925 73163 58955478
1 73609 95234 987331530
2 61852
1 93433 73322 484052322
1 26389 7929 593338028
1 39053 34492 177534922
2 31883
2 70563
1 61278 977 617745555
1 8475 66969 565716241
1 17631 17406 425453511
2 93654
1 87821 25411 440117991
1 93841 68945 613465528
2 43585
2 92437
2 51090
1 56822 13572 233188311
1 60713 50527 485141944
2 74283
2 86936
1 14962 98032 567524842
2 32023
1 25133 47549 273618995
2 65627
2 81876
1 18002 54069 812223368
1 6647 98510 580138159
2 7648
1 62601 67180 115367401
1 13339 30137 674846202
1 19410 25216 460066242
1 12484 76135 546159756
2 69223
1 47597 31802 733847836
1 5088 82295 758901015
2 88196
1 78654 7648 425775638
1 22785 47162 695527131
1 99309 93398 21042417
1 39310 48924 992847457
2 58595
2 81547
2 9628
2 94067
2 60019
2 98862
2 71049
2 72690
1 8517 13709 180473628
1 88400 49454 961495841
1 31410 72212 184311456
2 76658
2 97953
1 78665 86424 554059735
2 76402
1 25334 53836 99371349
1 10410 74975 90538070
1 27936 6594 954690950
2 44312
2 65819
2 43310
1 51481 58628 381902919
2 61868
2 52468
1 71218 97516 273523134
2 98002
2 36489
1 16169 70576 643618060
2 18179
1 7499 4599 271222163
1 81192 82973 224986858
2 71212
1 2356 38995 387362809
1 92752 22949 388231194
1 81245 832 584311128
1 14556 23421 766920223
2 464
1 30810 17312 580086317
2 88251
2 18588
1 27868 53627 625408170
1 8735 43927 710075149
2 32847
2 47643
2 84166
2 84053
2 47459
1 18406 39212 393891135
1 35547 53798 715813691
2 61964
1 55810 15886 277245402
1 4262 89784 477382841
2 630
1 4438 65345 473337684
2 86776
2 10312
1 86498 90836 873887982
2 68204
1 52777 11513 918959968
2 74031
1 24304 37347 388688775
2 71263
2 95343
2 70176
1 87503 71036 145894819
2 19666
1 58829 63750 712170454
1 10878 78247 927211491
2 24449
2 4772
1 82747 91801 794732368
2 42562
2 1175
1 81000 479 655135185
1 82486 79753 576888522
1 5512 38899 886015242
1 23364 35022 66461044
1 88301 94508 450092175
1 33796 77354 119744050
2 30101
2 96000
2 23986
2 24139
1 75447 56945 981281048
1 88522 65875 336729420
1 41459 82334 23407137
1 83725 60790 843278018
1 56654 56113 195925842
1 25526 87128 780330779
2 81958
1 9952 2100 868420605
1 18351 69113 522805824
2 82317
1 69616 96876 917500787
2 19622
1 18611 69189 463407737
2 56765
1 53320 90933 603624460
2 26058
1 31275 51604 619598158
1 76511 36255 802452425
2 55890
2 45370
2 22359
1 57162 95585 63795602
1 10446 81979 675023349
1 4379 75607 246386717
1 89805 83198 96695340
1 87565 80767 286712136
2 76444
2 6218
1 48313 74316 701203938
2 59799
1 93698 85990 934158389
1 47450 52602 43006865
2 61587
2 202
2 14938
1 27058 11598 370526022
1 38884 34736 72413579
2 99541
2 28776
2 27267
1 29995 6347 375407700
2 54762
2 86991
2 75723
1 46518 84060 322767645
1 38515 42323 646068934
1 39320 88454 312214677
2 63146
2 8656
1 19002 31562 690002040
2 42444
2 27494
1 19285 45387 470397720
2 94794
2 62673
1 16722 10416 733273767
2 10812
1 46179 59743 10722585
1 56874 26548 191903022
1 64178 55485 945239711
2 14874
1 24672 68444 361421696
2 10815
1 279 58191 423534478
2 41586
2 80040
1 94947 70536 963975480
1 43939 96358 263681258
1 13941 76809 135800203
2 92291
2 56003
2 801
2 8256
2 80321
2 12997
2 53248
1 16839 73337 789294531
1 82773 37553 466783536
1 73238 96835 264244854
1 13146 78059 793623116
2 76987
2 16296
2 64621
1 81630 77048 549033478
2 66570
1 21587 6485 547830996
1 31218 21946 419051671
2 11748
1 86244 55987 224721284
1 19553 50562 950774375
1 2656 14703 583231420
1 63984 59800 772401987
2 889
2 86883
2 92077
2 93767
1 54624 39437 28745863
1 64473 74790 869157237
1 74114 34751 919986
2 91829
2 83115
2 79632
2 19566
1 468 10756 713395858
1 2172 39152 843991351
1 74867 39024 47612968
2 67995
1 45860 77329 394533362
1 691 82588 416023087
1 84646 9930 553503555
1 8113 37885 97288748
1 30052 43747 962184440
1 14882 99423 664530367
2 42787
1 32750 81829 558522537
1 10230 57540 810049998
2 97504
2 80952
2 56201
1 20702 94931 889390876
2 84831
1 11734 88008 627626337
1 28340 12055 850640957
2 37179
2 24165
1 72635 56647 273906853
2 54963
2 18374
1 78441 24257 874665669
2 24659
1 34788 9772 16970907
2 92301
1 31435 99956 179796392
1 43718 2381 49271723
2 17503
1 6019 47418 661695314
1 65668 35941 756040547
2 14134
2 41007
1 49077 76770 806771416
2 83811
2 21092
1 81640 35749 617091781
2 15658
2 39459
1 41920 95953 833162345
1 91375 56986 469859204
1 29126 17855 817486144
1 8623 91597 688176778
2 61498
2 70215
1 31045 54651 261835663
1 99184 16047 45737286
2 46149
1 97782 13216 316350195
1 42855 53462 897782088
2 19726
1 82504 88659 900491702
1 62449 52220 657204905
1 89722 10594 648588441
2 6808
1 32437 81396 411474366
2 94398
1 53598 361 322859918
1 77553 25747 107710924
1 34371 97533 454654438
1 70208 94098 96041849
1 91354 65726 394913066
2 70812
2 87006
1 62579 66601 386184430
2 50242
1 22821 81994 433632244
2 12101
2 84827
2 5977
1 32909 47406 514827418
2 69646
2 82542
1 91299 78818 54061687
2 97233
2 92599
2 59634
2 6024
1 28550 96833 362925580
2 77504
2 53596
1 35660 53049 718424307
2 13144
1 37021 31603 19843430
1 59233 60516 492670384
1 58830 80365 22908461
1 28473 77875 903625486
1 27736 73718 736949629
2 43684
1 96122 90419 712240615
2 96229
1 84511 45425 980823935
2 64272
1 3792 12347 853882918
2 30817
2 94714
2 4237
2 78709
1 58876 35357 307255183
2 74963
2 52640
1 36681 10087 240168156
1 40555 26837 214496984
1 50407 61237 938933733
1 62128 74709 947107398
2 43224
2 83786
1 45953 18342 427563602
2 27026
2 31186
2 38420
2 92911
1 45812 70868 400800265
1 94292 59224 537340121
2 33479
1 28604 77026 584535785
1 994 49431 738586155
2 64288
2 19288
2 17399
2 27960
1 56032 46526 665336784
1 72763 42822 634596266
1 52834 70621 447381859
2 29457
1 24373 74566 349887933
1 20866 70300 759895490
1 79081 64840 808897603
1 93139 26740 452534287
1 96765 38266 668260874
1 34257 14585 377098352
2 58391
2 60095
2 74378
2 84159
2 33237
2 21429
2 421
1 84095 58730 299862365
2 65222
2 81499
1 97605 30274 629782981
2 43558
2 486
1 6649 96433 816007389
1 5715 81147 612502891
1 69305 3577 432377747
1 86002 56774 367602870
1 39959 50761 108390644
2 98370
2 47246
2 2132
2 80911
1 18595 45997 137304425
1 658 54910 783087605
2 1005
2 86521
2 51694
1 41659 9709 868562586
2 14357
1 39380 57598 183240454
2 56129
2 4063
1 95102 38318 37858122
2 44522
2 85042
1 65408 94366 581075459
2 66598
1 56396 85712 481077392
1 61705 20932 149379071
2 20603
1 30553 78455 973462036
2 18423
2 51794
1 12952 92550 584155838
1 5849 35411 108309249
1 6294 49833 682306868
1 26437 7925 479691663
2 92085
1 64914 40194 904035690
2 19324
2 46565
2 72286
1 64528 92287 898702124
1 12812 86896 699710296
2 76168
2 53504
1 12618 34021 467903287
2 63719
1 4872 40592 705532412
2 21363
1 79876 35475 413606803
2 97083
2 75904
2 28522
2 46107
1 90037 52924 919056393
2 61458
1 37143 33761 309011323
2 39175
1 20524 82341 460530583
2 64864
2 77468
1 61896 20821 411424660
1 83094 53469 227501597
2 94465
2 51912
2 19455
2 43298
2 64055
1 46016 4156 71662956
1 78224 97803 662270786
1 45577 84630 943333213
1 81067 56687 985261351
2 79266
1 34938 62343 844691955
1 1601 89369 925857858
1 6288 86105 247117524
2 90990
1 72930 62042 654025108
2 37550
2 87478
1 49520 64534 711516999
1 74867 59568 228883033
2 89880
1 97352 61402 542182859
2 11847
2 29336
1 51176 3531 581472188
2 34302
2 82466
1 82220 92405 91031890
1 45737 16441 894454120
1 8080 74036 66931971
1 52197 62038 823302391
2 12097
1 73406 44825 756985385
2 41626
1 63352 12151 708541513
1 30286 85994 166230275
1 6187 64395 342721288
2 28468
2 93848
2 3381
2 56838
1 45375 1685 383851356
2 47816
2 86819
1 41572 75177 187333532
2 36670
2 32473
2 13465
1 57600 26980 997830893
1 23211 22112 679101540
2 8546
1 32288 24081 673567265
1 21162 48203 964853926
2 89317
2 10864
1 83246 74746 29764275
1 61404 17130 935123359
1 24777 11847 193047324
1 33369 53838 681698227
2 55294
1 98095 46284 966388262
2 71035
1 96813 84864 347998452
2 35557
1 29462 75031 8646334
1 31143 78907 422514241
2 77529
1 83068 82790 368279784
2 85190
2 31472
1 91087 49191 393409784
2 59415
1 95666 21972 121220924
1 87511 18670 942020562
1 69364 12575 974177940
1 62488 53188 560191729
1 96784 38006 403460477
2 52762
1 54728 9850 928627130
1 46794 12257 926566107
2 7237
1 61792 53978 956277819
1 91051 82904 627438543
1 54235 16424 910849046
1 97241 83653 193870357
1 28709 97429 157330016
1 28318 49209 676748410
2 53316
1 32153 19681 207685820
2 31847
2 59426
2 38070
2 99078
1 46051 52190 765885494
2 79166
2 90765
1 94020 19328 231492434
1 20831 75811 32774421
2 38017
1 93845 63618 303700174
2 34034
1 21395 64239 722395871
2 4648
1 14483 80100 323585151
1 42452 93294 35654323
2 60770
2 26980
2 18621
1 79490 33559 543669699
2 59256
2 16283
2 53762
1 20103 48315 791878800
2 81714
2 78460
2 20940
1 85449 80823 952189178
1 92701 85880 252576362
1 68835 32942 630947916
2 46365
1 9619 82945 811259202
2 82725
2 89348
1 90074 95664 773924691
1 61287 56656 551395298
1 88256 59748 801121465
1 56875 62997 241665250
2 95601
1 7901 65095 677389375
1 50122 52301 434608477
2 41986
2 10444
2 28200
1 91042 6189 336932747
2 15394
1 63633 36361 989525172
2 39990
1 54937 79238 471072727
2 95962
2 67626
2 28710
1 7740 7876 42191243
1 50055 10257 819997644
1 53249 89385 335286716
1 48284 56002 430436265
2 52492
1 80294 41594 62170477
1 16187 20551 408182745
1 41986 5690 330116415
1 8377 29211 738699213
1 38209 48701 183846559
1 7727 63823 929771902
1 39525 76530 100132411
2 93525
2 98061
1 55696 86088 668970750
1 97738 13731 263055369
2 44330
2 87136
2 68520
1 93096 33034 704478085
1 99554 12096 846200578
1 2109 65998 520927119
2 4457
1 6742 29467 626483936
1 5734 35078 203024273
2 84014
2 22240
1 23769 72341 265082860
2 24533
2 42972
2 98763
2 25477
1 9745 82965 703676477
2 62652
1 14108 285 661797627
1 23402 75032 750536889
2 44180
1 33453 54766 841824194
1 40967 92133 16315562
1 41774 53043 563288783
2 53565
2 19367
1 51500 46718 951618727
2 65286
2 13867
2 16251
1 44888 68140 702979285
1 30190 19577 858209256
1 23394 58564 163419569
2 80544
1 95214 38264 503132945
1 76124 14137 866121376
2 8152
1 62664 67334 183084197
2 93790
2 4641
2 53170
1 83603 6802 599355669
1 1985 73272 963913558
2 11519
2 44946
2 29577
1 49105 70638 142138491
2 35845
2 59023
2 30590
1 39630 52071 290399767
1 88493 25546 127050368
1 15559 68347 506917829
1 23506 49822 468077672
1 56327 21505 82489678
2 8281
2 57218
1 66286 71837 757375428
1 19426 98787 896473097
1 20513 69414 958108772
2 25222
1 13763 37763 434548106
1 39978 69548 935959820
2 45645
1 93239 86259 447946860
2 75753
1 91332 28810 125469130
1 17015 38477 512049485
1 10344 5169 549912408
1 90440 69996 6688683
2 9087
2 26274
2 95889
1 56782 77832 556218867
2 87326
2 88556
1 43052 98951 777354901
2 22473
1 34668 55313 523202247
1 39965 44 770940898
1 77102 46346 422057708
1 21500 38537 397123575
2 83155
1 4497 18865 835396411
1 92272 25108 730191870
2 32320
1 84679 52629 231914778
1 88544 64723 234153258
2 26586
2 83191
1 95001 30532 642087818
1 14815 67325 918357487
1 72981 55465 318092977
2 13519
2 6037
2 32842
1 96958 75101 83931357
1 79975 50950 622834348
1 23913 93141 885715765
2 98016
2 70427
1 94131 71925 678457345
2 60414
1 1926 77606 159896948
1 73288 10921 480995255
2 80413
1 69571 46613 553986590
2 62626
1 29583 57733 194692153
2 2814
2 11135
1 89296 43997 441535999
2 69196
1 52186 71669 973628898
2 6967
1 55546 19728 391907679
1 85053 83564 599464500
1 71547 61532 860462006
1 15380 29260 927564335
1 95297 57446 908824557
2 3134
1 30957 7185 905833465
1 55238 31174 203953829
1 6832 60456 826363843
2 66367
2 43650
2 89854
2 66206
1 57490 23311 175654139
1 58545 28808 945585240
2 13555
2 64822
2 18880
2 20967
1 88040 14935 796293829
2 41143
1 86369 73813 283820756
1 70109 24944 772518710
2 92477
2 79955
2 83917
2 60575
2 51407
1 3368 90401 780209187
1 79518 28754 699928384
2 34577
2 76656
1 95095 8226 728055007
1 9936 37676 147537096
2 50562
2 69375
1 92110 16223 517424494
1 71860 13661 359688
1 87871 70797 713158059
2 31856
1 96181 72716 170179779
1 343 21720 465369613
1 24904 13478 800340841
2 54446
2 91734
1 82742 92141 617269231
2 64661
1 94036 70807 900616416
1 87252 83080 733362764
1 19807 41670 91322279
1 71414 4710 450054818
1 37710 81680 935382140
2 42211
1 87644 22406 725890611
2 97329
2 64553
2 58078
2 82035
1 95173 12677 293721421
2 22200
1 65911 53380 273693557
2 48228
1 59446 52252 561923792
1 9827 87218 930861124
1 93493 42398 343636822
1 74847 67312 975503453
1 98938 87263 2452578
2 52835
2 21100
2 51643
1 11965 10335 74184978
2 86961
2 11250
2 35614
2 83068
2 27062
1 66498 30104 773591343
1 84486 2229 176116509
1 15580 97262 130338999
1 92592 99993 660327658
1 76399 89643 493226696
2 95418
2 93098
2 1093
2 58102
2 78917
1 80093 72373 422285170
1 3767 39980 948947346
2 41515
2 32476
1 90725 5005 998193908
1 82318 52284 704183348
2 44346
2 28718
2 57114
1 90364 69141 539641037
2 39026
2 69864
1 38493 83377 677432377
1 46107 94829 238115656
2 55845
1 99156 64518 231980897
2 37478
2 84198
1 14727 79687 562693983
2 26456
2 647
1 96188 62267 346559297
1 14508 51417 658808484
2 70208
2 48375
1 19312 168 970465755
2 72361
2 23159
2 39495
1 39019 68923 385631576
1 854 17233 879211447
2 36131
2 74986
2 60305
2 35614
2 41287
1 25827 66908 710645500
1 35810 35304 530782205
1 79085 50601 559594522
1 93254 74677 955513695
1 92379 27909 53282787
2 26549
1 10296 38816 510840249
2 73951
2 73082
2 81533
2 79877
1 42311 13724 874451873
1 16966 26637 400341786
2 95811
1 1665 58877 281156229
1 96749 35921 791631591
2 92727
2 73334
2 48644
2 82293
1 55885 59998 329758554
1 68244 37279 612646354
2 76124
2 85029
1 89314 60571 519455582
2 87889
2 31579
2 32160
1 16000 63240 348252859
2 52287
1 57155 91837 380970531
1 76662 49879 581144338
2 56636
1 1072 67450 41449578
1 62186 91998 843860708
2 68596
1 76443 10281 589740052
1 33127 75958 230547676
2 73349
2 74095
1 73311 5151 52202214
2 57256
1 1518 84744 984326851
1 79456 79324 850578010
1 99249 45556 155118338
1 93389 55178 407529296
2 28241
1 74814 67178 648993607
2 8117
1 4070 43119 396874235
1 5493 27511 505775279
1 42443 63951 889388397
1 55719 60553 563768916
1 40288 50093 865714258
1 87791 19506 103251879
1 50368 68714 686316387
2 52483
1 28748 58896 867536519
1 46955 76249 732056981
2 85208
1 55328 76129 908307068
2 84967
1 47265 30254 404215772
1 19898 14633 444115199
2 59651
1 73015 90493 939290560
2 65004
2 16847
2 51429
1 33632 17952 435232980
1 62087 59858 736717481
2 87637
1 56429 89153 326576565
2 93609
1 56933 68687 260775323
1 95255 45702 304669213
2 51716
2 23519
1 53901 72922 869218236
1 15543 72702 535826768
2 40639
1 48416 16063 550238951
2 27274
2 8715
2 51301
1 69795 75163 291779910
2 37063
1 92467 5911 118522153
2 40224
2 12726
2 7457
1 68000 9436 309062590
1 95138 69177 36170003
1 2039 60791 180560411
1 45992 68493 978310457
2 89548
1 76229 10778 211670940
1 33168 5437 407195138
1 42328 20475 943637744
2 42111
2 83125
2 53046
1 84405 39064 583799326
2 83652
1 86501 89876 282977459
1 75118 7197 172377859
1 29536 3549 672935934
2 49298
2 16829
1 2639 33855 318517083
1 41202 93747 414745828
2 64214
1 27856 81926 87176422
2 2550
1 77837 28832 674182252
2 22330
1 20898 101 359617856
2 73945
2 79012
2 17511
2 96499
1 63651 93833 118548752
1 67327 6033 192175473
2 88940
2 87633
2 8357
1 23934 38504 526398508
1 88074 26583 71304270
1 77596 99123 143661472
1 10437 56123 288952009
2 62997
2 26257
2 49660
1 6938 95633 983111269
2 49410
2 79210
2 18261
1 50943 28748 634657499
1 82661 58167 370818630
1 85139 3189 482560429
2 35927
1 61316 54426 112443881
1 37614 33301 226095115
2 93711
2 98330
2 15188
2 93612
2 66079
1 28497 97479 519670613
2 23146
1 85993 45379 238762809
1 91281 58317 990839091
1 11545 83940 302701250
1 93821 22725 552593381
2 72101
2 90608
1 95137 80836 323471211
2 15162
1 90700 83915 484700167
2 43402
1 2342 84071 396888948
2 21216
2 37713
1 45692 82377 205982174
2 67251
2 40500
1 16606 55328 536478735
2 64717
2 48458
2 49959
2 23959
2 89374
1 25511 16627 281939083
1 69134 39186 501272613
1 20012 11170 251557230
1 44339 44281 283795256
2 48448
1 79719 65332 160616756
2 56327
1 47458 70408 397496469
2 61389
1 12999 7052 893174058
1 92418 82267 279558793
2 24486
1 50994 46124 318786941
2 27458
1 63979 4241 408647580
1 33520 60088 309228160
1 68936 50044 344289400
2 77842
1 88316 50771 180816674
1 92164 9786 862124194
2 66055
1 10363 8283 408225999
2 61979
1 51831 45647 734641507
1 48285 31508 386016235
2 37911
1 29935 99416 45996622
2 5598
1 56186 96828 7889652
1 81581 97810 973371340
1 64961 58941 883846484
2 68852
2 10247
1 4157 98937 871423114
1 75340 67958 557335774
2 76423
1 95419 53909 966921319
2 60462
1 97364 22562 165731256
1 57725 73185 256358520
1 87376 21499 399246129
1 93390 44842 756262727
1 37043 95265 782293724
1 70690 94452 973891310
2 64833
1 49901 1955 833188946
1 93686 18818 290013333
2 51408
1 78133 9549 416139788
1 20187 94229 554577454
1 28796 45749 152780048
1 37139 14928 123526426
1 15241 15893 981967538
2 37913
1 55718 49294 578689538
1 28148 23654 244839829
1 29917 80935 569059357
1 28032 48826 916582675
2 53993
2 42824
1 56211 74672 114392669
2 69750
1 35420 76890 512721661
2 64160
2 80197
1 82256 23204 322580418
2 99468
2 9861
2 30716
2 26393
1 25030 4789 74165186
2 85418
1 51739 12638 267143797
2 18892
2 11009
2 71406
2 2315
2 79660
2 60369
1 28766 42988 197717205
2 95026
2 20708
1 80619 83335 491367625
2 28359
2 52701
1 78353 30468 102214173
1 69699 7708 948907748
2 18921
1 50866 72031 382110686
2 82125
1 62383 45857 527603077
1 72745 78692 929438857
2 3298
2 24758
1 77161 35797 11363912
1 14867 4774 253830387
2 65860
2 7710
2 78915
1 6933 92491 775705922
2 17930
2 54787
1 41328 28119 888226926
1 53186 15909 373106834
2 59304
2 75233
2 71380
1 78130 74961 743018964
1 97212 28889 857351518
1 45592 29164 835186625
2 79749
1 19610 78699 816981373
1 81353 82224 105761381
2 23744
2 64700
2 64361
1 87874 94098 752507738
1 21928 94074 357105226
1 67154 46982 574993945
1 68502 97856 748567811
1 9907 29886 965050823
1 87557 89326 718088394
1 10914 51403 36629558
1 20549 13855 18421799
2 74567
2 85267
2 13607
2 31630
1 67718 7262 902882713
1 42076 72928 427105864
1 64206 79450 233958748
2 35983
2 58487
1 61926 96254 682353715
1 40596 7000 543816121
1 69296 79369 454084970
1 4792 99198 602567132
1 29078 52385 861594758
2 41247
1 65446 73848 839710563
1 47209 21635 602289704
2 86660
2 90672
1 74935 4993 143888245
1 47083 95964 620261843
2 62155
2 78384
2 66556
1 62840 21319 173790522
1 81840 2059 370334099
2 23580
1 13790 86871 503971098
1 7909 83823 483577572
2 79005
2 10870
2 82513
1 51626 61718 155722308
1 49807 85241 784091282
2 49726
2 99257
1 28390 10838 76435662
2 36897
1 24486 77938 179334298
2 44910
2 46726
1 19509 24047 514026441
2 8474
2 56077
2 21025
2 84052
2 12533
1 96685 70563 133899060
2 94140
1 37727 89776 664286918
1 52504 14130 861273064
2 93731
1 96840 25271 591066841
2 5293
1 69710 1040 408950825
1 24381 79893 84618512
1 30577 78969 157045415
1 13368 70993 76897769
1 60138 29537 813159125
2 35660
1 95894 55728 842198582
2 93350
1 28839 69243 227156055
1 74781 57174 735934369
1 60703 88662 658972469
2 65931
2 62604
1 3973 60465 409286004
2 25138
1 47817 76234 753639306
2 12846
1 84979 49986 695869271
1 73512 38258 586984517
1 40071 1185 905113339
2 68553
2 88945
2 71057
2 80565
2 42889
1 13971 10830 885499228
2 74618
2 28360
2 72632
1 87763 30324 495733484
2 5454
2 27803
1 53297 57896 651688283
2 28476
1 42034 67310 294808138
2 10050
1 89334 18765 333821085
2 78452
1 37004 20577 436860573
2 60707
1 10383 30471 575986330
2 12152
2 79890
1 35936 89854 37443380
1 73148 47559 402991177
1 57124 14824 777284022
1 62283 92848 865056240
1 31025 96853 719953869
1 12271 12142 396828679
1 92172 57283 120563521
1 29762 45226 68125984
2 96328
1 11629 1135 475532347
1 16480 4846 79631269
2 27968
1 26554 78953 802837000
2 81895
1 89618 18582 280427983
2 11695
1 86044 51083 105695774
1 89091 58400 714212478
1 50573 75451 332916654
2 73582
2 19513
1 53802 45999 111634904
2 4399
2 39266
2 59566
2 60862
1 77604 67772 304957979
1 38631 29239 36617740
2 99084
2 46433
1 72550 58833 174216846
1 49958 95082 536418744
1 79820 79471 95893706
2 99448
1 13589 60554 547932776
1 74553 11740 100988057
2 23560
1 59719 84255 110421703
1 52722 67095 476340326
2 48898
1 94586 23358 164279872
2 58197
1 34221 42343 510053549
1 10841 6836 756460417
1 66636 73856 627094220
1 49588 76991 715715225
2 62742
1 3097 88094 496454323
1 6594 15062 265688749
1 1185 80303 423161632
1 66853 82860 74898092
2 56613
1 46400 63912 431692835
1 375 60088 131980043
1 51307 95180 29791139
1 1700 99139 311445784
1 78889 3797 362518223
2 4938
2 55980
2 16804
2 79517
2 94050
2 64215
1 73299 29859 13003835
2 48851
1 18559 80596 60734690
2 81493
1 96800 39120 755747601
2 74562
2 49470
1 50983 57968 410256817
1 39163 99038 934574933
1 35185 7599 757568281
1 20058 28801 181308845
2 68500
2 94636
1 86175 48587 11509191
1 54795 43058 143777959
1 10084 74473 319179543
2 90126
1 75284 85584 357855870
2 69354
2 27996
2 84737
1 27112 29739 778646343
2 55951
2 8401
2 97740
2 94222
1 83762 84659 612306925
2 30025
1 50804 79039 211290433
1 91228 9217 386522562
1 14176 51466 363298151
2 21457
1 14760 47613 845563764
1 24017 74724 239133645
1 10503 70742 107053043
1 7013 59190 754601695
2 16824
1 36174 6962 157205786
1 60582 2953 524115112
2 99665
1 25404 8814 798992665
2 11812
1 26451 65858 601180131
1 53251 38711 513612812
1 38972 79665 502002386
2 52560
2 82850
2 65927
1 92519 92318 1396683
1 28313 22996 671988791
2 41994
2 6023
2 87961
1 79463 18564 854155082
2 55954
2 80776
2 52349
2 47602
1 87584 41706 835536654
2 18953
1 83351 94010 939911888
2 3167
1 81917 46692 959259399
1 17386 76673 321851392
2 98509
1 99204 26181 182598695
1 13377 36397 167263980
1 1646 83181 709338377
2 57362
1 54704 20003 860845645
1 45751 89513 84893788
1 51355 54168 685056347
2 90908
1 38603 8561 227667386
2 49541
2 69859
1 77264 91300 316044433
1 48167 78196 315969167
1 95243 79229 989290174
2 42773
1 87119 49680 706568816
1 12434 63477 767449149
1 18283 35424 955759092
1 85153 50092 768114550
1 86664 13628 918746812
1 41068 12090 945141943
1 45947 85701 27906894
2 33804
1 67475 83636 459701281
2 93880
2 88568
1 44669 68461 400435604
1 68238 61698 744560508
1 51340 18485 801107448
1 65231 45959 224190868
1 46899 71892 629173481
1 9375 44465 22527869
2 3238
1 93683 2729 546335869
1 78663 84632 692515301
1 54969 1254 530314949
1 80886 52118 769105091
1 54006 17444 673261564
2 49875
1 54876 94333 32474170
2 47425
2 34327
1 87491 29596 822261797
1 2055 21093 545367669
2 11411
1 73248 759 178230020
2 57228
2 41017
1 76570 20328 782622023
2 57475
1 94940 57453 994713000
1 7869 11211 310775460
2 10539
1 45824 51168 648970926
2 96626
1 27020 59430 837310306
2 77598
1 94193 64814 656445241
1 79285 60216 257338864
2 59472
1 81181 99915 328445217
2 81692
1 92041 1809 161798404
1 6987 84464 914797101
1 70344 37893 361617974
1 84479 231 863501168
2 2316
2 77827
1 13401 59819 455870853
1 53069 69607 626765745
1 9640 48543 80357469
2 50931
1 92215 46021 934216300
1 79974 68597 244116445
2 66575
1 20848 58852 22874804
2 48121
2 79393
2 20515
2 84514
1 66403 37418 929928489
1 81112 4098 522962215
2 42005
2 88141
1 48539 12511 597144256
2 28704
2 61704
1 79550 68369 906872748
1 5064 70300 808352693
2 65527
2 63625
1 54434 76085 877417164
1 63057 36898 443737622
1 73890 79792 367338931
2 727
1 23706 47377 811978851
1 66291 15607 302988082
1 32112 92571 70701256
2 73303
1 71413 89013 291450911
2 62706
2 3019
2 37804
1 93201 75224 473485446
2 74484
1 70200 74698 492622199
1 10630 61328 841852693
2 11637
2 3051
2 14355
1 6696 68206 365507292
2 78406
1 27291 42709 902522444
1 14598 8502 878582013
1 93342 97248 556781416
1 73025 59915 473100404
1 58568 89746 426748361
2 6199
2 65327
2 6816
1 27590 16906 61912701
1 28842 49410 818908855
2 18964
1 47470 62799 279979079
1 28758 74915 422092941
1 50371 93388 908985840
2 8455
2 97583
2 12661
2 89436
2 63380
2 24315
2 98010
1 63652 86501 530336979
2 4419
2 65759
1 11778 17630 812078232
1 45060 27073 450631405
1 65226 24196 787931672
1 24031 47323 595573307
2 24701
2 82187
1 36444 54150 590127393
1 12512 29772 949727076
2 97035
2 85759
1 47282 62880 27106676
2 95463
1 82700 31303 401725039
2 95811
1 90868 82716 966820102
1 22359 31866 803525348
2 69045
1 71010 23522 46974722
1 8448 45061 303850557
1 20680 22016 548614200
1 14445 99290 208682221
1 75869 15081 236571007
2 7353
2 20829
2 51704
2 71190
1 79604 36529 678414853
2 76513
2 2657
1 45446 8802 461115930
1 40951 60219 211931525
2 79108
1 93783 58115 609875198
2 59858
2 94157
2 38470
1 82368 32294 702793090
1 78818 83524 178631820
2 92171
1 51541 59421 577407648
2 386
1 43761 36400 62379911
1 50253 70389 931616130
1 31153 21646 177836458
1 423 26942 467013358
2 13769
1 67380 28488 472622636
1 21597 60590 760906007
1 72901 22503 771128756
1 31005 24911 229827146
1 12521 45028 235652091
2 82517
1 18380 83482 978024145
1 28379 91753 917622489
2 35983
1 16789 30867 812300115
1 51057 90576 42075614
1 57671 89036 481103736
1 94458 43016 869653263
1 45682 47567 998234941
1 72803 74882 529276609
2 19160
2 73213
1 40118 39766 111646914
2 6428
1 48651 6334 529173747
2 39101
2 2958
2 17533
2 28689
1 42350 1247 616068948
2 51440
1 16552 3857 850174535
2 53165
2 29977
1 83014 317 324828834
2 41998
2 9004
2 73096
2 32662
2 51143
1 65388 10598 341274603
2 50778
2 5618
1 22796 2770 326024735
2 49735
2 26312
1 51537 22540 31777772
2 51477
1 90965 45038 609939877
1 2285 38523 356295173
2 28923
2 96285
1 12576 92225 136211470
1 30173 56769 165009259
1 84523 45929 307730903
1 1315 89321 601216523
2 62308
1 14901 82989 79696689
1 82372 65902 130743321
2 5329
2 88084
2 27760
2 79819
1 119 10224 410883319
1 44708 41379 320418162
1 7388 86191 308110631
2 74740
2 61266
1 23105 97369 568766768
2 6770
2 56776
1 70382 92041 20002253
2 40108
1 53434 52170 625657334
1 94402 52208 995474481
1 72925 17623 147214045
2 88897
2 44678
2 81267
1 61386 72937 113504403
2 94150
2 88895
2 46495
2 96666
1 35899 6352 271425308
1 23694 29634 861463799
2 69185
2 84246
1 54407 75591 96525143
2 66017
2 12437
1 33100 70263 536901952
2 99158
1 66271 72882 479017272
2 40025
1 69157 50166 968572876
2 52615
2 47874
1 16176 37677 305435277
1 75504 20886 264284483
1 88684 73160 302559174
2 94473
1 20736 92544 99403721
2 27130
2 2403
2 43405
1 54546 38499 874029997
1 36305 69999 170572028
1 66007 90243 586950250
1 3767 24225 81750082
2 8388
2 6282
2 45584
2 9455
2 98459
1 90540 37768 924217184
1 11449 43666 571435581
2 86858
1 85252 8286 698781756
1 1438 48548 332475921
2 23300
2 33006
2 42713
2 47078
2 37619
2 20888
1 31355 20637 380631392
2 94194
2 7518
1 5253 27564 290645583
2 56982
2 91755
1 72250 66061 997003976
1 57669 30076 225157329
1 96152 60653 576954007
1 54000 1325 125904439
1 5022 65954 389695498
2 57455
2 57720
2 52540
1 95848 5324 734800125
2 63077
2 92008
2 13209
2 4500
1 98156 33555 164824120
1 64440 53561 179941685
1 13997 6035 252082221
1 32112 54845 117069723
2 78210
2 2949
1 96806 59161 896676420
1 83121 69915 584783805
2 67581
1 50379 81148 136421060
2 44710
1 51682 79331 711393670
2 19209
1 9804 1680 15635740
1 46213 81265 539195339
1 73186 53128 253830376
2 63353
2 84749
1 68735 22452 465787345
1 65563 15089 733955177
2 1100
1 84011 26395 35936001
2 65631
1 78411 72501 339001868
2 92299
1 93585 15934 278066577
1 63868 66557 278257107
2 85707
2 30124
2 40532
1 70055 11510 505228186
1 94377 18797 106494152
1 82302 82923 157308815
1 49279 22933 317208707
1 9282 27433 400794395
2 5855
1 14724 45893 723514887
2 75274
1 45132 55248 479564897
1 17431 82798 645587827
2 6968
2 49187
1 95504 1699 801784994
2 63149
1 37438 60556 130647594
2 62468
1 23956 11434 584947714
2 76232
2 65027
1 20378 4024 750980574
2 81852
1 16317 23180 15542728
2 14976
2 25433
2 38201
2 79128
1 16380 40665 563786428
1 70995 65288 245385600
2 90034
2 13953
1 24705 43636 767115825
2 56194
2 20229
2 64655
1 24613 39941 591541315
1 69424 26028 203643543
1 49927 63104 595444976
1 10979 11470 738896859
2 36300
2 16985
2 13331
2 50405
2 15764
2 30246
1 62525 60296 723682340
2 98003
2 27569
1 87014 7861 63545021
1 56242 37053 365761042
2 67406
2 67332
2 91271
2 55185
1 48264 40006 72800847
2 75480
2 36446
1 87414 67542 813904728
1 80158 15475 49244703
1 61308 47487 958683784
2 69594
1 12857 67836 464586758
1 37355 58382 85857220
2 77583
1 43615 72564 700617963
2 47870
1 28323 66363 47378037
2 27454
1 23179 9205 40445537
2 17641
1 98670 50373 365512645
1 6599 55702 206432756
1 34670 7533 182093117
1 11388 95511 282580856
2 675
1 99793 13032 84936220
2 68145
2 16191
1 56190 26553 515333347
1 53565 77499 761854200
2 98924
1 97323 78473 412831363
1 38101 19483 281103693
2 34264
2 96187
1 94571 60162 790458158
2 2515
1 21339 97493 484104259
2 47199
2 6436
2 84856
1 65676 31389 771362965
2 51868
2 13684
2 28233
1 18193 36422 128064605
2 76893
1 52703 98639 919274661
2 55611
1 46449 46008 253064679
1 93672 35447 349883271
1 77757 49769 176437142
2 9228
1 93680 32512 631366150
2 17955
2 86814
2 60116
2 23982
2 49537
1 79051 72509 598332811
2 59418
1 50296 97052 240841461
1 14875 47005 104302212
2 60216
1 53013 35340 997331999
2 70295
1 52374 74750 157825207
1 966 21284 331092592
1 30505 98933 176073577
2 19018
1 35895 23777 713456743
2 77668
1 82574 34741 265746397
2 18909
1 39540 91393 6627570
1 46850 25848 544161812
1 65805 30221 588074249
2 33975
2 57914
1 31047 60961 342206341
1 86594 16363 250292697
2 85773
1 34902 53885 755075264
1 87132 99288 652943131
2 70252
2 20312
2 31659
1 67488 34428 834579946
1 47165 37385 890004871
1 68436 8795 857832500
2 26991
1 48159 58232 672529896
2 12022
2 95415
2 49536
1 2324 51834 667059709
1 70260 38172 128340590
1 74499 94430 352919668
1 88030 27923 874551981
1 25552 48322 712114747
1 35407 26527 647908153
2 5943
1 48853 76144 345462211
1 62129 45511 203481569
1 47607 78547 122802924
1 61191 41553 942855980
1 26952 84815 181697112
1 46897 64601 371599606
1 8827 13945 578971254
2 64966
1 27468 82923 159572395
2 91356
2 62795
1 739 63923 763356536
1 71985 81857 628780365
1 10212 64316 343202981
1 25590 28003 554942872
2 70646
2 64428
2 91400
2 4422
1 10360 20657 496145712
1 14441 25454 961396769
2 74636
2 7405
1 99663 10124 383817142
1 69449 8193 936761738
1 50842 93728 65989579
2 4004
1 75561 67171 970258782
2 46856
1 69986 17270 789446889
2 64481
1 42159 81532 381377565
2 85011
1 40732 79654 646026331
2 26509
1 83258 11504 533596003
1 21244 92705 904321150
1 13165 77754 830488651
1 87948 22133 118302280
1 45694 12810 566680862
2 72725
1 63647 66001 23334481
1 14877 5382 863662410
2 92353
1 5866 15908 976051374
2 3543
1 73220 39054 20050462
2 11123
1 55330 78731 457581842
1 28058 74259 557167752
2 95636
1 32960 23042 69636469
2 29128
2 18495
2 83991
1 58087 45420 696098937
1 16066 51596 330144776
1 3954 54302 977971877
2 2273
1 91972 42290 734882116
1 33424 23210 909812077
2 12041
2 98787
2 36262
1 30722 47118 232776623
2 85895
2 67275
2 51672
1 98566 93932 200773355
2 64454
1 78383 79915 756888274
2 13415
2 66833
2 39940
1 32458 15388 549590019
1 53791 56749 284869271
2 83188
1 52407 44853 203639671
2 75897
2 22454
2 40728
1 89436 93978 296297491
2 28407
2 94973
2 58737
2 95325
1 26346 19344 713570759
2 37003
2 43384
1 29041 35065 57055790
1 5987 30130 980356874
1 2769 95867 630482862
1 25304 69776 71056912
2 55928
2 39808
2 52005
1 61825 81376 954388950
2 78941
1 11241 78833 395631572
2 2899
1 70131 87810 415299148
2 54401
2 55315
2 86839
2 44593
1 2057 9851 67424503
2 96943
1 4492 22016 744534307
1 8131 51894 276345991
2 77139
1 51029 73460 847189336
1 39205 12431 750172009
1 14253 355 794110959
2 57305
2 61565
2 56847
1 71586 54118 277965136
2 2201
2 61984
2 92372
1 57599 78261 589062999
2 93450
2 35166
2 48193
2 59499
1 22813 14934 970374998
1 97700 17641 884649018
2 58235
2 86624
1 86409 7092 576114275
2 22126
1 53791 13521 540935823
2 36905
1 30841 62670 971384494
2 51617
2 3048
2 99579
2 14284
1 67078 88047 33925383
1 90794 15438 391914742
2 22220
2 3523
1 69376 31251 720128691
2 61231
1 42757 31596 402845344
2 12557
2 69429
2 43456
1 33056 44931 504739825
2 6137
1 44662 5411 48759187
2 25226
2 24231
2 23476
1 80162 48228 582710839
1 48367 79952 690082785
2 64529
1 31754 5391 7458869
2 27733
1 68699 48357 563426740
1 7030 51156 14635053
1 99702 57460 388941527
2 76169
1 68439 23134 391220603
1 50113 99680 844509618
2 85114
1 12232 98932 21268533
1 89751 97627 512119380
1 95122 26335 725318420
2 46887
2 40465
2 63779
1 59456 35290 939563613
1 67633 1540 866554589
1 46870 90445 303532162
1 73850 11822 444722773
1 31645 4153 614851141
1 39253 76697 301552516
2 46543
2 60
2 94621
1 30371 53091 412037457
1 46787 34068 765404003
1 79097 38299 563273424
1 37286 15516 517100450
2 45866
2 61748
1 21237 85431 308343475
2 82747
1 63147 58476 523942351
2 95990
1 8523 37682 472426705
1 72433 68978 106790997
1 35866 35569 25015443
1 15148 73393 349463792
2 98823
2 3994
1 15118 26896 338934294
1 90342 51201 989965612
2 86610
2 9580
1 68519 418 714593292
1 53528 47879 481513754
2 6899
1 51942 40405 955185684
1 95301 75248 445111123
2 51416
2 25344
1 68540 51411 226513231
1 71179 7400 407109715
2 38809
2 3914
1 1580 79208 214747197
1 66097 16308 922155842
1 20440 1130 524641586
2 6989
1 79663 17353 932904111
2 17098
2 99554
1 90363 25269 812453567
1 23241 43965 577069891
2 84379
1 47867 86261 555167640
1 72067 70744 304212873
1 32398 62178 128237351
2 98662
1 34887 36682 162357749
2 86682
2 24587
1 18165 37100 821997561
1 88017 50695 690815923
2 21365
2 93792
1 13736 23230 670205130
1 59130 58311 477769933
1 2681 8333 778502620
2 79053
2 13026
2 71373
1 95403 42987 937323863
2 46468
2 46353
2 96827
1 89055 80572 281761284
1 62098 13926 298790275
2 21063
2 63514
1 58171 10950 869148358
1 94646 30378 989852434
1 30322 80258 875433582
2 33541
2 37333
2 43981
1 73573 93857 615644804
1 53176 51944 344372545
2 25153
1 17311 59456 125488571
2 88382
1 80510 70876 375779285
1 20060 52659 887154689
1 19081 66059 366065746
1 42349 73604 561213439
1 72852 78349 574282107
1 72056 74970 95677932
1 90508 66960 133479637
2 51778
1 80471 97091 255390004
2 19192
1 63490 27912 790073818
1 7675 74739 821390006
2 89458
2 89067
2 23418
2 78360
2 30359
1 63534 91096 194583979
1 13366 41402 548605084
2 67134
1 9185 89707 538338037
2 26123
2 53445
2 3930
1 48292 25746 186072691
1 11410 69676 915840734
2 74185
1 89700 36466 651924808
2 90232
1 30736 14419 488997432
1 10074 86530 813793039
2 10163
2 81688
2 72673
2 48682
2 13958
1 16477 77779 497977362
2 65435
1 32827 91659 410166944
2 21868
2 15677
2 1990
2 73570
2 12403
1 34006 67510 113465865
2 26447
2 93673
2 22809
2 64370
2 36398
1 48535 74098 426170909
1 75092 10954 688351029
1 92042 46352 442763719
1 86180 85056 767358936
1 6249 55937 736098386
1 30247 99015 327481354
2 10066
2 60509
2 25942
1 54078 34475 552915192
2 24124
1 5837 17602 57742358
1 19775 43268 150010080
2 63341
1 36076 81326 560606292
2 46080
1 25366 12469 637118603
1 16463 14885 59066157
2 34578
2 87920
2 3950
1 55319 99594 959097030
2 23551
2 37862
2 95324
1 86981 78585 58806003
2 49526
1 47294 82852 890987693
1 56902 58963 674157429
1 83381 11688 158768244
2 4384
2 41621
2 81191
1 73661 10754 544004753
1 38270 81499 325439179
2 64822
2 25451
2 35148
2 36385
1 4597 62209 197070891
1 31261 22528 695777465
2 4126
2 20515
2 67318
2 62662
1 17277 93467 485810348
2 156
2 83882
1 28245 81370 320144820
1 19810 14030 797874545
2 39828
1 40326 63733 26430163
2 60579
2 5663
1 62011 21695 521556463
1 62936 27200 297619089
1 65549 15347 442140910
2 51109
1 75296 56107 416120622
2 45134
1 80980 48455 17452909
1 13636 70626 400403782
2 98798
2 56553
2 44095
2 84453
2 30398
1 73712 11171 107719349
1 55336 57699 874944735
1 6044 29461 467739069
1 32770 23929 311283239
1 32816 20906 291214762
2 80688
2 78971
1 75942 65061 942692325
2 71477
1 6136 17839 191854062
1 45323 30014 250135664
1 67367 77245 850812385
2 22095
2 85093
2 51225
2 17637
1 56514 57010 991567942
2 59880
1 9249 14023 940634533
2 36583
1 94123 10748 700777361
1 95014 99634 413257558
1 17831 62601 545404193
2 58288
2 31333
2 90970
2 18317
2 79365
2 74285
2 35113
2 15545
2 55061
1 10875 73273 477460157
1 77652 40873 979070829
2 75495
2 98824
1 72296 4167 626306137
1 13026 19615 820019078
1 64419 22811 331048513
1 58936 94908 707771049
2 93561
2 85164
2 5374
2 22299
2 46490
2 32100
2 48336
2 7485
2 31379
1 54793 62648 565502753
2 63523
1 98808 1832 454711121
2 81266
1 82007 71127 351868493
1 59984 74182 828349353
1 4018 47397 205538233
2 8782
2 23632
1 75797 28014 274555936
2 16747
2 76014
1 88085 2201 702222719
1 86930 61713 151179077
1 93037 30160 17652327
2 33762
2 51759
2 51274
2 46326
1 40057 41809 680026682
2 34566
1 52731 88770 768799711
2 97058
2 80775
1 33747 48640 369239412
2 49377
1 51418 13074 681365112
2 67552
1 37214 86679 641862973
1 83048 77160 230034167
2 92003
2 51462
1 20334 69334 737276482
2 16301
1 29653 29146 725349979
1 9765 2386 73167629
2 79228
1 83449 65194 843455842
2 77634
1 76958 23787 690103057
1 786 77310 572584248
2 83096
2 10172
1 9658 87028 952490561
1 33557 4734 401883150
1 77606 43873 481257080
1 97396 34038 219101564
1 71168 87751 251471685
1 49005 3903 360208922
2 84707
1 2752 16177 839068029
1 66618 83260 773321882
1 90944 77215 255230172
1 11597 49496 486902350
2 52971
1 34475 17694 865012746
2 3707
1 31347 4590 981188301
1 83237 37883 411528271
2 47248
2 25411
2 49462
2 22913
2 76463
1 54377 15885 132032751
2 71124
2 61680
2 43129
1 97870 50309 376826106
1 96397 38308 811072401
2 9671
2 45528
2 94071
1 63282 61140 422540797
2 50032
1 76661 99805 40685766
1 18886 27951 306864930
1 49059 3872 167461688
1 8196 47506 259503881
2 46310
1 92149 5533 525455733
1 96685 77974 170886730
2 89171
1 13860 62622 674000406
1 1178 57140 136595747
1 28283 34147 159785030
2 22062
1 58389 56401 487475194
1 67542 91788 872049126
2 20310
1 13483 97117 87419583
1 6803 57276 982301080
2 90566
2 67932
1 43707 78941 254877069
2 43633
1 46842 43713 628287896
1 79970 10176 214131465
2 97175
2 92946
1 66414 82605 94804894
2 63101
2 98947
2 90675
2 56387
1 20964 80967 749686254
1 68897 68246 538370258
1 67111 96593 932571901
2 70574
1 10143 62140 880506117
2 41415
2 32638
1 58854 21972 185054007
2 22592
1 41933 44846 842731937
1 72142 55590 842954244
1 6258 34204 916492653
2 10678
1 78410 25297 913839798
1 10300 59777 889184793
1 30554 87219 934157718
1 23448 99203 347991817
2 52942
1 6780 55027 510049467
2 61129
2 98046
2 95286
1 46420 60273 70469458
2 27026
1 13125 31800 363744381
1 41067 54710 720685549
1 61185 13425 732702688
2 60722
2 84354
2 1707
2 31628
1 34264 96757 689444876
1 62511 84885 708259534
2 59675
1 84505 41279 565672843
2 42565
2 6653
2 34012
1 60751 84468 422574793
1 77108 57604 777735820
2 5225
1 46978 79392 3475990
1 9332 96566 48845988
2 28962
1 8363 28055 747445141
2 5928
2 59133
1 35343 1337 238536202
2 87306
1 69914 72099 552989324
1 4840 82860 726861037
1 11732 43674 210607454
1 50490 29025 426906138
2 42251
1 8227 93861 305200107
2 3300
2 55022
1 33670 22192 248567161
1 54825 49057 366547164
2 39543
2 76393
2 21221
2 10933
2 50290
1 30624 90978 321008593
2 7566
1 97352 45268 210433912
1 13645 42406 832266551
2 61781
2 46420
1 48275 62069 223099062
2 64379
1 23989 84076 587860630
1 14042 66890 734810341
2 55654
2 36195
1 35660 31193 894687635
2 94999
1 18071 6526 148740785
1 63798 8312 410292279
2 94498
1 57067 54030 749639520
1 70931 13135 778270203
2 77755
2 50933
2 81379
1 46277 49767 999420617
1 41260 22216 272975663
1 6239 55207 367968278
1 63826 56615 842362770
1 84345 14844 866906402
1 4251 59247 824260885
1 87640 73590 640874025
1 96776 55233 748460556
1 68185 85407 745869364
1 75634 77744 666657471
1 67046 81666 316221124
2 48100
2 75275
2 50298
2 85871
1 66169 34144 504363965
1 53505 62238 509444076
1 84720 26618 695858878
2 41680
1 59886 11515 260862750
2 80929
1 20919 68493 359493645
1 68453 76964 280844637
2 22666
2 85097
2 54002
1 87073 32512 140325418
1 10342 46681 826902171
2 5626
1 31720 41629 502197060
2 98892
1 84022 7368 448521104
1 67637 36935 416192209
2 62695
1 73642 75454 562415444
2 45642
2 58778
2 47584
2 64825
2 20966
1 58780 28185 851143803
2 44315
2 50709
1 93217 95103 760035965
2 921
2 51352
1 32028 3304 189634242
1 68697 40602 979174137
1 677 64897 615553337
1 809 87813 458687345
1 24845 87726 884715470
1 78722 8134 429782984
1 74818 11867 205821054
1 35749 74185 735895024
1 89378 18323 277271454
1 93952 21596 915962540
2 49866
2 79324
1 1161 67679 766301263
1 56419 62984 666372198
2 95724
1 74067 65975 10074524
1 45811 88580 867214329
1 94117 30050 843291484
2 5534
1 28609 97446 880263573
1 48980 54362 193784036
1 13679 63323 725655710
2 9565
2 38045
1 83762 81791 518458760
2 52985
2 67746
2 92062
2 86861
2 23187
1 44857 64913 225511500
1 38977 81211 769242020
1 87587 79787 772870087
1 38064 56749 679927116
1 93661 77901 111008899
1 16249 34278 257324963
1 1323 19721 931072556
1 15347 59157 496744884
1 66112 21980 665898476
1 47708 30997 413867286
1 5217 92240 376762599
1 7501 85691 164726695
1 49219 46357 836371793
2 10057
2 27434
1 87100 19885 544926813
1 30709 91602 518976756
2 66488
2 51898
1 64015 15281 844110831
1 42759 40534 164396116
1 26503 68109 487265058
2 66936
1 10622 62109 165386837
1 67731 38227 67568218
2 86355
1 67238 10795 915829955
2 91556
2 43213
1 22374 84060 426603598
2 69097
1 7244 16776 468674980
1 28754 11264 700318316
2 78955
1 66027 29127 189485694
2 39789
1 95660 92151 13633076
1 76747 97498 681188826
1 47982 87189 638450206
2 50310
2 39009
1 6720 27642 194950055
2 85186
1 99058 94262 5628245
1 74529 61004 923475145
2 63620
2 56200
2 93713
1 57881 7045 882049966
2 72454
1 5253 95013 217404893
2 18816
2 28232
1 76853 20002 66015785
2 24954
2 48352
2 33753
2 6785
2 31306
2 16156
2 45768
1 83427 34228 486259535
1 68139 9690 343556603
1 42526 55807 387202166
1 53158 64829 502989113
2 17260
2 41682
2 65514
2 55404
1 37121 9149 895409243
2 93501
2 33098
1 40087 34609 642443842
1 12630 42388 248465617
1 44202 87140 100410501
1 17392 58901 524296855
1 18899 96811 650782957
1 57617 59700 564678754
2 21742
2 79868
2 97374
1 58837 31329 970608899
2 71679
2 13095
1 26294 35557 601851274
2 2495
1 66392 77938 839532739
2 82293
1 20545 56646 813130547
2 51764
2 42084
2 59481
1 66946 35139 613280207
2 25313
2 88277
1 8995 29751 509339633
1 24729 78889 634961059
1 37814 69196 795054968
1 6313 65657 80725569
1 87046 33481 327856713
1 61951 25790 477284635
1 89612 28798 431781626
1 61541 6410 568344990
1 55442 41981 387442588
1 21657 68402 736215940
1 55791 75315 528501156
2 31880
1 66840 49362 108662133
1 10402 28626 480820237
2 72463
1 43336 40163 130658331
1 10975 50434 44688632
2 71901
2 72296
1 96730 17157 930548958
2 29277
1 11008 37289 396601821
2 96557
2 96180
1 19667 7572 953128639
2 54226
2 25673
2 66981
2 94402
1 28041 4659 959335195
1 22062 17061 171121782
1 81531 95465 389426569
2 49406
1 65046 53604 786706805
1 22179 18675 151356417
2 37773
1 68481 83728 688433010
2 34231
2 79364
1 45207 91919 959671907
1 91361 24309 215212001
2 60121
1 49277 77998 647802241
1 64786 71801 986728120
1 86244 44305 773779447
1 66458 18499 610077262
1 87425 61252 141168228
2 65196
2 22118
1 2427 54108 908558680
2 59055
1 26007 30435 275422170
2 19367
2 45152
1 34556 28435 611266250
2 76668
2 63293
1 45545 47611 837438075
2 55552
2 55245
1 73063 2282 164766877
1 32617 65294 956450493
2 11246
2 30600
1 59421 77609 197127637
2 6504
1 36702 65553 626199804
1 47720 86039 762312044
1 45429 73719 187008363
1 43305 33391 967703608
2 695
1 85561 16027 90395390
2 32909
2 81841
1 43870 48057 281393299
2 58806
2 8403
1 10277 10987 566571526
2 89500
2 88857
1 69 66783 651501168
2 99697
2 49484
2 93977
1 40008 17821 909155746
1 59244 55283 750784467
2 70193
2 93285
2 60620
2 22521
1 21114 24365 958923982
2 82457
1 82940 58578 357445488
1 10235 2775 430856583
1 19743 25202 208853480
1 51433 34855 900549573
2 85177
1 92297 76057 700315092
1 65855 67507 594093246
2 9490
1 65694 14213 986002508
1 90217 96748 975421341
1 65502 9188 461139608
1 61874 49517 552924949
2 54802
1 78170 45381 707142169
2 20610
1 62020 93805 866383315
1 7155 17913 665638721
2 13188
1 77476 97526 429084409
1 64609 86525 60646847
1 82362 8396 849185322
1 1393 7853 144209386
2 91088
1 98189 72627 17289798
1 35415 70646 288412611
1 34990 19486 657846491
2 94677
2 25967
1 56722 33466 3543161
1 27841 64173 299606086
2 44511
1 53980 87192 238608150
2 77319
2 243
1 86834 13968 852820749
2 87526
2 11021
1 48150 64974 20814107
1 65307 75600 551805882
2 72441
2 42685
1 39875 34784 475288685
1 84626 52219 66561818
2 85038
1 3492 92846 419221140
2 82202
1 19940 67682 276706024
1 57133 19100 87533904
2 63917
2 45136
1 46894 69098 916746862
2 81366
1 67914 27114 320720583
1 31816 32974 437390962
1 70567 24995 349064455
1 16228 86 334233459
2 95195
1 80896 57372 968621423
2 80923
1 62966 76909 376396495
2 56361
2 49319
1 26756 73366 617264070
1 604 39598 73780045
2 62542
1 39890 8479 436413615
1 31420 10228 354529014
2 15729
1 3826 28194 158081444
1 21055 94430 23201485
2 65604
2 35260
1 1467 76746 6500293
2 40491
1 80671 28104 920226573
1 82025 98854 22069893
1 26128 49596 82974863
2 90510
2 28945
1 23210 82313 248566506
1 46777 99349 240981573
1 50656 73014 686912984
1 77043 77851 542410198
1 75148 98270 557444315
2 23703
1 64490 4213 887080231
1 77308 97756 857010352
1 36443 53342 559051919
1 58983 49753 996262706
1 33558 51800 346467242
2 19326
1 97831 22225 436466597
2 14542
1 93638 22222 40450082
2 96142
1 48340 10037 379861556
2 75721
2 63274
2 23355
1 29500 18543 743033480
1 55949 41563 65683962
2 83627
1 3250 38828 675736425
1 33019 58935 585013028
1 50293 57187 163490899
2 885
2 57347
1 52017 23986 877460953
1 46156 42668 403982440
2 96890
2 85874
1 35819 1043 666643352
2 24178
2 37396
2 79963
2 33029
1 81454 27814 598464061
2 92899
2 91684
2 12065
2 78848
1 40539 27547 393943456
2 31410
2 75707
1 79284 93949 380921399
2 85208
2 15835
2 47467
2 96440
1 31924 62947 865604907
1 61063 74488 224400953
1 84242 51650 199822362
2 93716
1 52043 27773 107284105
1 58979 38540 157535115
2 7663
1 57646 73355 699084130
2 93722
1 21971 32960 561702090
1 21260 58384 732141369
2 53174
2 40989
1 30465 61442 823660545
2 15492
2 646
1 56082 19485 379066748
1 76193 94270 89377426
2 81664
1 95704 39348 38447629
1 6607 62920 858503832
1 53118 17928 938379947
1 52642 98583 81731369
2 36125
1 57063 38326 210459919
1 69156 91739 436161482
2 84994
1 37660 83765 890694183
2 21202
1 88989 43474 523305176
1 48775 78212 77242349
1 69590 34483 243703899
1 37871 578 389087550
2 84228
2 85622
2 985
1 78410 30923 905884516
1 24052 67882 369001585
2 12476
2 28791
1 80849 65998 452722760
1 33120 70488 626479085
2 16429
2 65195
1 69129 43217 364474696
1 3754 94326 324324074
2 81647
1 71845 7154 190170727
2 18143
1 19594 89429 675147015
1 95157 67009 882606628
1 82079 2509 533381307
1 94239 43738 598447809
2 79381
2 63074
2 25675
1 48306 5725 76856898
2 70667
2 50538
2 94508
2 44642
1 78880 57820 997493306
1 88562 32048 694536835
2 16406
1 84247 76200 215269779
2 90578
1 89523 90139 755315098
1 53869 57779 553228599
2 70843
1 54568 61153 671534282
2 2499
1 83092 29545 47119314
1 74983 91041 728817515
1 81920 41059 58420252
1 57069 31056 413322078
1 95893 41855 689405281
1 57121 11544 7702101
2 91656
1 50558 45453 63141279
1 10558 46110 583086565
2 11185
1 51989 98780 167867466
1 26041 43346 571783221
2 76981
2 87500
1 33462 62943 783964000
1 92430 92630 383439132
1 48486 95972 584968319
2 74532
1 50352 19219 766153630
1 49599 26737 202571853
2 36098
1 85496 41834 291531627
1 53959 40104 52727405
2 74046
1 49949 96925 533163040
1 73044 81990 324111445
1 53794 35094 45278514
1 10392 61058 953118303
2 56120
1 71733 48119 288112931
1 40605 45763 184348435
1 65961 62395 796773762
2 7836
1 94940 92088 20039980
2 48884
1 80368 93081 648672715
2 11835
1 94139 60073 988011351
2 6460
1 36964 6152 807760404
1 15055 87540 381665838
2 51902
2 78459
2 62334
1 72333 4378 250153731
2 9403
1 70020 84888 185853767
2 61188
2 58232
1 36563 23587 810365599
2 10169
1 75664 79229 481583015
2 41819
2 8232
1 99811 69826 548509248
1 81980 57739 816285318
2 82835
2 33468
1 46758 39575 216820507
1 44615 81872 553283098
1 33438 82017 754171251
1 72538 55281 514146498
1 66480 14836 140466335
1 18238 30983 266336691
2 22655
1 27577 40124 695492946
2 35305
2 74033
1 11388 44463 959767291
1 63590 47741 610576325
1 3565 59769 355078694
2 28165
1 68964 85921 155398768
2 10280
2 15603
2 92128
1 89114 82413 381273708
2 55920
1 41241 13141 689305432
1 77542 95974 446498458
2 66703
2 58604
1 13798 91209 494136165
1 83051 58688 676298466
2 88325
2 38821
1 61639 7206 993946005
2 59407
1 91760 66889 960208755
1 3917 89542 124913102
2 16274
1 79178 86753 36550505
1 91894 15433 651300011
2 32515
2 14767
2 8617
2 1986
1 66133 40402 6652778
1 16287 90610 950802397
1 37610 47442 715701279
2 85902
1 6832 88138 941115320
2 48521
2 52395
1 81359 6870 279505528
2 61536
2 91383
1 1438 12936 598909010
2 14959
2 15301
2 69544
1 7815 97112 208308431
1 11803 2763 121734393
2 49747
1 17831 52277 159249574
2 50695
2 52978
2 25391
1 33485 98127 325535289
1 70176 40004 935196562
1 65164 55569 244339569
1 27037 23908 679312018
2 98546
2 12846
1 33328 20088 208009944
1 9949 27348 395109339
1 23638 86714 384252353
1 8780 30012 764134622
2 41404
1 6239 25875 73226474
2 86269
1 55721 29441 675715987
1 72073 44339 458691333
1 13375 70862 16634340
1 98260 25002 7947433
1 69207 92975 103030252
1 89383 48004 336141399
2 39164
2 24434
1 2002 11826 106712085
1 34016 71545 455213807
2 95862
2 49784
2 97710
2 77918
2 58412
2 19329
1 51999 60098 682274897
2 26256
1 7785 31815 720475316
1 93855 5432 599141572
1 36630 45295 620687590
1 46406 59872 236059766
2 422
2 28116
2 33839
1 62089 64204 181197512
1 67291 81887 213051873
2 38246
2 6602
1 84083 70828 328832989
2 47632
2 96857
1 79562 18573 967464731
1 82102 64218 538879823
2 64998
1 20569 60589 668985149
1 25998 20839 324507675
1 69118 2470 543854964
2 50506
2 58553
2 66749
1 70301 18847 825276621
2 22319
2 26708
2 36154
1 27137 42993 505226597
2 62539
2 3399
1 2684 98127 420961194
2 87396
1 62072 7987 896473036
2 8720
1 30413 44563 957675219
1 52514 21849 774305627
1 9590 66915 976383910
1 40116 20812 534738829
1 18811 95179 109898050
1 20869 51234 910187939
1 16730 4945 984142779
2 51969
1 32154 94089 226991544
1 65460 15639 373063616
1 62512 89247 932167019
2 84690
2 64192
2 18486
2 65052
1 57018 26482 628362003
1 88949 19221 866931975
2 20343
1 39789 38598 362939627
2 18320
1 33199 76700 445326386
2 1967
2 77875
1 38641 56504 658921731
1 50790 53337 154067046
1 64294 6459 62957330
2 31668
2 71096
1 490 46564 45466933
1 75243 98796 875528887
1 36176 9181 23936209
1 35079 7595 23406879
2 81089
2 70529
1 25891 68819 644436491
1 41011 84122 752818160
1 59738 86312 622312292
2 20952
2 11940
2 36978
2 18677
1 21538 17849 887331508
1 64183 98655 917747159
2 84437
1 41349 34678 519492265
2 80064
2 14383
2 44380
1 69235 71652 609646525
1 33818 74984 494091375
1 19025 62255 885735337
1 19043 90455 605459479
2 1652
2 53715
2 6517
2 62681
2 7256
1 62833 8217 105594804
1 3187 74763 819228761
1 13275 17232 446511256
2 65008
1 33580 73736 60762870
2 86831
2 21411
1 39100 86724 548090811
1 36174 41404 464537654
2 47053
2 60098
2 40287
2 88020
1 29892 19271 48488089
2 52158
2 97823
2 50196
2 35614
2 72525
2 48271
1 75303 98252 8241774
1 75884 76260 366863667
2 66547
1 61539 12799 666702234
1 71666 7880 769151701
2 41989
1 58270 38597 997111700
2 79627
2 34538
1 40641 94996 703078242
1 8172 32236 482480430
1 40660 99828 521141330
1 64091 26787 502344627
2 98791
2 31638
1 33958 49232 150300365
1 52252 42896 965747774
2 94732
2 15676
2 39840
2 74493
2 89098
2 95529
2 63294
1 39086 95470 119048436
2 53917
2 95674
2 8394
2 66288
1 49216 50823 688750273
2 12519
2 89258
2 51819
1 13150 64518 345456741
2 11413
1 64088 69500 868090386
1 55634 87491 953830336
2 97224
2 91537
1 62868 91021 932903774
2 42803
2 19268
2 48598
1 88697 37847 155755338
1 11257 76510 506648317
2 83713
2 77117
1 56658 37671 839612251
2 53339
1 2935 70333 985851522
2 47990
1 4382 48809 69622692
1 53297 12293 619195198
2 79888
1 78281 66907 346539946
2 94135
1 66790 19081 157539466
1 93101 21001 836926875
1 5796 19025 327334267
2 75235
1 80962 69865 990416063
1 37561 9159 668294303
2 47742
2 1721
2 51619
1 34047 57591 833187545
1 20914 22207 60429299
2 61700
2 32822
2 87140
1 15495 86072 440679224
2 83773
2 30856
1 10741 76098 443082276
1 86578 23854 322867098
1 93524 18509 42952465
2 38524
2 23226
2 66009
2 46636
1 94285 38952 528114976
2 74656
1 99272 6072 627369338
2 435
1 96376 9331 824591775
1 69656 37896 491595856
2 1869
2 3628
1 31572 81918 247772987
2 55251
2 45433
1 14506 27392 369107294
1 86657 79870 346322580
1 96107 4362 56620463
1 72025 52998 158977197
1 58827 93732 401055441
1 5752 42039 345336820
1 80108 18470 79374179
1 29910 92561 79807063
1 27298 65412 424996138
1 32522 71543 545405780
1 54251 57174 108360783
1 55402 13131 995959148
1 29970 70268 996404210
2 61276
1 33833 29856 774817029
1 86571 48405 196233042
2 15708
1 41196 37945 56351555
1 67533 97363 78264276
2 7776
1 522 8689 216759650
2 56255
2 80423
2 55500
1 29208 62165 362775277
1 37147 31502 62834116
2 66462
2 88907
1 96056 60866 844138007
1 72466 11153 204208849
2 70733
2 61715
1 92368 76762 779066177
2 94560
2 37478
2 66874
1 5806 81370 213911014
1 29851 4909 635510649
2 45262
1 50582 24395 223593027
2 97549
1 80933 58921 756121852
1 6493 30267 395748982
1 13436 76958 560713042
1 47632 84456 224115443
2 2656
1 50235 65441 22794345
1 29409 85701 973431178
2 12922
1 38818 22959 371953912
1 4366 4281 843506582
2 30795
2 59779
2 19672
2 64826
1 95236 80138 798953527
2 91410
1 29487 22070 912704668
2 61226
1 52737 89206 278318911
1 70613 7332 386009822
1 55450 23460 976151839
2 97876
1 6171 45718 54727218
2 19387
2 95050
1 6660 26831 388985027
1 4604 15342 393435278
1 77472 79670 483343543
2 1932
2 45240
2 93477
1 46333 19207 743800258
2 71786
2 93987
2 56512
1 85034 70917 950976659
1 55630 94734 855823465
2 43736
1 38141 60513 641729160
1 77711 54677 800612630
1 3988 86629 557039356
2 58060
2 68213
2 58429
2 57896
1 19503 81620 244611677
2 79631
2 74517
1 83024 32083 191816976
2 92392
2 17794
2 36276
1 89241 12555 217991226
1 78005 82883 364122035
1 591 98016 804029823
1 24332 56650 840698991
1 44541 15896 551835664
2 57866
1 31990 2712 669446103
1 34310 69403 454844990
1 7996 16862 706508564
2 56862
2 96593
2 88973
2 3640
1 31054 28712 5202889
2 95838
1 14777 38623 160504379
2 989
2 85586
1 45013 89132 183876058
1 24172 34423 449690566
2 87050
2 21621
2 79583
2 20775
2 1627
1 64681 38926 266323436
1 15474 66367 124247854
1 92821 50187 300018429
2 76242
2 64094
2 10429
2 64156
1 34187 40270 42413102
1 71478 87710 986988945
1 98066 20286 242413105
2 89421
1 77644 68525 40958220
2 14517
1 26206 19699 392457000
2 31534
2 16468
1 56813 34571 668685933
1 66774 88606 96756432
2 71906
1 66503 27770 900100244
1 6495 28522 420607724
2 78202
1 54133 34775 134891711
2 74568
2 25263
2 44553
1 48705 11022 203016252
2 49514
1 3981 88507 90572065
2 38301
1 45801 59318 247794833
2 40033
2 10647
1 95467 88966 87085197
1 47438 53295 591370764
2 85293
1 54571 70819 675151936
2 48147
2 48851
2 98461
1 8846 82967 271932843
1 23887 39331 160614232
1 34876 50731 564196030
2 73341
2 76009
1 36173 54971 62192792
2 64736
1 68312 27070 630854433
1 19153 86193 931867914
2 41703
1 58227 16365 553825899
1 86256 2169 367405449
1 92116 29797 44495767
2 10166
1 25209 63619 224455885
1 69245 18227 137754989
1 57013 24982 206315729
2 65443
1 92150 91160 258837134
1 86817 18735 63887504
2 27226
1 63815 11628 916178102
2 32320
2 7619
1 64414 85607 175424528
2 14225
1 71580 6937 261397146
1 97140 31781 158610322
2 43973
1 90659 22518 20511738
2 44967
2 70647
1 79201 15667 569238204
2 48688
1 95978 26808 577924579
1 309 84053 266801325
2 58575
2 14986
1 2207 19034 24395547
2 65234
2 93526
1 12548 13362 455779198
2 37858
2 95168
2 65439
1 57618 34275 657514873
1 22507 76018 583305592
2 6991
2 64922
2 75459
1 48548 61394 834097245
1 76803 19623 385840162
2 771
1 69545 28778 500181018
1 43572 89624 374636633
2 78018
2 14238
2 21919
2 61806
2 95052
1 33263 54095 312876146
1 31560 86298 895960516
1 79124 84483 777934481
2 81583
2 90084
2 65259
2 2848
1 76076 3689 345478425
2 56494
2 60072
2 50392
1 17524 49215 364138903
2 1890
1 67280 52992 29609438
2 34917
1 71249 25911 774855080
2 87629
2 69797
1 75855 78956 114984156
1 7637 34697 326545265
1 86543 50258 850281019
2 91056
1 85816 38717 944572497
1 67657 39456 365655407
2 73021
2 65001
2 11039
2 5344
2 26037
2 95706
2 28265
2 5663
1 34466 67655 292420870
2 34621
2 52002
2 4595
2 77672
1 46447 77856 217639321
1 59944 1237 431054942
2 8373
2 21001
2 59383
1 34882 52802 994037844
1 40416 54729 564367036
1 63740 48150 336717572
2 85246
1 70055 22704 716562247
1 60047 40491 49229826
1 17867 43209 366505305
2 5720
1 10829 18867 546445160
1 4945 69375 170268952
1 2987 25007 204088460
2 71688
1 11447 97229 302306400
2 40116
1 58255 9091 81617600
2 79565
1 35447 42548 365010526
1 79158 21015 986277814
2 39125
2 29838
2 14272
1 51946 22741 556528073
1 66332 42208 567029676
2 77010
2 76869
1 49683 75347 3316798
2 37070
1 11163 83148 586282821
1 23956 80027 111320320
2 7927
2 54328
1 85963 4010 917364793
1 54099 72362 680430123
2 53881
1 73788 70882 540431973
2 19708
1 86604 77602 729918036
1 98033 15988 86375344
1 3378 73675 522390492
1 3416 21994 584610965
2 2951
1 98775 10079 630411613
1 52043 99153 389275961
2 21097
1 45539 45466 486914539
2 57145
2 55248
1 12882 60780 274822748
1 48772 85918 13184330
1 98391 51733 845752404
2 570
2 23825
1 83297 21247 874899643
1 85296 59450 466142084
2 76313
2 93330
2 45055
1 37446 91406 463231864
1 57834 89789 117448503
1 17335 98288 401534379
1 74362 58768 953413866
1 95493 41916 223261948
2 70277
2 44083
1 95737 12004 422689738
1 64646 95421 430217639
1 5243 17565 336992578
1 15541 42873 74727377
2 13959
1 90023 16517 505434023
1 6902 44626 337872294
2 26588
2 7747
2 7055
1 25343 53658 26783231
1 84569 51341 741295232
2 87841
1 59454 40780 514481037
1 23100 612 191407712
2 25688
2 45575
2 91533
2 43412
1 40556 48801 513124345
2 98280
2 77328
1 61340 29891 821859442
2 57652
2 87054
2 12773
2 76879
2 58074
2 67995
1 88740 65195 298242910
2 72923
1 40062 7030 336920419
1 31588 36671 49921641
2 42165
1 25477 958 42674588
2 89610
1 67896 97510 822869052
1 27742 92131 273029513
1 96975 18403 460581037
1 79878 67597 272817273
1 65466 5563 565735577
2 35393
1 84754 67579 926195677
1 64398 3325 528386864
1 98692 8462 595003175
2 51356
2 91694
1 4903 51562 495494365
1 5963 24985 152742402
1 60090 91562 825199372
1 9783 63761 333324266
1 23466 23440 234778715
1 84821 39853 919353815
1 53868 69277 812912069
1 29770 14077 416232620
1 58697 22305 55566834
2 41131
1 77814 79019 433894221
1 16858 78688 784844616
2 54374
2 82947
2 54099
2 55626
1 78274 52550 332811098
1 57696 27702 640608043
1 30153 92813 787897410
1 82608 34786 523733593
1 20032 24636 71352088
2 53918
2 98232
2 43681
1 90600 94246 819272494
1 85506 84452 6908248
2 90543
2 22167
2 10120
1 57278 90165 38099685
2 99274
2 17901
1 34041 36428 200708846
2 12309
1 92593 28778 953864973
2 36646
2 20719
2 12423
2 13665
2 39919
2 95600
1 12470 5401 945418043
2 27575
1 42736 32882 957164267
2 96209
2 86185
2 57554
2 17418
1 45303 88788 22431440
1 95783 32859 307357654
1 66193 37827 164971497
1 80632 20412 943661544
1 2558 61931 914491500
2 42097
2 41592
1 13721 47583 650322316
1 42112 33780 662584310
2 29344
1 45032 6514 455664927
2 80691
1 48194 53925 899881010
1 14673 76921 949524388
2 42741
1 77561 50668 231542415
1 56673 8832 247450441
1 31728 4503 993873221
1 95999 1860 563348808
2 61930
1 12715 31895 531787957
1 15425 94691 596571481
2 85868
1 95389 72834 538105355
1 7780 67261 184623892
1 52025 48152 830362318
1 5401 64893 133352251
2 33697
2 36758
2 40621
2 22072
2 83054
1 281 64155 146459687
2 30741
1 32386 25547 510046588
2 55201
2 27798
1 75512 14016 836747675
2 44872
2 53130
2 58417
2 47991
2 61866
2 74383
2 87845
1 10145 32960 652950024
1 28035 86883 408170071
1 30143 17278 26966992
2 5214
1 3507 36743 378015738
2 4554
1 75844 91190 959051513
1 29668 82491 112723269
2 27625
1 89034 56693 145728443
2 84734
2 69917
2 44857
2 41767
2 47402
1 44846 24702 621381798
2 57044
2 68999
1 59148 80876 380339659
2 30733
1 61935 25184 52899414
1 75664 61072 941415401
2 98323
2 94569
1 76472 16582 758054392
2 52757
1 39009 24598 240892338
1 77333 59139 893303751
1 42155 45446 944171146
2 35123
2 67787
2 46960
2 57177
1 84209 23425 850167214
1 21285 12109 679979281
1 97660 99081 219067442
2 21447
1 95903 72045 176995001
2 44300
2 30018
2 1249
2 11514
2 96448
2 88911
2 62966
1 4265 3974 718173590
2 35074
2 61080
1 1031 43058 23030435
1 5769 50549 122545344
1 82693 43793 890968111
2 64531
2 20634
1 66842 97885 327588234
2 46462
1 23954 12667 529387284
1 1771 99842 520490048
1 54005 62703 192508933
2 89130
2 54009
2 74365
1 30437 94175 293431865
1 77161 10187 75429633
1 83493 12467 641003504
2 10415
2 92359
1 65170 43025 385972430
2 49330
1 61931 98103 992141440
1 96236 46058 503327703
1 38495 6541 321624787
1 55521 24195 185389510
1 87554 45414 654681405
2 41901
1 54247 81199 303540733
2 9814
2 17573
2 26684
1 60291 50747 547542492
2 61366
1 64710 47898 600948176
1 90912 2516 308422942
1 91590 39718 87788453
2 32259
2 95446
2 72155
1 4335 69114 537721774
2 7128
1 56127 33913 418550970
2 60108
1 5825 4561 472297220
2 81845
1 38964 45052 949925194
1 90648 51845 366213518
2 64937
2 65088
2 17232
1 91951 22404 282416280
2 76731
1 49128 54248 720908279
1 74178 697 29456772
1 44008 43044 695104304
2 29865
2 56382
2 26381
1 32248 72172 685079653
1 11273 39978 685061465
2 52325
2 79720
2 73835
1 23450 59413 209089881
2 78482
2 49274
1 91819 13942 85799105
2 72632
2 31064
1 87182 93877 338743195
1 97464 71793 13562174
1 81842 52755 471007341
1 39185 5511 376123
1 91055 6387 726724138
1 89702 96661 433367980
1 59656 44210 883582017
2 25097
2 43134
1 77142 42529 851371326
2 85608
2 43686
1 87365 34609 278694816
1 54809 61835 432119674
2 59301
1 41956 63288 81876045
2 67688
1 56969 40503 780193739
2 5083
1 93509 45947 174206186
2 34953
2 43536
2 4662
1 6948 1834 18750226
1 90920 795 541330430
1 85654 314 868410022
2 60679
2 12684
2 20130
2 59492
1 31926 5501 148083972
1 73693 68015 735751435
2 31084
2 36006
1 75614 28013 894104921
1 78590 42065 236452056
2 18155
2 40837
1 54433 40249 97589421
2 77448
1 48791 26046 406479937
1 34122 80624 232357846
1 57745 87279 486625209
1 70545 98274 601627152
1 9024 57625 779562777
1 52125 36158 528396244
2 27108
2 19613
2 64919
1 15069 8455 403989656
2 12783
2 63669
2 50835
2 65449
1 29043 23957 66703753
1 74065 61566 353268593
2 78413
2 17603
1 48384 90499 416371272
1 53426 97541 481439625
1 27312 36387 920078165
2 75141
1 64272 1116 235855264
1 47369 46391 572149211
1 54035 1364 274912459
1 79902 2502 677064934
2 82286
2 25376
1 43509 47367 378095285
1 90279 74588 462961457
2 27624
2 3035
1 52935 15005 718235257
2 79619
1 52625 79126 173694073
2 59033
1 29329 64407 543845070
2 18841
2 43574
2 74123
2 57797
1 12796 83795 124876813
1 10128 48724 716952904
1 83569 48702 68546425
2 59358
1 7263 34380 568518493
2 63799
2 35193
1 83602 17282 209253103
1 8910 74574 693911434
2 34541
2 43724
2 54438
2 97134
2 57955
1 21242 9684 958613780
1 42190 45202 121196953
1 16744 57225 653976957
2 55596
1 60938 22620 887684867
1 60123 16557 382773233
1 1027 26268 411681603
1 16878 49875 575927462
2 26339
1 95435 13302 898991628
2 30957
1 71410 97898 954676950
1 68089 73966 487983151
1 28563 92850 18349954
2 64492
1 51329 24262 907744991
2 5931
1 27212 25847 891326113
1 90516 98103 9655503
2 78133
1 61352 4803 733274735
1 90601 71845 260303076
2 94845
2 47166
2 64448
2 37190
1 12104 55314 450257907
2 12363
2 7576
1 83088 51383 232182599
1 42311 26361 866534251
1 33804 87617 978048515
1 10681 30037 910776351
2 92225
2 47108
2 19753
2 41017
2 28070
2 19125
1 24094 13855 803580537
2 22171
2 86880
1 63967 42447 492667919
1 17814 45033 267124777
1 50368 26704 231664938
1 63456 34919 263079574
2 14316
2 88644
2 3503
2 70013
1 14906 10889 644061294
2 41005
2 40218
2 24355
2 36004
1 53433 60696 472417707
1 21644 82620 591525502
2 77495
1 42700 12064 636160105
1 49471 79700 809965237
2 48867
2 71971
2 5373
2 76703
1 58556 90221 149833467
2 41843
1 71456 46319 129197868
1 27619 346 160127803
2 90815
2 74383
2 93081
1 20778 40018 694060356
2 4858
2 59765
1 48697 18180 294269620
1 14259 95720 47520728
2 99825
1 46286 32836 829609782
2 52681
1 38504 88643 908007110
2 97004
1 29471 37084 98286812
2 32151
2 89370
1 1011 47037 252454807
1 25239 98852 479498636
2 68719
2 84262
2 55597
2 21438
2 83442
1 34945 70400 742450827
2 42585
2 68151
2 14891
1 50046 89173 416258174
2 56830
1 23567 29555 863268647
2 9013
1 28800 6851 202550673
1 35839 78989 321072156
1 10486 81781 234643442
1 41428 9901 452883596
2 7156
1 78319 63002 882644263
2 85439
2 7511
1 15202 89782 138126505
1 19621 75936 196545024
2 7301
1 36210 78372 994496852
1 32094 40524 166627900
1 4739 82823 856595798
1 41275 81060 34738270
2 37403
2 81521
1 69556 72139 967220005
2 83746
1 92851 37659 873944717
2 13178
2 57031
2 48571
2 22355
1 67604 98788 950048889
2 56673
2 77451
2 97315
1 37693 85695 988738629
2 30975
1 78027 47182 485540594
1 55902 69311 938835431
1 86667 29423 38778630
2 37849
1 76090 94268 594942983
2 25446
2 91743
2 7590
2 18453
1 15281 92805 819494572
1 8752 9471 550692238
2 53294
1 73688 22919 358879636
1 45080 26795 252779275
2 29302
2 70103
2 17265
1 4575 78320 269955790
1 94604 70389 365850321
2 91687
1 22646 58896 733563657
2 46592
2 81783
1 74666 50452 315107365
2 62549
1 85228 47378 898877648
2 17181
1 3529 48499 935080083
1 63299 61202 78209931
1 34583 16832 728371656
1 87328 90197 653796858
1 52721 46971 121501067
1 53169 80156 691931255
1 7687 51787 877273835
2 9143
2 3842
2 4025
2 29618
1 42043 75566 241440831
2 42914
2 29838
2 79713
2 85683
1 64999 93118 723809664
2 95537
2 33333
1 23240 5847 399281901
1 41124 45728 978704157
1 17571 73280 736698610
2 35224
2 38723
1 39320 39337 151630146
1 96868 37058 748065822
2 488
1 33279 89240 8162807
2 37053
1 60675 39231 710835091
1 26827 54106 153390806
1 49924 35328 482153449
1 21227 75281 936515922
2 50243
2 74383
1 94516 69865 862919024
2 10536
2 81185
1 55202 7461 749636451
1 44125 40339 913800393
1 33548 59883 84763580
1 20479 52970 670410262
1 84311 7251 149766954
2 3012
2 85797
2 49141
1 9406 77561 527034273
2 61411
1 10614 24432 747641420
2 39809
1 8157 3672 894592271
1 30174 8925 357889665
2 51654
1 32077 16286 700246204
2 67460
2 9274
2 71101
2 33466
1 12092 18474 230288263
1 18127 68564 830377148
2 31945
2 86756
2 87817
2 47267
2 86860
2 80846
1 71495 96369 308471230