4622 301093666
1 78549 3789 614299980
1 39307 70247 642293530
2 87992
2 67752
1 3649 20324 744522547
1 79318 51638 299228505
1 42478 6456 457073559
2 20715
2 92754
1 60603 20939 295697544
1 45159 87797 788695189
2 71072
2 23937
2 35664
2 6954
2 11106
1 50141 30129 691067023
2 46703
2 72073
2 65510
2 90236
2 84024
1 58747 25291 306639938
2 86058
2 13565
1 79112 77509 283890071
2 57258
2 8777
2 45559
1 46641 96047 503560073
2 18942
1 5248 58862 280782794
1 8619 10377 692759665
1 99771 28112 84117859
1 41115 76169 426047266
2 59380
2 70800
1 51745 37567 818114535
2 29964
2 47904
2 82490
2 40376
1 71656 57192 670493476
1 36002 36020 401526027
1 84823 37122 287744885
2 79890
2 50895
2 61338
1 4857 44110 79764576
2 42985
1 73113 95004 676792615
2 53283
1 11687 84960 400734567
1 47851 73541 430664971
2 19026
1 94507 8905 763689360
1 73678 94462 498762008
1 76156 79192 559463374
2 24058
1 50460 46362 883727277
1 47503 84168 507483806
2 90360
1 34242 16898 531799403
2 69088
1 17714 64427 410966763
2 70469
1 50219 25585 124608235
1 37390 14929 443924424
2 56666
2 67002
1 78863 69276 546233854
1 34546 73346 734351203
2 55492
2 71318
2 9244
2 85748
2 44436
2 69648
1 83966 56345 84302236
2 56503
1 43143 17098 780359321
2 84048
2 12397
2 33514
1 95797 61210 894609083
1 61551 36200 207964123
1 2493 32801 809186997
2 20223
1 25707 18594 16446122
1 70293 82745 465436361
1 17958 71619 102466451
2 68183
2 18004
1 5786 5985 909970391
2 5668
2 45551
2 59106
2 67851
2 39625
2 50634
2 84824
1 93747 10508 485697251
1 12773 59427 144673971
1 53530 64133 160127752
2 15707
2 91187
2 18523
2 98632
1 39105 4882 328206672
1 7706 44171 130520793
1 72603 23342 992258927
2 48337
1 25149 86328 801537118
1 82911 63038 535182461
1 53268 19835 459090069
2 18319
1 97828 90252 694879857
2 60099
1 72564 13752 997701256
1 19869 38545 651748159
2 29587
1 46420 14169 385029433
1 4237 62536 117943310
2 79862
1 79772 31948 268924529
1 54629 19858 922442908
2 31509
1 34104 93703 856955083
1 28016 35757 783808103
1 63902 95215 763267966
2 12493
2 68613
2 18804
1 8452 68072 417108590
1 34664 75606 927614771
1 43001 94604 429600795
1 40908 59809 689187572
1 52106 50899 224752915
2 49100
1 97076 96046 941591611
2 833
2 13962
2 96373
2 71892
2 98615
2 16746
1 81205 56832 131621475
2 34564
1 61628 11626 699957714
2 48721
2 39727
1 82913 90060 521533262
1 98470 77821 299105733
2 81561
1 30525 93569 516435036
1 50082 51786 66044881
1 49774 8512 43864160
1 88386 1682 557773229
2 51333
1 70622 62723 455840582
2 76477
1 31674 26219 734274166
2 59632
1 56453 59430 566905487
2 31590
1 88762 83345 963270051
1 58234 59414 694876532
2 90869
2 86992
2 5296
2 85714
1 6545 47440 678568201
1 78368 99616 516032590
1 24911 96195 716261775
2 40597
1 16785 79545 223636916
2 94201
2 8950
1 29972 6862 201144111
1 27013 45006 366121178
1 94172 48543 998404845
1 17301 56476 40307312
2 96855
2 61098
2 3035
2 38090
1 13401 42149 361486696
2 37227
2 90071
2 37846
1 1657 75961 466674513
1 91615 8148 308990122
2 47936
1 38099 37460 347503173
2 218
2 14338
2 61405
1 99007 58886 526115126
1 46645 81640 670234168
2 8000
1 1214 25913 343240952
1 71621 97191 802634718
1 14883 1161 911551266
2 43355
1 67057 10421 305242950
2 92584
1 29081 8911 544934139
2 87626
2 42570
1 84660 25868 329028887
2 83023
1 21180 48293 873128104
1 47247 88149 611347721
2 45182
2 85502
2 18007
2 11550
1 82354 37191 269881995
2 52764
1 40616 23722 756301825
2 15558
1 66440 498 693879974
1 90032 31751 385817412
1 37024 10589 481207336
1 90563 59379 397724739
1 89780 66209 22303809
2 75070
1 72708 32669 887412558
1 53363 12748 606793911
2 29340
2 87612
2 17598
2 23047
2 92776
1 37327 8241 982938122
2 55129
2 68742
2 13734
2 17873
1 31294 74230 380099117
1 27978 26871 401094622
1 68098 92000 478467269
1 79550 94856 768404828
2 76358
1 25299 30708 859632539
2 84081
2 51902
1 83647 88706 828492070
1 92810 45988 611894826
2 77678
2 65244
1 41945 84032 474257121
2 90974
1 72102 56453 693935510
1 24539 41314 654720582
1 15574 86905 654711678
1 53112 89629 217301281
2 39358
1 28350 52766 168368725
2 72202
1 5896 17001 632638780
1 75773 87869 352373191
2 54529
1 90200 41132 524017814
2 78759
1 11716 96176 869556367
2 62958
2 12012
1 2733 10155 758256390
2 14907
1 53646 97690 903725930
2 16273
1 51079 89888 550129257
1 23670 1287 163528108
2 24886
2 36782
1 75221 95811 650686403
2 32211
1 33935 15890 438932230
1 51556 21887 584962517
1 65615 45337 680123296
1 27072 32641 109066710
2 29886
1 20937 1813 658285810
1 30575 60482 353872697
2 81686
2 32703
1 36467 18684 661189642
1 3681 38858 648225529
2 813
2 76608
2 53302
2 10816
1 953 32514 723316587
1 57759 23175 242377175
2 17415
1 70312 98823 13806303
1 28139 544 489857586
1 18236 44753 997065269
1 19479 91772 157786908
2 18609
2 45152
1 84645 67572 946678209
2 40461
2 56532
2 66890
1 18535 89870 373044213
2 19789
1 23571 79846 96346399
2 98314
2 84796
2 58019
1 39796 60597 24567188
2 74090
1 60986 73146 676000592
2 14809
2 62157
1 68734 43420 50038637
2 49680
2 63324
1 44009 37757 61435597
2 63312
1 62733 34766 766038667
2 88162
2 16662
2 25871
1 11170 42877 389967686
1 94827 93985 152868410
2 40885
1 14928 88846 560674180
2 17623
1 46466 44594 144057763
2 12847
2 44920
2 37012
1 18759 12822 267156453
2 59356
2 56099
1 5906 62689 903676917
1 74295 60800 563227630
2 82718
1 17130 28802 710430295
2 76257
2 80959
2 12257
2 62730
1 12310 38486 906085211
2 89972
2 41890
1 47724 87923 308368251
2 66422
2 77453
2 37367
2 10820
1 70826 79414 491576290
1 78448 12249 562571938
1 40082 73892 536140303
1 64458 52715 218741464
1 21340 86782 768465021
2 61165
2 58906
1 9983 26063 655180113
2 13365
1 31184 87616 907059771
2 30481
2 20120
1 11025 99273 724636333
1 16693 79184 474535870
2 19828
1 57118 54416 815272585
1 67207 47254 991610746
2 98486
1 6084 95182 137015281
2 78284
2 8606
2 83614
1 60608 97356 955661122
2 44477
1 9801 30378 340626634
2 49772
1 82682 21236 479952268
1 91925 94880 874042752
2 3949
2 14818
2 10818
1 40400 36686 109673417
1 63746 22354 373471173
1 33643 51304 28435113
1 49864 12713 195362368
1 59347 16991 448100652
2 57017
1 15804 39022 376068661
2 67613
2 35034
1 94696 90945 944602524
1 26999 82778 435491232
2 83520
2 73473
1 44170 2318 88320680
2 61310
1 67446 73335 826308807
1 22477 8712 434817304
1 46764 49353 895412508
2 43418
1 59340 76917 418197434
1 4276 9865 369412268
1 57407 37891 150384674
2 56530
1 31677 59640 749710317
1 73542 93103 923345384
1 32338 10893 201665930
2 14310
1 35348 92478 660633673
1 9202 80066 530024082
1 97128 14158 610153671
2 41114
2 2316
1 63677 19533 341345726
1 38030 24768 28621684
2 63844
1 74995 15470 37815794
2 13591
2 6071
1 49105 67321 771855022
1 42029 53824 98416108
1 74167 13533 96392454
1 57818 24294 683504227
2 56093
2 12446
2 13109
1 31534 43437 500518397
1 55291 21297 608058292
1 91649 74002 249112515
1 25729 90652 803626749
2 46946
2 44441
2 78565
1 17533 63648 555804684
2 33401
2 12898
2 97394
2 25960
2 63846
1 95022 98925 790401120
1 39174 83853 973426258
1 69298 3093 830934926
2 10505
2 20634
1 30042 81608 287795377
2 10084
2 92367
1 38961 86663 236547396
1 56565 91967 460062045
1 28108 18616 939223975
1 85231 85223 847359677
2 34316
2 32687
1 62054 39861 484727545
2 44104
2 7057
2 51040
2 6165
2 10906
1 25158 30916 830771449
2 93479
2 36491
2 93802
1 24382 10003 88910000
1 57896 43921 260553584
1 71994 96721 905457383
2 88535
2 81893
2 81115
2 55477
2 80508
1 56297 5593 251685529
2 14662
2 6863
2 89792
2 53538
1 34562 28876 398319180
1 45186 95485 524297566
1 69353 74902 219278484
2 86501
1 58442 8269 709600804
1 56113 62720 409916389
2 94059
1 81327 97641 440994820
2 40101
2 72164
2 60421
2 20542
2 22599
1 10016 34940 628697680
1 74200 42793 802305119
2 96245
2 31779
1 6733 59293 874154534
2 60320
2 83589
2 31127
2 34864
1 36722 20293 522752693
1 14116 58308 831056561
2 43024
2 89434
2 45140
2 13643
1 34003 15940 581194337
1 73882 17220 894127765
1 71739 50133 687717821
2 36911
2 60100
1 87214 75643 259596128
2 51112
2 85270
2 90306
2 52328
1 31277 16464 365445918
1 22466 71476 368481426
1 51355 79552 296283130
1 24471 52712 523193698
1 64585 18806 44166434
2 73113
1 5661 72945 277599511
2 59262
2 10932
2 98153
2 88156
1 24746 17785 247828195
2 38693
2 52592
2 30936
2 54264
1 53233 71047 363888125
1 19338 20941 278995684
1 55115 9548 341283085
2 77450
1 55328 62878 119304411
2 15712
1 82648 95180 86571964
1 26463 86016 191365001
2 88192
2 52247
2 881
2 33570
1 3768 55911 296524294
2 48692
2 399
1 98256 83510 348458263
2 25185
2 26115
1 43118 94496 581602307
1 36962 60378 394748995
1 88242 37643 83755514
2 50131
2 34611
2 74061
1 1267 80818 506432503
2 78432
1 75135 3194 107635210
2 37468
2 97483
1 85115 15596 90774412
1 73962 8821 59458398
2 92552
2 25909
2 18257
2 9124
2 39027
1 2974 34504 574863605
2 59202
1 69946 5925 644976295
2 54175
2 18060
1 93227 82432 484102407
1 76199 79271 639201556
2 41714
2 36810
2 75188
2 14424
2 3800
2 98636
1 58878 82459 533367298
2 20141
2 55561
2 42983
1 74517 45422 180068071
1 16834 31905 928692020
1 28182 72986 59717974
1 54962 58147 971539889
2 55544
2 50961
1 16084 21408 129191046
1 66954 81315 37781137
2 17651
1 67847 38820 32039199
2 29391
1 44331 45193 427647681
1 26520 44514 615687098
2 64594
2 16253
2 85456
1 45373 80742 928028101
2 87043
2 25002
2 17544
2 64483
1 38625 164 739992856
1 39986 19866 241349504
1 7814 86390 892929662
2 51984
2 66286
1 83312 9407 465518833
1 77227 25870 121330175
2 25556
2 23440
2 89294
2 84553
2 78407
2 98529
2 32602
2 82216
1 57379 81389 168292424
1 5491 52258 655662050
1 70021 36925 61732576
1 10261 20541 17594958
1 16493 16386 119697547
1 76992 45994 553301628
1 38137 89578 113843037
2 85518
2 78472
2 41950
2 49562
1 95593 1391 417653133
1 91362 67363 623854727
1 33900 93604 518462497
1 89350 90453 453568067
1 61480 14101 163098285
2 39339
1 50649 59582 119081710
1 6182 5798 933798263
1 88832 78241 780665737
2 88751
1 96243 52881 94543429
2 47094
2 38125
1 88426 14691 809226177
2 17101
1 65601 47917 225997730
2 88933
2 28922
1 9253 71204 614274291
1 29577 2057 777082291
2 69156
1 56041 49699 457761980
2 86946
1 94626 40069 574713045
2 75067
2 79968
1 86138 27988 936449947
2 64812
2 4797
2 61528
1 96748 45570 404590740
2 80690
1 76494 2083 437897701
2 54100
1 5929 29282 417923521
2 24641
1 37192 41322 269516121
2 52924
1 22643 81040 652154523
2 16826
1 84693 71273 942468827
1 82428 59961 753003471
2 22751
1 70026 90107 24312361
2 17601
2 71359
2 62023
1 1187 97056 801146363
1 88964 41663 531916679
1 33909 11980 538438569
1 81873 35536 419935402
1 78212 90312 182867621
1 72996 68641 421045959
1 45482 70470 727012419
2 17389
1 27242 4705 548326180
1 21215 99238 945635363
1 43196 49429 220089993
2 63937
2 20689
1 53830 8922 747899709
2 66851
2 38958
2 8290
1 35382 5937 177327553
1 82942 63786 799008651
1 28945 35279 675440413
2 66202
1 6507 27981 481156501
2 29176
2 38231
1 74665 74886 600187931
1 88241 52379 448994906
2 35481
1 79185 45155 519236152
1 85406 2 541946244
1 64163 33744 898425227
2 84110
1 99144 93410 669011355
1 35769 26821 145079867
2 70476
2 65790
1 76520 40023 470808074
1 89450 38077 825381661
2 28506
1 2314 72621 502892884
1 17434 47177 577400419
1 79430 47282 742903785
1 3548 67028 321322650
2 44926
2 54449
2 96137
2 92969
2 17370
1 38458 10532 360439409
1 79055 45685 663785851
1 61782 56333 348658345
2 35040
2 348
1 44655 26037 137250558
2 1945
2 76794
2 40125
1 13046 55994 559084591
2 86117
2 16664
2 48100
1 60561 35710 173115704
1 3472 26061 978455956
1 55237 42352 967943194
1 94487 97392 257911556
1 99353 88912 588513787
1 75354 90860 24303039
1 57043 74256 552306148
2 53066
2 47424
1 94355 10600 373211198
1 5723 55974 528659791
2 97973
1 93223 36386 828475852
2 73205
1 43082 37110 819471801
2 49788
2 61070
1 68824 6051 998342948
1 55500 75349 503675334
1 40324 13540 644584266
1 6517 36861 961843817
2 76716
2 3167
2 89393
1 30989 33068 878700037
2 526
1 27066 79105 901756618
2 881
2 12187
2 68443
2 70995
1 8444 83871 708533409
2 1809
2 31037
1 21609 99743 234239888
2 59666
2 50510
1 70169 35489 520874468
1 11629 15169 872955778
2 51747
1 42967 51573 545430718
2 16960
2 50729
1 21384 7121 887737698
2 78535
1 94782 4519 368015683
2 43409
2 40091
2 40939
1 58982 45350 995341888
1 50218 19161 278010975
1 88963 55398 138913183
2 76501
1 88721 46314 537416099
1 41744 39124 738483019
2 10420
2 347
1 60725 20399 965878119
2 63443
2 55169
1 86462 47763 330548408
2 26317
1 76768 89467 439225958
1 43865 43037 179418504
2 18530
2 13513
2 67484
1 82803 27053 741357221
1 44008 81342 191202671
2 11908
2 23753
2 97789
2 99480
2 73771
1 76924 49230 850090495
2 50982
2 96411
1 70377 7868 245857445
1 95099 65285 183058272
1 64203 57157 810848231
2 21516
1 42472 70001 430091411
1 83437 41685 358091625
1 77645 57322 34830166
2 16102
2 13382
2 10345
2 45316
2 71249
2 85508
1 20671 26516 701880306
2 47758
2 12635
1 86190 15197 97784398
2 46195
1 1398 16220 542081720
2 11148
2 11736
2 49555
2 70476
2 58943
1 13126 80211 812860289
2 92471
1 30886 84390 902513764
1 96295 95162 894097362
1 54344 36052 82389471
1 60005 4332 961017218
2 45416
2 72382
2 72883
1 58454 59788 56957211
1 63841 13931 628165394
2 1091
1 65341 57394 114728987
2 58926
1 58258 63058 783751602
2 55046
1 34658 85326 973345045
2 99220
1 43419 11144 184391964
1 5058 12374 651223486
1 72164 73668 32713602
1 77497 18974 698180465
2 67811
1 35815 57105 73488382
2 69061
2 41098
2 87258
1 87221 47730 519115707
2 4327
2 64449
2 14383
2 13980
2 85087
2 64787
2 21802
1 29373 41348 880846723
2 75475
2 71735
2 7993
1 75565 95343 391747950
1 16628 6669 386314121
2 31733
1 59931 19135 936971172
2 5183
1 32601 50144 226348643
2 81338
1 3915 73359 387621295
2 51134
2 20533
2 49186
2 56081
2 89609
1 90822 18981 188005672
2 10666
2 14842
2 31922
2 75579
2 99773
2 29851
1 81384 88106 439070056
2 12604
2 61220
2 51909
1 34029 67418 85045112
1 9451 25396 866169028
1 43928 70647 770501118
1 73145 38533 514412266
2 44214
2 29071
2 25891
2 76043
2 54305
2 48737
1 63379 17719 919770770
1 37134 24116 192216573
2 14453
2 85893
1 44327 89738 809767973
2 995
1 2369 90894 861865068
2 73313
2 53123
2 41941
2 16786
1 92839 1505 838390766
2 93613
1 23112 18811 280044278
1 6594 83695 448180583
2 8323
1 79649 11918 685788908
2 60232
1 18365 2109 978173553
2 58095
2 28431
2 28276
2 65821
1 2897 11471 126998172
1 54779 40507 815797152
2 52880
2 25671
2 59340
1 95749 77084 294550683
2 24714
1 51747 66850 585685137
1 87616 20691 836385724
2 75731
1 51659 35291 112723923
2 86679
2 82826
1 70485 20312 223922809
2 89020
1 56903 10573 456317990
1 34703 97915 844325788
1 53929 94911 476707579
1 12436 57724 457076193
1 67769 52655 470638687
1 68214 35200 770129406
2 18930
1 64937 88742 939202528
1 47025 21716 951382533
2 42877
1 265 61556 38938410
2 67858
1 17536 69461 367050136
2 1385
1 11523 88398 794364876
1 886 94706 604411381
1 10657 65283 595293441
1 74694 60048 14984930
2 19218
2 97620
1 56301 22220 58173971
1 720 64182 442524852
1 11130 95057 323686456
2 65488
1 69514 82663 237269825
2 69810
1 90655 41293 47720910
2 44090
1 74423 37270 702724720
2 596
2 87070
2 74285
2 49874
2 53618
2 25428
2 18526
2 57431
2 59770
2 63026
1 31663 41524 790248892
2 81917
2 61053
1 2910 70521 633004149
1 61865 8582 179980654
2 706
2 30102
1 14798 37106 866439075
2 81998
1 90828 60376 263423988
1 3319 40269 315966211
2 79066
2 64172
2 24241
1 59410 88351 658055242
1 79793 70334 211590737
1 16362 57598 735116555
2 19634
2 92164
2 84815
1 69994 61970 204281291
1 31639 88297 459201630
2 3799
1 98299 40405 784511360
2 188
2 49688
2 25714
2 30893
1 69628 55991 237242838
1 95495 38864 687466161
1 77563 71805 957186633
1 84317 43029 968317893
1 62608 18348 258733386
1 54272 85012 990367179
1 84679 43593 52665863
1 87475 22176 522090598
2 33601
1 75483 33059 83051679
2 68101
1 44323 49053 545917009
2 27599
2 13967
2 94022
1 26515 8406 517380218
1 74225 70724 169428444
1 80349 68886 223378937
2 70630
2 26137
1 72024 89877 434241706
1 26921 53944 83103434
1 59766 59588 63752906
2 98265
2 7622
1 11136 46413 921060386
1 73263 68258 507730244
2 15063
2 63345
2 53039
2 45202
2 91143
1 88038 6462 133341747
2 62821
1 77865 38776 821583457
2 72574
2 64483
1 56140 19402 659000160
2 54032
2 93616
2 31812
2 15117
1 78096 2761 94715359
2 81351
2 96240
1 55864 5708 348892113
1 50699 99920 648595752
2 89650
2 16901
2 47551
2 82455
2 94605
1 66763 94653 943049884
2 78278
1 34335 2757 713146865
1 24033 30403 145157822
1 38095 32790 318655549
1 7856 59717 837099093
1 82330 74086 100367159
2 33393
1 96430 67276 532446030
2 56440
2 66996
1 25292 21904 641572498
1 62181 48484 20972073
1 45412 17871 778474109
1 14789 94176 96244261
2 23737
2 56811
1 90454 53056 951489927
1 72512 44005 414923258
1 75801 9146 493661855
2 56033
2 83198
2 83502
1 64895 84679 971654594
2 27060
2 80065
1 2332 48354 721911755
2 6349
1 83964 44507 761043817
1 83052 95576 105405525
2 400
2 91101
1 36940 44296 109476198
2 16871
2 95954
2 64104
2 12014
2 64574
1 19893 2911 228785353
1 29116 18934 343417120
2 13977
1 25361 46153 761755580
2 89492
2 88728
1 50885 1325 957662970
1 91614 82737 60966548
1 1456 8798 590045740
2 27548
1 81210 95677 699467217
2 22176
1 62592 1018 513891074
1 51001 64181 332892983
1 51634 11889 701138359
1 40082 9955 512200466
2 67724
1 43802 77011 357692201
1 65364 11582 323232629
2 89947
1 12516 46087 67384586
1 14144 18248 162605315
1 43459 71384 519237636
1 39669 37847 375012655
2 1861
1 94961 50911 136580201
1 69093 11514 681408163
2 34136
1 77538 52502 667447466
2 90062
2 93643
1 82758 99897 329336146
2 46238
1 96900 52246 166594830
1 64848 41037 659665920
1 24543 55107 163156870
2 7023
1 87409 72220 164308251
1 70435 7134 278909024
2 94511
1 70679 43165 230497782
1 10375 93191 28576662
1 91020 69632 723922272
1 40165 36870 877821244
1 57840 73905 688976960
2 76069
2 12355
2 4027
1 79172 6180 25060757
1 77479 10003 166173409
1 79801 33241 922295649
2 25589
2 87533
2 9312
2 93548
1 79217 14405 225683548
1 70191 90900 630795966
2 21742
1 6467 98807 802174258
2 5762
1 20816 29723 890539931
1 2684 82566 517902398
2 91328
2 78912
2 58735
2 51221
2 29418
2 15724
2 58269
1 67545 33342 317097776
1 37394 90184 926665673
1 43012 12908 16793954
1 39925 74235 939158244
1 68026 98835 515267711
2 14964
1 12056 95537 702690989
1 6097 89810 258156027
2 55796
2 93472
1 4451 57792 266375318
1 92373 54842 887813731
1 38271 42488 636561846
1 41366 15661 711422758
2 79230
2 34677
1 73007 72065 37254250
1 56408 54645 360567459
1 63458 17943 289381428
2 72339
2 45459
1 43684 43351 363183121
2 25742
1 2774 78758 144292691
2 69243
2 99763
1 24203 30343 788361959
1 77514 93925 408419935
1 22610 29802 51193186
1 12161 5509 863320623
2 11902
1 80050 21842 63005160
2 86424
2 11313
2 99416
2 64469
2 2546
1 10019 70762 759762198
2 8843
2 74728
2 87777
2 30978
1 79512 39767 569236405
2 85108
1 48291 26230 594038014
1 30933 32660 892303176
2 91588
2 10086
2 42283
2 93564
2 54701
2 83743
1 96799 20067 426716313
1 221 99052 948180155
2 56976
1 11197 41697 914317389
1 5550 75884 481899225
1 53664 47938 136183469
2 2788
2 31843
1 80995 27008 472288171
1 50474 8637 48277913
2 90837
2 12430
2 8731
1 28922 95003 598911311
1 50029 19146 76427732
1 63253 45792 343242214
1 70851 73334 768608425
2 39941
1 14121 84742 347380111
2 9122
1 10044 30278 412712450
1 73712 10641 195501602
1 97840 9397 802335407
1 17418 85764 629607061
1 61511 66415 517571060
1 20142 35456 232280401
2 92201
1 53523 96575 395276904
1 28086 10898 783489277
1 43682 1401 868991666
1 48439 64684 790422204
2 81978
1 95347 93570 418814049
2 63362
1 54823 37221 97354715
2 63184
2 92778
1 98993 74063 774976424
1 9334 86975 416330771
2 37457
2 66007
2 19057
1 10743 81609 380746302
2 60369
2 18621
1 54148 18699 533929264
1 52045 96169 625475483
1 25909 86913 267266159
1 9564 90331 617241009
1 348 19545 77284547
2 38427
2 78277
2 45187
1 73123 54641 367067065
2 39087
2 94799
2 26945
1 7609 35270 669690941
2 59939
2 88008
2 34297
1 80171 72048 562568050
1 89017 20289 466896212
2 8195
1 25358 70656 77671224
1 64590 18080 574894055
1 92350 90755 375832922
1 79975 48731 558510959
1 44134 22267 735496935
1 96274 45752 760434329
1 2429 38792 397235047
1 32667 71609 887614813
2 62007
1 95603 29770 173597168
1 95656 68720 242629036
1 66632 9695 858230734
1 87577 45866 449021636
2 88273
1 27235 94039 34420202
1 74105 92866 19808641
2 99263
1 1035 20893 422890925
2 91972
2 59326
1 68860 8908 950343583
1 16573 90333 390940628
1 42034 99497 98171016
1 45667 29801 434738540
2 14066
1 64715 15086 693375711
2 48772
2 88717
2 33201
2 86620
2 2926
1 94634 12805 341699533
1 62464 49161 634709246
1 52201 28398 595111272
1 88623 17526 272041321
2 61373
2 37051
2 78440
2 72042
1 73245 67823 890771468
2 47683
2 90708
1 87231 30441 527282903
2 54916
1 55941 44209 600265922
2 44576
2 27124
2 60606
1 58057 22232 162247872
2 7687
1 69411 57564 886700111
1 87215 93550 493632648
1 2565 58858 699929666
2 16027
2 73336
1 89623 19218 954452034
2 44406
2 72460
1 6939 72019 941579958
1 56803 1442 217901889
1 49360 6582 896131281
1 51082 12694 952680086
2 11399
1 91341 47097 705649352
1 38532 2224 665210409
1 13323 78217 344019598
1 68792 50783 25773377
1 88169 29711 528666541
1 88922 29641 226824481
1 96627 85666 735507525
1 73286 16047 41523794
1 77455 78111 421111341
2 52629
1 76677 47234 443551122
1 64562 65461 448473832
2 79160
2 42043
1 86712 47342 795808403
2 28036
1 22622 71562 710659196
2 73359
1 12281 60357 830129483
2 74770
1 49842 4569 784329593
1 78720 3402 157995584
2 73297
1 11346 80802 144185583
2 26240
2 91452
1 35838 82945 50168566
2 82990
2 14422
1 67846 34740 732584733
2 92687
1 72977 18825 870012419
2 64364
2 4381
2 88029
2 50713
2 68085
1 8646 10203 622391802
2 67096
1 58524 75666 485009271
1 56436 13810 247805285
2 82415
1 72910 42915 456257873
1 33990 42972 348270109
1 90432 70725 942946635
2 33717
1 11237 88455 351906976
1 64130 65164 13169141
2 38492
1 88963 54768 140422356
2 81139
2 80455
2 85687
1 74777 92794 648473775
2 94242
1 86039 22636 151620913
1 89041 69190 59209178
2 71097
2 50148
2 62867
2 72682
1 89400 65370 759463487
2 91847
1 42866 5937 462449100
2 6160
1 76476 71639 689507891
1 49655 30149 112782874
2 74053
2 28650
1 8945 76686 104493861
2 58943
2 50881
1 1504 28041 150513849
1 48889 89967 878044151
1 41506 12732 753476284
2 24803
1 23175 58995 807742645
1 19566 57572 957470645
2 28989
1 726 23287 513300932
2 10348
2 23763
1 86179 71339 245019296
2 22747
2 4148
2 61030
1 57686 88318 165169652
2 83504
2 1517
1 61936 71740 893294326
2 4016
1 9499 36353 668853930
2 16905
1 84748 88980 496343423
1 83570 88560 682006265
2 4779
1 13362 29575 880308690
2 87554
2 98134
2 28724
2 52208
1 25630 78051 570629480
1 46906 21051 311858410
1 12387 80947 789254382
1 10754 52565 844485302
1 26687 21865 881354654
2 27895
2 2804
1 45219 24409 431610126
1 82750 688 871491327
1 18102 39663 565960086
2 27810
1 50856 28271 620239271
1 14623 25614 28371043
1 61751 55339 79986891
2 18008
1 15268 84075 981834380
1 90851 19638 614856785
1 81958 2352 601986684
1 83302 16655 178250358
1 68497 2682 26038217
2 9068
1 34827 26822 735142791
1 82182 88457 308885573
1 96894 46664 355551443
1 25747 8174 705670835
2 46584
1 8959 85562 369752498
2 33551
1 95082 95996 580246163
2 44706
1 41696 28090 230048888
1 63725 20288 484619494
2 34011
1 84700 40720 748915395
2 20657
2 4567
1 10375 35319 490509121
1 54666 88704 109403330
2 92960
2 48303
1 93509 95839 863515388
2 93690
1 93303 98655 170691074
1 99139 9275 107979759
2 73005
1 76702 44782 754218830
2 5886
1 23677 94169 17800074
2 35699
1 25960 33822 932391121
2 526
2 26439
2 50413
2 10243
2 19137
2 29053
1 31545 96969 44206616
1 36427 25169 576637709
2 3300
2 57447
2 90827
1 57292 74885 331022978
1 94409 26503 116420948
1 12569 84749 293741644
2 39079
2 52997
1 30946 92352 7335975
2 61612
2 48282
2 60387
1 41122 33808 203118333
2 62341
2 75969
2 19857
2 32347
2 8009
1 92761 73308 794354194
2 8283
2 15878
2 52412
1 91280 62597 475717506
2 88069
2 60464
1 93223 12819 352551804
1 94771 39944 199835798
1 59794 18750 289813544
1 47275 15793 367214633
2 49142
1 52976 64257 658644579
1 49461 70239 775312091
2 49400
2 94397
2 21139
2 56214
2 87678
2 42544
1 32745 3746 160258773
2 71852
2 40773
1 2787 55159 136565645
2 92044
2 10133
2 855
2 97151
1 92888 26560 83938619
2 53404
2 54093
2 11066
1 96410 46324 895086358
1 77530 88793 24819755
2 97002
2 34737
2 4320
1 5699 66664 487488122
2 59672
2 21408
1 58180 85778 543176027
1 90761 40685 583963856
2 583
2 10955
2 5523
1 80794 4099 677427817
1 76440 39972 888770134
1 40912 44262 891739188
1 72280 98720 413188163
1 96306 10191 663042536
1 93430 33754 955239091
2 74464
1 87447 78969 958391524
1 28699 74894 16082988
1 9191 19228 801013389
2 4816
2 9480
1 88053 60903 743555652
1 80214 99078 991783029
1 34573 4811 619898474
1 24411 62746 997705811
1 73915 79050 883412031
2 79932
1 47766 440 481656826
1 79211 63769 850475525
1 41108 56711 840653628
1 8788 57364 486557637
2 18352
2 13725
1 89661 40081 629605671
2 8760
2 35283
2 71179
2 71381
1 69382 30610 22159292
2 66993
2 64131
1 9167 25362 958357872
2 92128
1 90569 22660 228281588
2 5585
2 72210
2 48925
2 44013
1 71549 64289 792302567
2 7371
2 69156
2 77469
1 96083 73596 956135536
1 26656 35941 894365765
2 67190
2 117
2 44633
1 9713 1541 880198334
1 43038 7567 949216252
1 5941 6623 451596264
1 60292 43042 402360374
2 83704
1 56902 5476 387250833
2 82039
1 34557 26389 403537766
2 20076
1 31757 62802 671920070
1 62365 75779 276498574
2 52621
2 58778
2 81863
2 78342
1 68073 23188 208542716
2 43757
2 90388
2 44144
1 76593 13741 950969726
1 85655 96032 202799407
2 87863
1 58397 77708 417984278
2 89240
2 76844
1 32188 83606 143764486
1 50853 90390 407166700
2 56059
1 81955 59049 609504984
2 57169
1 56829 3538 140284071
2 55077
2 91766
1 51579 48004 989208516
1 21785 26608 623008744
1 286 25257 438476882
1 88801 92583 345224453
1 61183 11490 623870656
1 46916 68461 205465999
1 47912 30275 829823246
2 83309
1 88773 62032 100619253
2 50231
2 89638
1 99664 6921 612519293
2 53754
1 69730 75447 484674611
2 58609
1 79669 5567 205159099
2 83895
2 31976
1 14684 83783 757310021
1 3558 32069 145222413
2 13215
1 42722 2784 231435605
1 50466 21823 984502780
2 60389
1 55772 23020 209496556
1 92428 53354 515405206
1 9425 67012 226743408
1 92485 40923 53801534
1 73239 18853 196067007
2 50241
2 37978
2 65364
2 16180
1 75280 60638 679632314
1 94123 64068 610951088
1 44407 93989 536061811
2 57112
1 35679 49738 489538709
2 75299
1 68832 36275 331213923
1 65186 14923 352113748
1 3644 35675 681411333
2 925
2 9820
1 26359 80797 72516758
1 98970 50071 26120367
1 48766 1404 951807954
1 51033 86129 984892284
1 11666 34950 31747582
1 34026 64403 510606983
2 78921
1 15187 58637 101369569
2 641
2 88463
1 30625 86373 379378173
2 44040
2 20041
1 11321 32669 228364050
1 34398 11024 187479794
2 27890
2 47796
2 86637
2 5759
1 71110 11945 6429732
1 55113 58854 722121886
1 89889 17914 624751138
1 65122 8976 291446810
2 78233
1 9347 3015 764354279
2 91487
2 6863
1 13226 18167 298675304
2 62900
2 3199
2 14813
1 78251 68557 569695758
1 19652 23244 22723224
1 40094 94433 21578600
2 46243
1 25081 3210 391950273
2 28170
1 11695 79041 905262663
1 51435 88073 627559261
1 2774 6169 177829771
1 43900 61655 590180906
2 47626
2 27704
1 28241 83761 462949717
2 97946
1 24043 62811 158285765
1 71035 52300 492807725
1 59922 91543 454840133
2 86631
2 92408
2 78272
2 34704
1 61775 77351 354627610
1 4840 93042 986009346
2 56680
2 30980
1 51557 28332 23532931
1 94371 92087 686147505
2 58806
2 30050
1 53639 56975 727009487
1 16964 63333 367292376
2 54126
1 97829 96851 192214751
1 65075 18588 986739030
2 50239
1 55112 51820 692905978
1 26234 5869 233134571
2 52196
1 52541 66334 354491969
1 38028 99776 213715410
2 29938
1 68278 39247 147681288
1 50131 99247 960409458
1 65695 30596 885245812
1 88418 16931 659158856
2 41820
2 74255
1 43816 22574 457942903
1 41992 35489 154043919
1 62046 35625 460156446
1 50367 20559 164513413
1 75607 33309 728506484
1 96268 46283 870285588
1 10467 95186 629858251
1 66472 49814 184345913
1 20918 26593 929380307
2 75568
2 49349
2 93425
2 50888
1 75850 45190 673070180
2 11687
2 37877
2 6773
2 6869
2 91717
2 43661
2 53003
2 94537
2 14043
1 724 36126 259237072
2 63542
1 65715 90140 962095267
2 2530
1 65752 31009 212955548
1 87121 98594 297563086
2 24432
1 84757 76321 452403265
2 46382
1 88985 73141 106646920
2 61223
2 3059
2 47597
2 86860
1 85483 88494 944051212
1 51433 43568 747095061
1 12993 24968 490705738
1 46340 22632 242655022
2 14167
2 65959
1 80059 9427 171739213
2 34729
2 79449
1 5658 62014 357020921
1 13744 20257 900027130
1 4095 63457 699078260
2 99693
1 79284 64091 477146556
1 63799 47384 48267230
1 95648 28299 116960303
2 1713
2 51358
1 22329 92557 883816466
2 46835
2 24985
1 69406 90456 763239410
1 10905 61771 311781526
2 81340
2 11888
2 13304
2 52384
2 75631
1 68470 89764 686524473
1 23788 74441 109454703
2 65610
2 22103
2 79419
2 63122
2 78098
2 45096
1 94974 50288 401772026
1 17837 99642 905142915
1 1927 93605 503531392
1 43773 23400 775168798
2 43471
1 69604 37836 505438100
1 23574 75947 528556797
1 96330 59896 837243297
2 59321
2 67358
1 28971 21383 236933586
2 82486
1 5915 43130 476425354
1 6718 11496 476194601
2 75080
1 34896 70093 936792001
2 3276
1 18612 71768 248544587
2 62352
1 7375 32042 604166159
1 20181 19558 471263981
2 31944
2 36057
1 21451 61962 192326355
2 31885
2 46994
1 45340 99982 172674507
1 61375 50845 538336297
2 50892
2 77182
2 69675
2 11127
1 60874 92115 784046106
1 91778 23451 578964686
2 20597
2 3134
2 61041
2 76552
1 89370 46124 659501531
1 80438 32637 287887266
2 80184
2 15465
1 19336 17114 993726691
1 61524 45097 707285254
1 727 27928 506937124
2 9146
1 94115 95546 346142426
2 19469
2 83673
1 89364 80032 415230783
1 71765 53432 817332571
1 49728 60065 760775117
1 86298 2187 13573066
1 36181 71452 59860926
2 466
1 75479 92725 764165322
1 80339 10396 551098479
2 7428
2 1155
2 67734
1 73119 9312 396697169
1 59776 41020 167163129
1 4135 94748 792118345
2 10067
2 83054
2 43261
2 51143
2 34039
1 29335 24452 112897684
2 9811
1 49143 6832 509654100
1 90819 39601 943526624
1 76962 9677 758623367
1 35414 79008 872710935
2 80158
1 76839 47681 87788439
1 22453 42382 838911041
1 46684 50983 968937370
1 87387 35542 601885130
2 1159
1 95653 12512 6125749
1 29044 28009 379506562
2 27887
1 63424 37294 262604389
1 66238 21541 329458122
1 76225 362 586063681
2 80910
2 43392
1 65093 43547 317451198
2 32246
1 265 9139 772408319
1 74356 46239 944999335
1 85353 39722 835023
2 25893
1 94648 36803 257662548
2 91517
1 69172 24736 46921550
1 67487 28247 660118520
1 6122 84249 210272523
1 76565 95285 110081321
2 92281
1 47713 72730 327968901
1 77287 6043 663546951
1 46644 59374 167655712
1 96240 91369 620489017
1 96118 66774 648444790
2 5819
1 74474 19712 552513362
1 93867 41036 764604682
2 51607
1 84715 46388 59117377
1 49972 34853 90693843
2 51042
1 20119 39355 329826972
1 30030 68451 32643299
2 6672
2 77803
1 16391 69834 321098059
1 10438 46540 568655964
1 23104 56529 560196369
2 94147
1 9309 87000 714671480
1 83173 52146 138872038
2 62711
2 22102
2 33547
1 21703 25960 957076368
2 73358
2 56387
1 25765 56103 604839181
1 36544 12207 452971374
1 42528 14394 363963769
2 30585
1 58899 55859 717000794
2 50400
2 27028
1 69365 90605 199207910
1 85374 94594 32105042
1 36407 71178 266156531
1 97903 91399 628214918
1 44710 48166 950925016
1 63888 81538 230768637
2 2405
2 34428
2 71612
1 25530 45126 388772960
2 78004
1 67379 79348 584832420
2 43837
2 5221
1 58412 11574 997114214
2 66709
1 80525 50028 273120975
1 98784 89373 919235727
1 45358 15294 897432925
1 84026 2807 613776025
2 71351
1 68420 56758 326229963
2 77881
2 92969
1 91940 22011 593985625
2 99202
2 46145
1 98966 83157 666718960
1 68251 51097 147862030
2 68302
1 88100 84827 835267626
2 60672
2 75801
1 27204 74227 589187651
1 45786 92886 436185541
2 21618
2 55377
1 66320 82341 860823397
1 68170 39599 171121561
2 97209
2 65259
1 49994 69726 676640516
1 15962 44403 90029965
2 63581
2 59947
2 56973
1 19232 27730 572372546
1 17960 13212 681723333
2 82880
2 72899
1 65061 25394 790623446
1 31894 95079 803337422
1 18508 45906 980925642
2 55363
1 39407 31269 70088524
2 55177
2 29022
1 87402 41487 393020272
2 2456
1 91553 3901 353641092
1 78252 81535 899930056
1 20867 39459 35509237
1 83617 66969 9114962
2 83906
1 81574 58897 756293584
2 10844
2 80382
1 54117 6659 587459652
1 82632 97098 861005055
1 66642 34983 561288001
2 90903
1 33914 50193 294207503
2 45828
2 32999
2 38661
1 82522 25327 198455151
1 2622 19619 647681652
2 23214
2 46766
2 16541
1 91864 77767 216370005
1 80119 96505 196248500
2 18532
2 32638
1 88051 31142 412093673
1 81990 56694 118617780
1 29392 62589 140786773
1 27838 10103 583814674
1 70373 92824 111822447
1 63118 72481 461218025
1 82237 26855 163935883
1 34998 12613 397192091
2 61675
2 70809
2 27351
1 40397 79113 889884501
1 83524 28606 808309348
2 3633
2 79451
1 89281 48399 807059372
1 61395 58591 606270584
2 58437
2 63026
1 65456 7416 109969187
1 94078 64881 570462174
2 67140
2 93115
1 89482 16997 80261103
1 19883 31214 451664259
1 97775 2964 651791121
2 34669
2 83659
2 56399
1 5020 55688 523242571
1 56084 14214 280071253
2 98048
2 73650
2 13340
1 97117 41710 149095484
1 83396 61245 482769524
2 81404
1 90130 91614 694113867
1 46408 30870 405935371
2 97086
2 40830
2 50278
2 72286
1 31130 41241 603203969
1 6121 55132 519558638
2 93142
2 2251
2 47304
2 99126
2 47727
2 63930
1 57187 31643 58503330
1 57862 15606 766409910
1 67743 10844 785461242
1 36419 85030 2212072
2 15347
2 16369
2 74065
2 70155
2 25253
2 12057
2 24797
2 60802
2 72026
1 53774 65366 628951624
2 46593
2 6567
1 67903 68288 112108999
1 94594 10132 598542541
1 15659 4232 342115146
1 55318 63818 305263396
1 46153 40852 751106832
1 91122 51051 739520534
1 39684 80057 316651938
1 90300 92392 214754151
2 99468
1 5622 64226 689300391
2 16867
1 53220 45955 923788316
2 13282
1 96409 48019 862355022
2 85692
1 71218 17987 642381132
1 96262 38949 702453166
2 85506
1 79473 11379 378389753
1 85935 77046 17855755
1 37995 59252 631895088
1 49809 46335 560164737
1 3415 75735 92120687
2 79517
2 68817
2 97518
1 87029 27092 681439566
1 91826 49204 703913852
1 52120 96975 312574837
1 88411 8196 621321469
2 68767
1 41057 59625 529914009
1 5012 91269 508746301
1 65646 78834 578016154
2 1522
2 17614
1 79832 69090 78442315
2 14149
2 92460
2 87992
1 95758 97426 110229314
1 11115 44945 39184296
2 45349
1 66077 85417 630793299
1 11992 37838 260586813
1 73062 89093 357853876
2 91532
1 87606 63134 289609208
2 95810
1 52244 67746 9049021
1 67396 92994 371383763
1 98820 31696 346103443
1 11496 70134 362446204
1 31602 29490 294211212
1 67686 25585 59902788
1 94626 41931 571290360
1 98912 30535 127667049
2 58449
1 61073 28138 784537559
1 79867 83265 627312115
2 51277
2 63862
1 76433 43955 631323915
2 86084
2 38222
1 2863 7503 588397946
2 75668
1 88861 75126 622225269
2 77891
1 33862 24499 720070969
1 17836 42423 18866196
1 4797 17283 557527279
2 10029
1 4446 45595 902115342
2 38556
1 4074 55441 618424971
2 53556
1 85698 74795 935056716
2 25374
2 82456
2 21048
2 2612
1 89436 94797 515674644
1 36355 99545 425628095
1 34752 71739 584884777
2 13238
2 17233
1 53527 44891 158434082
1 60968 78965 151385724
2 63448
2 25446
1 79034 11092 303394679
1 72508 9666 56812947
1 1168 79399 242651458
2 36172
1 36960 77445 185432010
2 54592
2 36671
2 76315
2 92670
2 46714
1 96697 14442 447385963
2 16052
2 28052
2 64417
1 39611 91176 150831345
2 46736
1 32830 78924 808499213
1 20456 39836 614344887
1 84967 95557 733729410
1 18459 24515 152083261
1 34360 31111 123498452
1 19002 25926 803775830
2 44616
2 59057
1 14011 94791 324823712
2 55674
1 61182 42097 291200792
2 31712
1 35485 98045 196477529
1 98335 11517 137247648
2 12982
1 29390 70774 776557666
1 28386 38985 411610888
2 21671
2 53479
1 21764 32875 614429898
1 73161 85395 39070518
2 72289
2 33716
1 58466 28741 969958984
2 35499
2 8324
1 80095 86055 792110571
2 11432
2 18053
1 53234 69397 540885601
2 7622
2 23070
1 68940 40953 825273642
2 64492
2 36162
1 48200 91213 166618136
1 9583 66887 675050062
1 44937 42176 884954863
2 17383
1 79953 57899 446697449
1 14993 43894 885089966
2 14813
2 8364
2 19810
2 7637
1 27832 70457 12058191
1 96597 45700 374286087
1 9880 9686 546963557
2 88042
1 39496 65728 316124460
1 27171 82622 201903340
1 75571 40190 599631043
2 83652
1 82643 35007 329310344
1 77352 94490 851898740
1 93513 15098 68301873
2 18310
2 92937
2 19068
1 97737 23038 163616881
1 48809 84845 411706816
1 72730 11229 985432733
1 70243 41220 513816564
2 48988
1 9613 24096 396466272
1 95248 46601 502623039
2 87306
1 33891 97788 345913297
2 72305
2 42132
2 72402
1 11129 65507 893706771
2 63063
1 42458 62121 838820807
2 46468
2 73387
1 74231 5807 846035431
2 34399
1 37830 30897 991314368
1 33072 74074 31992650
2 66095
1 26649 52382 996358059
2 65914
2 16330
1 89961 43867 300640464
1 25657 36238 482935356
1 36311 22199 214667906
1 41695 43565 330218358
2 6650
2 3429
2 49925
1 68590 1201 862848135
2 66369
1 36830 80245 376576562
1 30391 25866 165380928
1 86227 11902 607964711
1 23158 82284 473265772
1 97572 15411 548193704
2 6555
1 4286 21868 291299941
2 95265
2 71504
1 17330 62732 387805329
2 74571
2 59203
1 4354 73439 951748970
1 83478 19294 703237507
1 51094 5977 748381832
1 76035 92413 980039248
1 80826 10623 261918176
1 95633 68292 777450746
2 35982
2 10467
2 9222
2 52367
2 93836
2 93054
1 37578 14260 119659749
1 52912 55309 939956161
2 82119
1 31736 90389 318206607
2 17948
2 86536
1 43103 42461 969697955
1 50507 14299 617346589
1 87220 66703 322328213
1 4327 58323 829856455
2 50200
1 33728 91696 760870304
1 37469 94434 698643235
2 34894
2 87163
2 61173
2 84305
1 75297 6739 995302418
2 6624
1 91808 4642 986677179
2 49432
1 55553 65410 149741473
1 28069 58956 782996712
1 24906 14564 131122570
1 54908 67599 313470423
1 40528 73920 705210464
2 13449
2 83707
2 63350
2 62129
1 25236 70053 451278846
2 49404
1 53074 59699 803449332
2 88442
2 37336
2 33271
2 21649
1 76754 14557 978665663
2 89793
1 48317 66026 312389084
2 96313
1 90995 11608 134615287
1 55076 21851 779866907
1 78523 38908 769431056
1 7706 74446 94947547
1 65054 21521 843963573
2 20024
1 53332 12534 279037033
1 45860 96863 526432248
2 85354
2 91203
1 41286 7583 303228904
1 43549 67154 878628521
1 91524 83717 916183003
1 83201 68858 190939528
1 5057 34388 789933744
1 71335 86994 513474071
2 54786
1 98301 2337 2098567
2 80349
2 92802
1 91733 81487 325921140
1 1983 89211 55472534
2 84985
1 30881 40938 991753647
2 54161
2 33399
1 12402 56128 603396620
2 22204
1 81927 94025 876927224
2 48952
2 75919
2 81408
1 28642 57863 355619131
2 21893
2 72096
1 60601 27463 696734592
1 61873 79163 144083891
1 19790 47649 614364099
1 22297 92356 877733388
2 62465
1 14742 90091 194536683
1 70662 33226 759476202
1 38564 68796 699048040
1 92351 57771 310497456
2 4670
2 86775
1 95395 31217 569798742
1 85902 37580 297750298
1 78998 18446 512447126
2 59736
2 60222
1 99009 45164 255035273
2 79517
1 76608 52757 82991308
1 57979 69247 281628229
1 77521 16359 592489777
2 25353
2 48766
2 7679
2 79084
2 96693
1 55140 20376 134730416
2 39032
1 6219 45993 382196703
1 54625 57142 57311531
2 94324
2 98372
2 95454
2 85638
2 21912
2 23117
1 72792 9769 109095523
2 54429
2 83121
1 25548 5927 38772476
2 90449
2 41015
2 15675
2 89817
1 59511 74925 844352036
1 48272 15766 512261860
1 9297 82017 452324318
1 93638 38328 908500364
2 3304
1 30034 53260 208026161
2 97274
1 33862 83044 849172717
1 76714 85142 881018449
2 95515
2 50496
1 35022 81843 144587216
2 40788
1 85335 67145 673571029
1 8848 43558 881234501
1 31464 67787 738251639
2 99424
1 50337 66839 260607576
2 87181
2 14061
1 20632 88875 969008569
2 41131
2 70560
2 42603
1 92639 98087 847997793
2 32633
2 94616
2 97619
1 32953 84283 800794134
2 84677
1 31046 50350 673222942
2 25488
2 67810
2 33758
2 41685
2 25614
1 11031 30839 422485070
2 53152
1 40949 81432 290766227
2 18178
1 19735 64959 473944345
2 37001
1 26587 48499 870004568
2 63383
2 27950
2 30095
1 22876 45550 78754108
1 56979 46753 59963552
1 47112 47262 760632725
2 50977
1 48679 80266 210579852
2 15777
1 38706 42911 203571121
2 47820
2 31971
2 66460
2 63942
1 14278 34543 147226827
1 36946 65618 443270656
1 7384 51695 696610349
1 32763 90459 395203215
2 47427
2 10231
1 76085 66573 989598538
2 92703
1 61594 42251 434194131
2 22035
2 96795
1 57898 54704 423388666
2 9811
1 80739 66905 448743770
2 96228
1 13808 24361 76480693
2 82405
1 91429 31317 575644277
2 29407
2 35484
1 60004 99763 447550347
2 94591
1 42220 34799 275776274
2 15691
1 45088 19838 474068373
1 72834 69786 105905630
1 315 46146 272827687
2 74938
2 79409
2 50875
1 34257 36241 79185413
1 84754 77461 222686511
1 82339 43209 830265605
2 33186
1 87508 19630 978750997
1 99351 66535 592058630
2 6413
2 30619
1 35351 77848 423149540
2 12963
2 52732
1 70973 52637 864134286
2 25965
1 78946 49735 703798914
1 8398 23739 896958868
1 8787 8279 483074094
1 31549 2135 337015336
2 60484
1 40098 3589 944762460
2 71689
1 71032 55229 753050025
2 13265
2 11073
1 80897 78415 810163736
2 47802
1 46031 80755 429536401
1 28914 70832 143162648
2 33793
1 70895 75690 572699448
1 47895 1020 921054935
1 24044 70841 264469324
1 37688 21151 118287405
2 8428
2 41960
1 54457 76673 950375761
2 76778
2 58182
2 25068
1 51136 59555 853881323
1 42897 58805 31270935
2 41023
2 3945
1 9201 22144 451254264
1 28321 19896 579286142
2 44277
2 26186
2 42983
2 51935
2 15595
2 56967
1 12382 49294 961858152
1 19506 20660 895346274
1 77949 41413 278348449
1 36949 59456 403596350
2 15346
2 13405
1 37880 16258 465689170
2 34375
2 37056
1 90230 91959 912632420
2 42979
2 9040
2 62935
2 38813
1 74522 10998 423032626
2 81347
2 40381
2 77574
2 10693
1 58766 6532 492525198
2 53089
1 39747 30864 714064358
1 74699 38600 505943328
2 61599
2 24937
2 1811
2 49850
2 56193
1 89765 51694 788503799
2 56343
1 93428 61107 475551949
2 54916
2 10520
1 10025 17905 600344211
2 64845
2 83321
2 80966
2 39937
2 51483
2 16850
2 49240
2 57693
1 29768 66497 812698363
2 70962
2 26101
1 13700 98478 679498361
2 40367
1 19385 42849 577675325
1 67633 14154 605803021
1 52590 18782 250373803
2 9545
1 59230 97970 844266495
1 59440 17362 892401111
2 69768
1 9156 9758 536252501
1 62495 64686 23353032
1 5853 46362 844178685
1 41164 56817 808798366
2 24267
1 87095 22562 503311609
1 83119 95098 414241774
1 8066 88603 354724714
2 41278
1 27907 71283 419835392
1 70429 14438 212955264
1 44599 57953 202359102
1 27954 7176 736130152
2 7727
1 94075 99122 768802635
2 83945
1 24852 82209 47744906
2 26582
2 50381
2 75492
1 30305 32865 906777898
1 60535 69954 841229198
2 62504
1 37060 26767 432848831
1 45671 92565 714759143
1 80805 84329 882150184
2 11710
1 94002 31118 670712262
2 68421
2 72219
1 30488 47221 547443799
2 94531
2 95750
2 20526
1 50698 82770 721592621
1 10899 55199 730268396
2 15337
2 5474
1 5896 50001 261984181
2 39413
2 26651
1 7521 62165 500440310
2 95930
1 70828 9891 496106328
1 50576 10652 960339868
1 81393 75109 519281595
2 51803
2 16390
1 53246 27742 877078079
2 5448
1 54586 61372 23995777
1 98732 17563 839025193
1 83872 42474 151281628
2 78987
2 46411
2 90123
2 36910
1 37620 53858 703118149
1 75989 64611 539699189
2 11517
1 30682 34129 316763033
2 28052
2 92569
1 11649 31316 369850588
1 49427 60242 627471651
2 3178
2 88569
1 51601 14479 596776629
2 22305
2 40546
2 79823
2 87704
2 38441
2 8394
1 98479 54541 796896613
1 48841 20655 173167256
2 49063
2 86562
2 68279
2 80464
1 14902 14162 479615182
2 1116
1 42466 10378 734022645
2 58127
2 28137
2 42478
2 64684
2 82894
2 48303
1 15047 7221 73947429
2 16986
1 1474 51070 22090745
2 97809
2 23815
2 17770
1 91207 9801 528653889
2 70679
1 7839 36978 403204808
2 1557
1 1570 75224 566598401
1 85806 46719 244792521
2 3800
1 14923 82517 927262540
1 44764 27250 998665066
1 99045 82838 805253908
1 25049 94361 431114701
2 72062
2 70744
2 17095
1 17584 41556 789426927
1 79324 90048 171131013
1 26218 5269 47153215
1 78211 92518 621466365
1 80569 35658 411345805
1 59085 54439 961631293
1 3082 80747 175035242
2 11332
2 72136
1 98661 64145 61703118
2 91180
2 64652
1 40245 70093 349946532
2 1453
1 24750 57398 966283159
2 64684
1 15686 89809 336128926
1 65631 66486 673362003
2 67992
2 33010
2 61291
1 26736 8608 647538394
1 62042 39914 96344520
2 12368
1 88512 51126 113332974
2 79576
2 49270
2 8914
1 29383 40873 470686420
2 42432
1 79665 44727 778575599
2 65856
1 88787 39773 345667075
1 27828 69665 328054023
2 88460
2 5928
2 19107
1 40103 70845 177384187
1 81680 30309 40819905
1 50980 44590 738716953
2 93710
1 61149 43006 459014116
2 74723
2 62659
1 14345 26592 605559305
2 90384
2 62288
2 63955
2 60435
1 5162 57823 548458960
1 6209 50301 22157717
2 70150
2 29352
1 48141 72825 134555160
2 66829
1 65765 75223 66303526
2 88401
1 44470 10415 191933141
2 62497
1 87186 10315 534178168
1 86909 61319 388567470
2 47877
1 50130 72627 908726688
1 30940 90257 519210916
2 74040
1 20564 69926 276907356
2 30814
2 8916
1 62365 75101 79814144
2 72846
1 20761 23920 330449582
2 18536
1 57643 78530 608445636
2 1148
1 25503 82274 124374771
1 55648 40289 45783502
1 68415 58756 923801352
1 57741 18987 587418084
1 50421 76891 423617905
1 73909 57446 217891146
2 21388
1 28965 98326 360705006
1 55392 15278 80037682
2 50784
1 19513 77008 540469669
1 74420 7637 342932917
2 75081
1 51372 90438 510120088
2 59589
1 42124 65295 934620926
1 48712 6491 836504821
2 61416
1 52547 25631 74849402
1 4051 26124 412672575
1 88777 68420 634939048
1 40214 71662 962138805
2 5028
1 67442 34409 717678231
1 42789 22870 718016474
1 58476 15896 200979735
1 24016 57545 984805580
1 78580 72560 652818027
2 71594
1 54560 82855 574928267
2 68895
2 13272
1 43725 8436 897253263
1 24195 7190 427282835
2 35456
1 92778 42265 766535410
2 49292
1 49149 59886 100818053
2 26865
2 39546
2 9940
2 33796
1 17067 76954 300100149
2 7968
1 89500 24083 523876415
1 23066 36464 708984369
1 30798 82166 623665070
2 55237
1 19897 89294 401473881
2 23202
1 60299 83611 165420416
2 42334
2 6441
2 37982
2 11949
1 45599 37640 290435229
2 19879
2 23029
2 59810
1 15394 87336 100973250
1 51773 56887 796215532
1 33385 98428 352058898
1 52552 11589 119125857
2 55604
1 16111 15475 129333911
1 42293 62882 955698334
2 61394
2 62895
2 35090
2 14055
2 6756
1 60383 46216 459279295
1 90006 58057 453103109
2 98982
2 77819
1 4207 16728 580116211
1 97049 77290 865102579
2 25651
1 44243 76738 801865925
1 71685 29741 27125849
1 91849 27569 596555112
1 49493 20691 478779798
1 36468 94588 720690222
1 19124 92412 811500682
1 47515 50257 508802713
1 4498 42664 983272435
1 73980 74730 681045809
2 66352
2 31080
2 25512
2 29232
1 95917 85788 36900942
2 34743
2 20184
2 4704
2 71502
1 22799 7224 23033225
2 77570
1 66721 64160 381138586
1 95231 10535 511955177
2 42447
2 79871
2 98943
2 86222
2 80615
2 10461
1 714 5044 5350793
1 59710 29207 306778755
2 15290
2 90445
2 27763
1 86996 33689 784871964
2 69291
1 12729 9487 682776863
2 88533
2 14287
1 39755 11694 21108299
2 8788
1 3681 81748 94105731
2 31095
2 10315
2 44983
1 22415 68864 988757273
2 59790
2 17092
1 99640 97620 472253517
1 77092 62050 485342298
1 851 82188 292490200
2 50553
1 78952 7746 539049063
2 76227
2 17002
2 27802
1 76160 5466 767297880
1 47554 71920 158168008
2 24269
1 84523 56243 736536852
1 37741 73978 991581315
2 36425
2 37311
2 97541
2 95445
1 76088 8220 896280223
2 31525
1 33880 47062 571439893
1 12859 9977 749717601
1 47656 78036 430912898
1 73030 60197 690187221
2 38902
2 31500
1 48331 10980 158341385
2 27677
1 24585 69929 181030382
2 95675
1 68956 18044 423989373
1 58925 14577 741531309
2 85979
1 51614 72262 695527265
1 5707 65582 331807148
1 40382 74970 356906734
1 28222 45270 791364058
2 16179
2 5678
2 73772
1 32621 53982 841271221
1 53648 64963 414810663
1 57941 84575 158418070
1 50961 35139 345875307
2 50245
2 34238
1 64723 75765 640802752
1 23811 81937 640452241
2 89121
2 37969
1 24677 87425 967987229
1 97740 56068 57043977
2 67070
1 21398 20678 121383910
1 43196 53251 630594741
1 16694 23096 160941081
2 54315
2 89330
2 82447
1 86635 18371 19055428
2 79462
1 74745 259 29684329
2 6180
1 4449 51785 932282038
1 39522 85062 214581667
2 5397
1 28966 99861 731392239
2 23665
2 21075
2 65787
2 70962
2 88663
2 5532
1 61533 94279 469047508
1 37966 92407 253997548
2 19051
2 80441
2 69164
2 78213
1 92741 49021 774966229
2 66856
2 60755
1 66547 7321 849429952
2 45922
1 84205 11542 459194812
2 91848
2 14827
2 47643
1 15256 74754 32472357
2 63126
1 31890 85479 904078307
1 79790 75138 444324965
2 83604
1 39422 55404 507779210
1 37534 70086 890838470
2 55738
1 76471 36146 915685805
1 3308 77907 573907719
2 51704
2 33434
2 44631
2 50982
1 8271 94419 702661464
2 67984
2 39251
2 15481
1 69337 32199 156312280
2 88257
2 83943
1 63277 36264 639888181
1 10897 91369 987951562
2 15327
1 10804 31120 910299482
1 14154 43143 186658645
2 51714
1 6883 53692 547544224
2 4365
2 63510
2 74464
1 40441 99921 530573332
1 68844 27728 40998448
1 13148 67428 908249171
2 82461
2 43576
1 76848 82955 358939247
2 82615
1 45133 22207 88416376
2 51177
1 80101 4074 280302133
1 35021 23901 113105922
1 28196 64765 97053625
2 12303
1 67022 21846 73795147
1 72880 9757 183073025
1 49083 6739 30095072
2 25635
1 64279 62450 597244149
1 15576 91711 353573727
2 3586
2 63894
2 24601
1 53711 95279 68240114
1 51663 20483 350668779
2 54197
2 22913
2 37397
1 56025 16587 109815245
1 70677 61830 315542125
1 14253 87035 814650033
2 40170
1 77576 3276 860043375
2 61925
1 65271 32933 499066057
2 16194
1 19908 82985 114131294
1 32757 49734 751197178
2 84244
2 96464
1 57373 31618 116765865
1 96018 54248 317114669
1 44433 76569 536145381
2 28447
2 38138
1 44283 71400 43912876
1 59654 37058 459479714
2 5094
1 58091 54245 515060795
1 5351 25906 345165077
1 98609 71222 550464575
1 89139 25497 798059856
1 81512 22494 837113993
2 38907
1 43307 84105 39227682
1 53361 76655 466360764
2 45997
2 65589
1 87002 76437 860120369
2 971
1 84480 42811 92028084
1 83198 86150 421505821
2 15283
1 36689 29002 466694710
2 62452
2 98237
1 32631 37668 861179558
2 64072
2 99775
1 8056 54814 882035015
1 66832 1609 734843834
2 65389
1 73182 31403 15928034
2 84851
2 74981
2 52271
2 39129
2 66952
1 19051 19860 71341418
2 29711
2 51798
1 28447 58838 663584252
2 22505
1 40466 44874 668186837
1 29318 24542 431414655
1 43529 455 259635799
1 31717 84619 806600008
1 41593 70251 127662091
2 19084
1 74029 51616 306904711
1 55021 33210 963169946
2 49504
2 34056
1 2091 86915 155512830
2 44669
1 63268 31921 652038262
1 60040 32723 757794946
1 5187 7762 51744433
1 13247 43959 235162257
2 59628
2 20608
1 51507 75927 31577812
2 157
1 21669 97870 889707404
2 86447
2 3330
1 71424 25518 466871679
2 81501
1 32759 47339 910243534
1 47777 36445 447211809
2 50595
1 30116 32565 312838186
1 74062 98599 137158135
1 17285 7106 684222513
1 36072 48942 911276834
1 73420 38204 309041193
1 14078 53008 294400908
1 57905 12884 342451002
1 22722 77045 426465642
2 37061
1 11188 16381 718638974
2 5724
1 38322 92823 492065711
1 5066 53860 935389714
2 39205
1 35325 88683 332855378
1 43700 22877 319899551
2 97293
1 84527 41846 740146358
2 6498
2 13804
2 51000
1 61098 77733 702860491
1 19178 95201 217934229
2 15485
2 60398
2 44354
2 79808
1 45497 10616 736428200
1 63426 83440 488468763
2 48507
1 53795 31601 116577427
1 70421 61341 694732377
1 71635 32686 993438580
2 13827
2 548
1 50828 20798 794084902
1 4032 17116 187893285
1 93861 18174 107031420
2 26709
2 45092
2 5093
1 80822 10539 524798026
2 73404
2 43262
1 71481 14270 528173777
2 49131
2 61326
1 97663 32791 377909928
1 50044 46065 703461863
1 99228 48650 706830011
1 73158 31138 829194313
1 23817 36776 356767599
1 55107 84528 279785890
2 2606
1 98755 6482 758480138
1 95747 93101 681601946
1 43466 47637 614074286
2 64200
1 35693 70300 922085144
1 34369 77849 165331441
2 85513
2 76170
2 28765
1 30913 88777 996423552
2 84374
1 52573 1166 701908414
2 52211
2 75494
2 29954
1 46619 53537 919048378
2 48906
2 50345
2 26948
2 87665
1 88400 21166 159454760
2 59823
2 27717
1 3038 77352 305955198
1 23789 61472 836812072
1 81883 10860 677013289
2 59133
2 97512
1 114 15718 806613639
2 50445
2 1658
1 55240 12161 194632269
1 42277 23602 86530567
1 41488 7004 55418880
2 11499
1 28716 86590 321239889
2 40608
1 15364 6687 323334449
2 14043
2 41861
1 55554 48945 867830226
1 57805 88291 680914255
2 31735
2 71055
1 89316 33165 449627413
2 87312
1 15889 56748 740608667
2 50763
1 64372 5782 195185324
2 27960
2 27482
2 50079
2 6319
2 82070
1 70600 66343 611018185
2 30411
2 91026
1 77040 87730 84627161
2 66712
2 29523
1 79908 46145 726521527
1 58880 2407 611775877
2 25067
1 32123 57435 486919895
1 22638 57730 733048671
1 9890 1900 510140809
2 12752
1 9552 63632 320288656
2 62754
2 26990
2 41081
1 53999 1803 5996940
1 43561 15056 177060318
1 89778 19866 930400448
2 76948
1 15797 72025 792287695
1 61364 91099 106497772
1 22187 93629 114781391
1 11640 11395 738203344
1 67216 93180 886423187
2 41042
2 61751
1 9438 28799 977326701
2 55556
2 89694
2 43771
1 86289 75401 567563603
1 77783 22389 58443347
1 35740 65274 655381587
1 85274 284 338245176
1 46000 87432 672422638
2 49111
2 72569
2 13821
2 81813
2 58342
1 3496 2715 296544269
1 69526 4667 756461684
2 27493
1 33335 26073 582007066
1 2231 82966 86655385
2 11711
2 22674
2 1178
2 18222
2 42728
2 49479
1 52115 86244 399198378
2 41337
2 6069
2 91797
1 20997 90702 629006111
1 24198 97884 716168651
1 28394 16345 998870995
2 69621
1 5806 1526 201679240
1 51092 38590 652776250
2 74272
2 14806
2 65062
1 51845 13057 542462138
1 61716 46457 78880566
1 27791 26700 225330161
2 250
2 68907
2 47627
1 40637 48734 575620183
1 22066 2496 928089348
1 2934 72456 833209141
2 8511
1 20220 44669 350269313
1 20320 35271 345691674
2 67047
2 28724
1 29599 80345 917863200
1 66435 66874 203118726
2 83063
2 25617
2 8710
1 17791 44797 835371143
2 15340
1 1275 54882 201699174
2 61967
1 43816 30751 367701245
2 91191
2 51220
2 12409
1 36442 56331 656092533
1 349 90565 909964942
1 41556 72552 855875457
2 56899
1 24829 86047 849041661
1 31855 14788 451315274
1 40352 97167 737583547
2 15965
2 4085
2 78855
1 569 66637 519825167
2 16571
1 41194 90318 126595074
2 9503
2 39460
1 96128 61168 936965469
1 49353 88821 388631812
2 84401
2 5207
1 91194 22358 457321647
1 52876 55529 577546629
1 49889 88122 210839345
2 97441
1 49810 68167 695441431
2 2977
1 22406 49621 850719727
2 21144
1 2658 73669 458001664
2 83365
1 32611 45596 879569119
1 10888 57058 310322345
2 40969
1 42515 73974 380517760
2 38483
2 29778
2 92659
2 8963
2 84830
1 16065 17941 760325818
1 22581 8956 499636606
2 32151
1 60827 50621 276566734
1 82869 28217 542175877
2 35180
1 18365 78166 601991646
2 6941
1 69789 90992 33524670
1 66103 22931 216349904
1 83820 92757 593465285
1 19631 75289 429382620
1 71373 55840 709097235
2 13101
2 64988
1 16091 81810 408021079
1 84695 38274 467917559
2 83542
1 58198 6215 387416174
1 95413 53660 507203456
2 34008
2 39997
2 31428
1 16591 51886 463922284
1 58074 6474 548280810
2 75782
2 72667
2 7441
1 3735 86261 442262279
2 67041
1 4406 5750 913516867
2 27671
2 20966
1 59054 25369 389846948
2 28070
1 79994 63125 268100933
1 72249 93085 655172277
2 75889
2 91603
1 34459 63495 699281946
1 8944 50833 745621677
2 5984
2 14001
1 53573 85042 95984516
1 70876 87492 455718555
2 88319
2 48678
1 62543 28004 995226397
1 76871 75258 395725271
1 33345 76202 33053120
1 68085 59861 944693879
2 40902
1 79802 20831 41936691
1 50544 29423 436866751
2 44101
2 35596
2 51217
1 81052 1190 569861036
1 86209 72762 247147792
2 39017
2 26086
2 41707
2 39739
2 89889
1 49388 61864 54950748
1 73580 76102 466843958
1 82464 20312 455810505
1 47726 29746 290342564
1 52141 24254 224315303
1 94060 36441 547343844
1 86301 99954 957106552
1 77004 89858 600192656
1 21233 93418 671376604
2 94801
2 29216
1 64066 13707 718879106
1 74542 48558 266168962
1 46579 84996 278522897
1 31075 46001 301057158
1 94566 76564 478743144
2 91605
2 9659
1 55331 12026 287721965
1 5053 82900 572776736
2 38437
1 57315 57531 508630909
2 72656
1 2599 99088 359329467
1 37371 79202 645712446
2 54301
2 2435
2 76056
2 77605
1 63893 34701 403849282
2 34626
2 32975
2 95035
2 94053
1 43597 69423 956579414
2 73360
1 57155 75746 604271209
1 8648 19810 561080682
2 48293
1 20011 91784 789234540
1 33928 37430 351573653
2 59081
2 39986
2 56948
2 32412
1 12910 26599 947214624
2 77330
2 53483
2 70253
1 44458 31207 113337974
2 47166
1 15077 88143 839724189
2 45269
1 98808 15550 687409304
2 86416
2 59810
1 32499 56377 645734256
1 77641 47887 957757140
1 31653 5466 308001954
1 7430 18116 498752979
2 80354
2 30379
1 13496 99191 84049609
1 52565 66751 686253556
1 98863 69584 819439391
1 35636 21698 164963143
1 50912 30903 315105776
2 90636
1 86519 15018 613678699
1 98615 58325 681429031
1 73711 12678 214236609
1 85179 36649 389960355
1 18422 73383 247377405
2 95034
1 96482 81444 323157252
2 93248
1 80774 74875 97768933
2 9209
2 34956
1 87990 90807 107120035
1 11136 64325 723577499
2 91085
1 49083 22478 959487792
2 16020
2 49603
1 41919 68314 515555878
1 44263 88030 649050463
1 72101 11793 205341707
2 39080
2 2010
1 17402 16472 195233750
1 94966 44912 335967346
1 62289 55203 322513759
1 18614 76521 134603793
2 38528
1 54363 49035 884193804
2 60150
1 52833 29259 140585873
1 23589 82223 136590956
1 62758 67975 540186846
1 44931 95893 521305630
1 37923 31797 635826630
1 2647 18131 854803941
1 75290 66092 295338244
2 49825
2 93179
2 51456
2 46098
2 14822
2 75744
1 37304 13383 536808626
1 57676 65147 679632623
2 28597
2 8029
2 26757
1 43061 71395 831000959
1 42307 46532 975327931
2 42653
2 57906
1 3502 39579 90926787
1 5228 26582 131911878
2 27558
1 74544 62566 700980441
2 25687
1 53341 3121 923836768
2 58295
1 56150 47850 41732998
2 89981
1 67321 87554 780115758
2 74295
2 10360
2 22523
2 22668
2 67227
1 12298 67878 239487451
2 13909
2 25668
1 27968 15952 638072348
1 48659 38462 214770975
2 78676
1 43587 24208 559516431
1 59483 41390 346773455
1 39696 70678 498183520
2 55708
1 33129 50766 250532432
1 89165 67238 204592678
2 17257
2 91682
1 35001 24377 304159074
1 70857 22034 186149489
1 74403 11599 307951799
1 85257 29454 207257849
1 35210 8704 648129110
2 70745
1 43647 25009 414383828
2 86074
1 44199 79012 128811953
1 58638 7859 900188788
2 43193
1 50520 72080 535811931
2 18251
2 79046
1 34539 11024 545128068
2 47260
2 65120
1 43112 70740 506977856
2 9117
1 98393 61515 612691706
1 94863 87445 451831039
2 11363
2 14037
1 38530 60126 412135731
2 13120
1 14723 60103 825587376
1 42440 88318 484040757
1 16695 81423 882786541
2 24836
1 69045 14176 679608674
1 87010 43345 870384835
2 81092
1 29243 44875 2398782
2 99348
2 84642
1 15776 40775 587184038
2 58639
1 90691 34278 725383570
2 36191
1 45414 58084 671915752
2 15120
2 31269
1 44555 88865 795595125
1 3368 69197 984366336
2 46564
1 98687 42681 355614
2 83347
2 61274
2 47004
1 19319 8364 398818501
2 80092
1 64801 5589 936930137
2 15386
1 92154 38008 311994560
2 62541
2 86829
1 80994 21165 656429616
1 40769 50598 283559669
1 85805 5138 843177416
2 82889
2 73616
1 22105 47975 162402819
2 10395
1 50582 28880 491247408
1 70906 81438 615239794
1 52677 22235 19782415
2 36075
1 18894 1693 71803326
2 9094
2 18213
1 23675 97729 720075149
1 55339 37842 329752783
1 58222 22140 9574225
1 89842 54957 149500338
2 16706
1 56836 35087 701633290
1 53108 45134 420430808
1 599 42090 926634204
1 7654 61973 821847631
1 3753 64147 911554571
1 14308 36097 115343440
2 33071
1 52129 23626 313443631
2 2473
2 51526
2 5887
1 38564 14120 211775526
1 73528 53496 367389283
1 24181 8172 722961994
2 35033
2 34443
2 33132
2 53625
2 75952
2 37285
2 80402
1 65452 32572 819371633
2 2963
2 43084
2 40379
1 60605 33272 89192020
2 21786
1 27735 79844 470952377
2 51381
1 73649 15979 644538993
1 5035 19885 962873046
1 82737 22223 729673183
1 80332 19803 404261907
1 79218 19701 276553384
1 27700 91183 715107887
1 10656 85274 453625893
1 83946 35491 217890964
1 68519 94382 123443543
1 9978 79591 442716310
2 2373
2 414
1 5581 38212 472880305
1 21938 25236 28911154
2 80535
1 37972 67687 929510400
1 8941 92979 607961283
1 18387 96599 165324185
1 8603 929 133769469
2 65332
1 13640 66545 649823600
1 26892 90545 837978900
2 81064
2 60609
2 7779
1 61147 29548 667261112
1 35319 81344 464915273
2 25456
1 45780 87218 87255615
2 11346
1 17743 62865 834610870
2 74775
2 2277
2 7120
2 34721
2 92230
1 55075 40310 502686491
1 44455 70892 676440310
2 39431
2 92349
1 85295 47767 489698161
1 11357 63651 862599514
1 89212 8626 261695196
1 96968 83572 307368683
2 94045
1 2707 80698 172858189
2 96944
1 33730 1198 314003448
2 20931
1 1456 15305 357927250
1 97369 20880 542343241
1 24410 90691 240090237
2 84598
1 82378 66729 155243637
1 24124 20004 612260982
1 10018 70850 703949457
1 83101 18582 688694390
1 13136 44483 326521761
2 40084
1 72164 20768 469277816
1 98262 174 80593322
2 17749
2 67120
1 56484 14994 89332743
1 45754 65459 351056788
1 96141 94269 321944473
2 29685
2 11447
2 39188
1 5937 10316 718858528
1 68556 1892 429716167
2 51217
1 61893 46205 119018943
2 63440
1 72787 3177 591820136
2 58208
2 77224
1 80559 33673 693977272
2 48177
2 55773
2 88448
1 99022 45176 696950165
1 80291 32362 662729697
2 71299
1 8233 22194 149822848
2 39038
2 93396
1 19560 62291 763770416
1 52523 43503 67199057
1 29917 32591 276710605
1 19578 5037 53758134
2 48995
2 87489
2 65594
2 48674
2 10947
2 37357
1 88943 46175 189766050
1 55308 45995 892075098
1 86146 92976 931988745
1 2175 53572 75595490
2 66559
1 51162 18404 654141204
1 88358 13938 578997863
2 40241
1 35210 66442 477895662
1 81378 61830 344235201
2 21902
1 34378 28785 851738706
1 92286 32142 10062546
2 66112
1 22652 65027 537954048
1 13125 92846 718448665
1 84707 84249 886431253
2 83120
1 86749 93566 778830437
2 74827
2 22196
2 16817
2 52753
2 35953
1 97667 19479 126033432
1 95307 49385 814903895
1 47842 35714 646355825
2 51726
1 17926 29286 878379187
1 39116 36803 124830377
2 15567
1 62828 82364 96210734
2 9711
2 55338
2 28754
2 95861
1 16122 8769 327978486
1 39573 16568 259348627
1 98966 49541 746042944
2 69604
1 58660 20223 472879762
1 52827 25596 955922030
2 23772
1 72895 26065 727803997
1 75583 81797 342221601
1 97375 34523 31289798
1 52679 41181 85123694
1 72636 98875 673200888
1 71271 98939 388609069
1 39612 16111 423903505
2 36370
1 33253 11894 670411163
2 48249
2 32116
2 17381
1 30962 50516 804998042
2 12432
2 18271
2 56052
2 53263
1 3953 6244 236244845
1 94066 67092 715827412
1 54142 31064 191010786
1 34713 68246 371327641
2 13595
1 298 62052 220398819
2 53023
1 11795 42001 730472601
2 69874
2 51328
1 52068 48963 455690774
1 67913 91307 354075275
2 69353
1 73302 25617 105749288
1 40079 20202 123381600
2 96669
2 51917
2 31669
2 68234
1 88652 21126 714757074
2 95689
2 41517
2 76587
2 70013
2 3346
1 78737 52309 103435976
2 47659
1 362 60246 929625752
2 36174
1 77611 136 971883934
1 40235 72385 431979442
1 1946 48624 490703738
1 85533 71950 89761233
2 418
1 23156 16708 168348186
2 66521
2 21631
1 99860 77641 922487791
2 36388
1 38533 59872 777211537
2 15488
1 27495 65068 948030961
2 2394
2 12010
1 25365 11199 20951129
1 70607 39804 503315661
1 5672 80200 601013025
2 81639
1 3988 91625 16912433
1 10417 99652 411080682
1 94487 12284 372586680
1 65996 36728 259341261
2 11383
2 44922
2 47690
1 19325 69986 297082808
2 85402
1 72511 91523 767458073
2 22532
1 71307 20088 311870737
1 65446 76976 702828603
2 42398
1 8943 16063 189802205
2 81389
1 18605 56661 525291900
1 73532 67661 352885116
1 74176 25340 628381333
1 57609 19146 959185321
1 56779 9140 621210830
1 97789 8737 382554826
1 94478 71267 720650675
2 73891
2 54286
2 38002
2 54705
2 38522
2 89167
1 71101 90064 886944076
2 28260
1 14383 11469 812002535
2 56948
2 72240
2 45402
2 53856
1 66021 416 116662682
2 71712
1 895 83989 370822596
2 10241
2 74747
2 75619
2 17571
1 37654 74506 387830456
2 10760
1 57955 75039 658290361
2 85396
1 48473 85585 299655676
1 83531 78177 941405585
2 43435
1 60779 79539 798755477
1 89980 25888 80645107
1 49954 79945 812978722
1 23343 9515 824020267
2 44059
2 26220
2 61870
2 71604
2 39876
2 94530
1 43206 5040 613701367
2 91338
1 40471 46016 404456166
1 89904 4416 976769147
2 92447
1 81146 28292 229374590
2 92365
2 9179
2 92177
2 67739
2 57367
1 74982 64309 727833316
2 91719
2 80926
1 63144 87176 899368947
2 62796
1 78723 46378 881663595
2 64237
1 48161 53439 924764075
1 85819 10865 438847494
1 76081 65891 371603825
1 6064 18300 915736276
1 61413 31355 102163113
1 84279 83666 970498031
1 77894 80878 846303047
1 88041 67495 993209177
2 26583
2 14307
2 24976
2 96852
2 86395
2 98546
1 54076 35649 27077230
2 14881
1 88653 86067 891508627
2 52048
2 15613
1 96755 13343 581609749
2 46501
2 48258
1 40334 73175 475689662
2 1275
2 61754
1 60245 12214 875460229
2 97698
2 49709
2 70460
2 15736
2 98885
1 91912 65824 263816644
2 68540
2 8862
1 83680 89027 25820148
2 1798
2 65695
1 50578 62446 833002109
2 71637
1 99907 44367 10086300
2 13788
1 93336 27360 763143141
2 36959
1 74966 95630 179561070
1 42783 91869 470389450
1 57041 45901 585455922
2 10836
2 71017
2 9542
2 39312
2 37327
1 33416 659 318656245
1 55664 65346 381656963
2 91248
2 16228
2 20041
1 67750 63910 55325426
1 66113 94271 728854736
1 31164 2950 522156225
1 21838 9730 430127911
2 44525
2 62817
2 93246
1 81243 79279 75715235
1 32763 51025 437457333
2 4389
2 70454
2 49768
1 69502 72906 126236437
2 64310
2 58938
2 16005
2 11326
2 84418
2 73792
1 35296 90129 570967339
1 23701 16426 431556577
2 55600
2 287
1 97435 79652 670229728
1 95315 12228 826669330
2 57126
2 85492
1 94707 25928 924330448
2 94846
2 32044
2 30477
1 42059 51334 151560812
1 40987 98606 75301860
2 24476
1 32732 61563 523649526
1 61982 52093 815116647
2 29246
2 25569
1 24269 93612 460492586
1 37692 72258 670896529
2 85502
1 65845 33182 309660969
1 44062 88301 851412164
1 86223 6463 134827944
1 49544 34863 494675162
2 81669
2 43847
2 16474
1 21684 5967 832736082
1 75570 27421 965047656
2 69686
2 91539
1 64530 94611 157376302
2 23331
1 2811 66575 31067499
2 40779
1 30307 20473 688981280
1 68429 12849 248638914
1 52818 18657 98584953
1 54155 20739 444555268
2 481
1 81097 16654 758498818
1 80750 12485 621873085
2 76101
1 7343 11908 265218411
2 6492
1 20757 39951 137110280
2 3267
2 63137
2 6282
1 60527 85014 763882249
2 96084
1 6482 48788 261769166
1 32704 73012 315860186
1 81914 26047 327567545
2 49889
1 66148 70918 200329094
1 51958 33935 257844519
1 4469 45494 252470425
1 27870 56925 729807603
2 9845
2 70314
2 19644
1 57847 46360 480124929
2 13929
1 44385 70869 484618720
1 93356 38550 291906506
2 46844
1 89851 43833 934304173
1 31091 35766 32651444
2 59509
1 53195 44907 31079579
2 67494
2 65915
1 36072 64889 925828514
2 92670
1 27071 58970 906795825
1 45341 13759 288870096
2 79938
2 89987
1 57740 8254 763235412
1 63244 63663 870819998
2 23399
1 27566 43805 450295332
1 68984 47595 293968463
2 56197
1 31548 2926 84957311
1 16356 42647 398686425
1 80346 50465 736484725
2 14704
1 10878 86339 107443216
1 94060 54237 760306287
2 77090
1 87031 81298 993334938
1 66366 11532 128182543
2 67654
1 30082 63997 440049508
1 54401 86522 825863867
2 15520
2 56149
2 19096
2 92713
2 69227
1 23161 15286 687347495
1 24170 55296 750245903
1 73111 83840 25409182
2 87642
2 47239
2 52474
1 43062 66689 788376551
1 42458 83111 89285829
2 92296
1 78491 57553 993531928
1 22958 23559 444811947
1 91553 87668 406127272
1 83624 52982 361396415
2 92712
2 40876
1 20591 82620 751056050
2 24154
1 74444 17742 126191565
2 20403
1 95571 59575 964279716
1 97070 97181 897751822
1 62333 34584 158869826
2 35039
2 44624
1 72650 76155 968534673
2 28280
1 28761 97601 472784511
2 23736
2 37861
2 58917
1 19563 53214 667687909
1 12323 3633 771391877
1 82617 70592 965266550
2 95355
1 58350 53339 374013547
2 53198
1 20021 66952 880250327
1 17709 64780 654521190
2 20554
2 91518
2 60720
2 8475
1 2074 13376 234925538
2 79969
1 74117 5096 256475709
2 29996
2 95092
1 97065 12564 541258001
2 44421
2 16653
2 52820
1 18831 86789 868595076
1 36831 80316 369966165
1 99029 81578 267750244
2 64659
1 4936 59674 303657351
2 3424
2 76857
2 72099
1 42972 15325 798925994
1 70315 67821 21354597
1 14549 96032 22456959
2 2884
1 79502 58391 274088153
2 81859
1 6715 38449 846353119
2 60583
1 20342 95318 984482541
2 22337
2 87262
2 35185
1 52885 45242 965538106
1 66887 22052 985743808
1 99420 97100 871567978
2 84731
1 43977 50799 510960568
2 12557
2 31954
1 53249 77625 191005310
2 29676
2 53954
1 85789 46533 551313050
2 76062
1 63760 6031 23528519
2 61084
1 33388 16031 136655639
2 16275
1 75036 82230 755540408
2 63119
2 72124
1 32471 71669 785221017
2 6003
2 73553
2 71617
2 37663
1 83965 31303 531253330
1 20000 48365 810936793
1 78992 18952 85050385
1 3853 34143 75438354
2 55080
1 47213 79899 607897884
2 59699
1 17400 85437 253652443
2 10902
2 45295
2 52102
2 58104
1 75917 18047 766489030
1 86670 57153 360683168
2 8894
2 90874
2 96248
2 23643
1 37145 89674 668029915
1 10664 85192 121262944
1 18481 95527 464468727
2 26118
2 64350
2 71672
1 96731 40742 958385114
1 15003 82920 172231889
2 1217
2 80762
1 97245 77497 375858630
2 11768
1 14984 90541 602870848
1 7620 8493 451498967
1 27552 11546 569266063
1 19141 13426 414243517
1 5198 92073 91455793
2 88150
2 87899
1 47638 77092 8473256
1 55602 2607 864549200
2 60793
1 1547 4605 731754164
2 59824
2 67390
1 6898 69928 744514593
1 73873 57824 147013306
1 14793 88010 823576736
2 61198
2 59935
1 77985 15068 322871494
2 79463
2 9423
2 99871
1 91886 89399 35475005
2 48866
1 42033 79567 675462567
2 19937
1 60207 44982 47628267
2 59981
2 3776
1 69772 12364 360975454
2 34019
1 91404 5523 848138687
1 81212 63793 262143943
2 62817
1 89140 41667 341663159
2 28947
1 75215 18175 793694314
1 64421 19940 845892493
1 13313 37484 183975937
2 53393
1 90573 6015 808802609
2 17496
2 83417
1 21172 41316 319351692
2 91918
1 97068 58431 368306360
1 93202 18173 867316525
1 67937 3624 943101404
2 270
2 45769
2 74794
1 96326 84245 204267627
2 5368
1 90112 39920 193500211
2 56651
1 12775 50579 995834087
2 44045
2 67734
1 55617 2681 380188063
2 61172
1 83327 32175 69820235
1 33379 85082 173189469
1 1771 96214 272881737
1 11870 82628 38851407
1 93353 30692 767331429
2 84891
2 2277
2 49593
2 84244
1 64675 48637 753008509
1 78052 80276 370465685
1 54967 79588 613857586
1 87247 61242 629910405
1 84372 71382 922252327
2 59399
1 77383 29509 382743537
1 28267 19752 73168627
1 77280 43224 181593290
1 20678 11183 739827541
1 52740 10140 120100503
2 84210
2 4161
1 64562 1551 454615309
1 3539 89011 672410908
1 49337 25475 816858700
2 17978
2 11011
2 74776
2 11807
1 29002 47097 897330903
2 30080
1 28936 68968 519298393
2 7882
2 2021
1 81833 39161 60252176
2 24412
1 29102 26544 596020326
2 13708
2 37471
2 82292
2 99374
2 6862
2 81527
1 53412 97861 855729252
1 11636 91688 395198296
2 35718
1 95647 6892 822868637
2 5780
2 16532
2 14781
2 68713
1 31597 24923 798107257
1 88942 60289 2677252
1 20952 1586 287242377
2 17138
2 64970
2 22245
1 58562 15743 279284805
1 12844 77110 903288171
1 21684 19379 708930649
1 8880 93614 710547644
1 50264 89853 666648484
1 21975 90148 266325038
1 23443 44310 584175824
2 47545
2 14235
1 37145 28806 423128090
2 69509
1 71304 92958 654561485
1 22253 24696 782965511
2 27874
1 68001 79799 998447725
1 37763 14317 88754387
2 51470
1 27589 57813 685048301
1 28676 18884 230737615
1 20233 44539 643648642
1 54167 18447 882214529
1 83618 45055 866427585
2 44569
1 85798 61437 78407443
2 67529
2 72587
1 58281 13092 367496071
2 78245
1 6497 94311 983796062
1 1914 68189 190456157
2 28591
1 37584 41481 460353264
2 48014
2 38808
1 23055 73109 668509030
2 23020
1 73823 55502 605728208
1 1731 20349 704179630
2 80060
2 19556
1 5958 23359 37251641
2 97144
1 93951 23101 417873545
1 14289 23878 612804954
2 34706
2 74881
1 24957 86115 159570423
2 76010
2 46654
1 1124 19676 952352782
1 5388 19294 2220132
2 95971
2 4553
1 26063 68990 745243954
2 54414
1 88189 84249 643441373
2 11819
1 71073 38104 629975188
1 63924 44740 765210459
1 8459 6663 647222466
2 19846
1 34262 73244 313123679
1 90210 69559 896087852
1 49774 7037 848362149
2 19076
1 95889 90574 838423139
2 71831
2 43897
1 18062 19971 244692283
2 46592
2 5833
1 96856 71822 103105008
1 64398 50085 709267538
2 45188
1 72702 61510 26519455
1 39586 81725 22743915
2 82803
1 91263 10809 874329309
2 12329
2 2005
2 61200
2 69351
1 25473 99923 926718308
2 84515
2 24737
2 24608
2 71397
2 46116
2 53782
2 76479
1 58617 15757 887275083
1 91152 89287 423922794
1 64054 48913 944684621
2 62976
2 75401
2 31918
1 94222 32120 817632001
1 4593 57184 888016747
1 16891 7145 829257335
2 79137
2 43601
2 1038
2 7198
1 36535 86147 381883654
2 99344
2 24809
2 75078
2 9473
1 73299 57365 108899957
1 24319 144 248591873
1 99227 6572 177526761
1 49962 41530 466000742
1 92436 17067 401888068
2 22972
2 21582
2 5626
1 42450 55548 74419212
2 48006
2 80406
2 74688
1 94637 2409 426375534
2 17360
2 27289
2 16953
2 34025
2 56870
1 32893 28704 346554752
2 3817
1 82362 91968 120682967
2 23739
1 91696 81712 342446551
1 52315 25489 876494232
2 97482
1 61677 85521 138173856
1 59292 85131 369742314
1 5181 89280 821029557
2 10666
1 65253 96028 504756892
2 63399
1 11897 35514 948606292
1 24147 49958 685130122
1 96273 41178 503906690
2 97145
2 61558
2 40163
2 42821
1 17100 42351 266562779
1 33517 52176 150116826
1 34025 83033 206873522