6218 921285020
1 98153 78610 287458165
2 79976
1 70463 75381 944298672
1 7437 96403 825463646
1 12430 27030 462811425
2 61952
2 22189
2 36369
1 77740 1727 161126717
1 9943 45606 523774343
1 18681 35523 622902188
1 75853 24419 249390508
1 13204 7413 330995304
1 11076 24411 989201259
1 263 51979 838427188
2 9684
1 41330 84034 294990731
2 97235
1 88138 47762 615471603
2 71883
1 6894 57460 567989649
2 83700
2 99203
2 45349
1 78868 81878 894000447
1 41083 37901 740298572
2 96623
2 15389
2 15873
2 95121
1 29034 54846 375998771
2 39472
2 91339
1 92675 6205 225604314
2 62412
2 40083
2 99210
2 56303
2 94153
2 26819
1 77244 90468 901053144
2 45808
2 2198
1 98505 66070 279042838
2 58513
1 11447 83945 608389461
1 78502 1866 48781585
2 5084
1 39612 17188 402889392
1 8863 51187 523752491
2 70041
1 38937 90767 477570550
2 52119
1 62366 16021 900170081
2 12458
1 86446 16953 401526908
2 24890
1 45841 61644 844646023
2 80754
1 35512 25157 712558041
2 71454
2 20190
1 98285 60851 273994507
2 83558
2 58242
1 46645 88645 664918504
1 4952 89689 420257055
2 86560
2 87194
1 31087 21226 307367838
2 46861
2 80102
1 94998 41343 860792534
1 14728 17674 944667718
2 62151
1 81074 85238 279822853
2 55431
2 59077
1 89659 95809 671568465
1 84963 5856 825673860
2 10210
1 91635 16081 596898346
1 67631 23512 96382545
1 12682 35721 974178178
1 86040 93232 883688270
2 81237
1 32890 57162 400713943
1 76616 44480 870260717
2 95638
1 16513 54997 134066670
2 29306
1 30039 61430 205723487
1 62427 89250 175075646
1 36014 66624 240172501
2 59623
2 29389
1 95808 91122 764031589
2 62678
1 20140 30711 978771042
2 69176
1 52568 7933 765490766
2 90713
1 673 25442 353360622
2 23259
2 72880
1 82536 26627 660597183
1 85925 99171 511379229
2 83784
2 42514
2 6387
1 10728 76104 542264858
1 31929 10366 186717587
2 98391
2 46109
2 80415
2 61807
2 72364
2 72793
2 87040
1 79628 82228 511314125
2 22124
1 16760 25244 643987300
2 41280
2 28510
1 53994 21568 599888590
1 47062 20204 138865671
1 52529 37139 548751149
1 20139 8874 497937675
2 57783
1 48370 33554 659937303
2 21236
1 93095 87037 865871398
2 11550
1 11025 3734 496115721
1 1587 29459 3411452
2 9357
2 19689
1 63341 28176 289853406
1 29599 16669 497074476
2 40992
2 96473
2 50639
1 85078 20499 282145302
2 91497
2 96136
2 14805
2 73908
1 20089 2742 458187377
1 70897 12811 435786073
2 20917
2 79992
1 67716 34368 605011565
1 70716 23459 649169970
1 37997 63437 392703158
1 68881 4416 188804771
1 33594 45269 308719791
1 35869 894 801810284
2 45207
2 17909
1 225 78323 512452493
2 28060
2 33822
1 89483 94310 909532111
1 66483 44882 63089426
1 97927 93341 119115372
2 54745
1 17981 64980 468268421
2 29355
2 37697
1 80643 47543 349107477
1 44469 13995 899256977
1 90380 39947 576874559
2 15623
2 28782
1 78328 87270 798673272
2 86286
1 34548 2023 415867434
2 97509
2 17024
1 19855 42622 69791735
2 17032
2 21061
2 18083
2 22418
1 69752 66256 105268272
1 43341 25264 121176048
1 79195 55523 284693613
2 26548
2 77815
2 36024
1 30657 29200 284052586
1 75872 14146 718668597
2 33548
1 78514 2156 986332498
1 33128 34120 695799140
1 51665 83511 185076976
2 35871
2 86659
2 44059
2 32728
2 32677
1 2452 89403 815079078
1 13390 28788 731386061
1 51268 76450 675660610
2 37106
1 90569 74690 597024157
2 4802
2 52975
2 94236
1 79338 99483 152088084
1 70541 51496 433067562
1 57730 73889 925376917
1 80010 85967 731575861
2 27233
1 37770 1345 122033712
1 64974 46247 361810022
2 21149
1 40524 4242 186876866
2 84351
1 12200 93449 439420073
2 85556
2 62685
2 14329
2 85836
2 68578
2 53692
1 16920 62521 12210705
1 50903 99419 472081651
2 71594
2 43383
2 10730
1 60095 20126 451423691
2 31089
1 65820 5001 584543621
2 37215
1 63572 9595 337265441
1 16732 34807 628827601
2 12707
1 81923 56740 164286545
2 40399
1 24473 88252 405477224
1 96255 42370 802763259
1 78714 51346 834013597
1 49909 36400 912365331
2 60125
1 30772 51917 111038677
2 47128
2 68748
2 44418
1 60079 44455 851657679
2 17675
1 14303 34764 722327630
2 56897
2 80366
2 21675
2 43487
1 70459 98978 160159898
1 49319 97347 340591225
2 3734
2 86627
2 80033
2 43906
1 93970 91729 55011215
2 84148
2 28647
1 89586 60630 450623914
1 28152 20522 735810355
1 66000 7357 737452773
2 89297
2 66208
1 45308 36324 956991980
1 60307 10849 34526094
2 93918
2 94286
1 57362 95011 629872563
2 15268
2 34889
1 980 20724 890537903
2 72086
2 33513
2 3749
1 59655 16839 311116052
2 64234
1 8304 56954 624373531
1 712 67872 452384548
1 59654 95246 950039672
2 98116
2 76214
1 94289 71604 444980245
2 3719
1 99497 11745 96047632
2 55932
2 78276
2 64297
1 73829 94129 169197793
1 99279 66577 601119818
2 6657
2 38912
2 9040
1 73733 52378 680161541
1 54079 76724 456569172
1 59681 27536 452282220
1 39518 86441 510135318
2 40125
2 79247
2 14239
1 6735 34542 621594376
2 14773
2 25178
1 11635 56706 60840982
1 11419 63588 680155696
2 31972
2 61592
1 85154 20046 478421652
2 31974
1 11111 89454 956871600
1 6175 51838 387669454
1 38235 70884 635770958
2 14270
2 39607
1 10208 24090 41853019
1 75506 70764 456799945
1 83370 46668 558053665
2 56077
2 30167
1 68593 25004 802478082
1 64899 26892 88387955
2 25980
2 38301
1 72413 41764 586135556
2 98647
1 75498 12233 837978193
2 56699
2 93247
1 31890 94728 649350841
1 19660 99371 361794253
1 2042 63768 435790040
1 43258 2368 86035486
1 65487 37885 391772167
1 33367 57733 368426533
2 99376
2 73648
1 81090 79397 788834724
2 31108
1 30814 11216 813799238
2 87120
1 69213 82410 196003728
1 10752 93344 977307992
1 68889 28587 558949940
1 26885 2207 942755186
2 21333
2 4739
1 8749 1290 860353541
1 25334 10612 948840469
2 66253
1 39130 16851 625291761
1 59672 35833 702985731
2 74896
1 54015 51128 643445743
2 41749
2 44607
2 96700
1 55100 29608 486255735
2 14048
1 66464 99025 24752886
2 50342
1 42594 81169 122239407
2 69050
1 32710 35630 434635933
1 96525 79923 757922658
1 80687 32490 718128987
1 86952 85363 707802916
2 76165
1 88137 85929 366995272
2 39579
2 9860
2 10184
2 48803
2 96562
1 96745 53114 935231697
2 58094
1 76663 88599 803602039
1 64793 6076 145065713
2 90153
2 63790
2 33727
2 54908
1 89580 93142 664622681
2 23265
1 71288 28247 370705151
2 38464
2 97079
1 54554 44501 504886803
2 70399
1 50407 7459 656539128
2 51079
2 76347
2 61195
1 51919 28646 575997513
2 43382
2 53727
2 18769
1 11222 3823 799474810
1 8657 52863 25879758
2 49017
2 18573
1 43647 41514 659305179
1 68765 91449 303142282
1 49756 75285 557125915
2 75322
2 44861
2 44442
2 59605
2 32484
2 69437
2 77208
1 38610 27565 204382505
1 70769 58754 401130267
2 62694
1 51624 65218 468622174
1 32903 11181 908263879
2 94118
1 60432 20036 306851487
2 12176
2 56166
2 36678
1 48679 19179 475928895
1 291 43399 616235622
2 13521
1 71267 71263 665498287
1 85120 84301 130493442
2 19039
1 33949 65903 451270919
1 60272 73082 320795191
1 54761 50756 1350452
2 32522
1 87736 71904 603020818
1 54432 7462 959682834
2 83988
2 63854
1 74453 82796 53888779
2 30626
1 64283 45031 568495181
1 91646 7580 942589611
1 64508 94916 184214149
1 96443 22856 325609245
1 35141 28624 778350139
2 63835
1 89230 20741 372596285
1 24693 41436 449997559
1 85312 79730 236217377
2 56347
2 89837
2 4016
2 73864
1 49572 39404 242357866
2 20291
2 99634
1 73524 30601 929368073
1 16303 99179 990623144
1 91007 40841 505222030
1 66572 57915 221385964
1 11390 4861 85718208
2 7425
1 20864 3926 434528211
2 29559
1 28658 55132 703536207
1 60455 93294 578900968
2 94728
1 98949 78281 256399422
2 43916
1 11574 39328 814278041
2 91847
1 29138 53227 800186336
2 61055
1 7538 36275 379219147
1 14596 99098 527064680
1 47834 26175 43154280
1 16993 22768 320509090
2 17725
1 75419 52373 425651393
1 35391 60136 594044956
1 22518 57740 921847585
2 38170
2 1528
2 87318
2 77813
2 17555
2 4194
1 54041 33296 259015968
2 85703
2 34544
1 85303 78073 782475446
1 52133 23195 840250178
2 89725
2 5768
1 98 11798 351061604
1 12695 90417 658411812
1 60401 84931 534137318
2 10529
1 72266 17062 549990936
1 88008 7638 351925789
1 20063 91739 293271394
2 94908
2 24976
2 38918
1 54408 971 771091558
2 41743
1 93987 71597 663770755
2 60964
2 58306
2 8772
1 47405 58917 977388403
1 35445 95169 990871212
2 8574
2 20356
2 82827
1 88847 47088 7860474
2 81596
1 52239 60940 841944994
1 39797 16090 418148580
2 85002
1 37429 63305 252431875
1 95499 90519 663073805
1 25572 94496 676065139
2 43127
2 67640
2 17746
1 81704 62977 22516110
1 41777 53516 162915104
1 82824 40384 999461149
1 1493 11111 886534805
1 36178 28914 98359400
2 31837
1 65005 64552 615529891
2 61012
2 83375
1 26135 23956 789241594
1 667 27507 59880086
2 32908
2 40185
2 19135
1 28527 50123 360123540
2 19738
1 3768 48168 928198916
2 7020
2 80623
2 54730
1 48369 21819 985992335
1 7015 61140 502070157
1 64298 94333 863904373
2 89117
1 52985 20358 68584162
1 20732 71327 14674458
1 14760 13250 424772521
1 40992 13147 306951445
2 54068
2 72717
2 54528
1 17213 90538 79096605
2 3952
1 35864 66097 679038851
2 19782
1 87087 44421 910924685
2 19236
1 81208 3804 259924150
2 74443
2 65995
2 32036
2 65978
2 38061
1 90707 41840 692940505
1 20795 29125 181193950
2 92936
2 18061
2 50718
2 77511
1 98399 57324 434559431
2 82526
2 78188
1 79316 57431 900633550
2 96651
1 88988 54143 22213353
1 23819 86444 803150815
1 43563 10041 584007405
1 16900 5536 570975207
1 1400 79762 775725308
2 81670
1 15384 22036 30231231
1 53626 14968 585035706
1 24632 56869 54125285
1 80952 27693 832654918
1 31007 75789 867474066
2 41408
2 87846
2 18333
2 87656
2 40787
2 43134
1 57986 4810 48214189
2 51852
2 33492
1 70240 72832 719714998
2 51971
2 57773
2 55122
2 66875
1 28807 84485 938910322
1 93564 21759 926448262
1 37070 66029 355418674
1 27000 27358 989974280
2 98632
1 35539 90617 693280882
1 47042 2406 13854586
1 78459 51562 88026737
1 87787 80871 175542236
2 22014
1 41642 45555 126351511
2 17235
2 94241
1 48300 39327 844182635
2 31423
1 32955 95455 799535607
2 56360
1 91077 28137 394866454
2 92606
2 38399
2 79916
1 77875 64391 359812113
2 28991
1 16281 5924 215638190
1 14860 21585 177541160
1 49151 65143 730243334
1 63524 86851 188890242
2 97060
1 83907 25699 577439702
2 28811
1 32419 76765 647848143
2 19508
2 34567
2 7290
1 41035 48834 213505343
2 99582
2 95338
2 14292
1 11279 1678 254149448
2 21664
1 60901 5980 844362971
1 19086 90315 537293318
1 20638 52262 882752426
2 74511
1 25305 29532 342638838
1 79106 10393 80752057
1 90066 49295 324254086
1 20147 7241 45740474
2 96038
2 50207
2 35892
2 36086
2 46030
2 59173
1 81159 53193 194190242
1 21807 3218 517262261
1 86741 79195 242837341
1 36920 30159 664915500
1 42415 56274 352912937
1 61967 24780 26450974
2 22548
1 95929 84532 514178966
1 55132 4111 398611417
2 9987
1 43961 44460 496610908
1 72149 99495 513746803
1 31578 20686 270080165
1 57038 11831 549056740
1 6018 27675 25107381
1 76565 67746 325616462
1 63167 28603 760904483
1 12701 17713 689936402
1 10553 26068 410936973
1 63530 43462 461573893
1 35555 85138 126425983
2 4467
1 14074 23611 854176894
2 49091
2 12823
1 54548 39170 478663152
2 5538
2 25406
1 89863 32665 82913924
1 22058 14559 475830338
1 77652 93784 770416953
1 23095 68577 785624245
2 8179
2 76794
2 48060
2 71617
2 337
2 76314
2 24679
2 62561
1 26366 79343 167592704
2 72897
1 16632 63353 582756833
2 71941
1 41708 46560 672969759
1 96955 16464 594633800
2 56287
1 76356 77753 794965127
1 36147 86565 679570961
2 92297
1 10975 14970 623423779
2 11395
2 26537
2 5182
2 87668
1 13745 86120 640120883
1 7696 97396 414300005
2 40377
2 39154
1 89262 57285 803130253
2 71119
1 31572 27647 702627318
1 770 42974 365457765
1 62086 66471 853430011
1 21235 84642 738679739
2 75772
2 86237
2 56154
2 63988
2 89175
1 34359 66599 359120057
1 38424 73704 229357313
1 38525 63801 131308276
1 31136 77777 938802100
1 50282 4833 184689889
1 97454 61726 448565864
2 49398
1 37161 11528 430252700
1 42058 76553 693416755
2 87822
2 92052
1 76432 37707 157181765
1 22857 54546 344866233
1 6185 46032 828815014
1 64593 11001 461924617
2 43663
1 58531 74633 617156378
2 6503
1 76760 54954 697732484
2 50201
1 58247 85099 542208858
2 29391
1 17115 25580 376736073
1 9548 30906 297234018
2 76435
1 72004 69106 713253475
1 10913 18922 581523194
1 41715 96021 440818478
1 75263 83785 555012284
2 57871
1 85825 86937 732410754
1 68603 6786 366986453
2 54565
1 40592 34966 321579786
1 82643 10675 975396121
2 3350
1 62656 11435 304828097
1 32270 92773 38921304
1 98617 73341 807390226
1 63687 3192 488824685
2 37944
1 49392 40381 382585139
2 54438
1 18476 78610 551685680
1 64801 40994 898462736
1 28744 46138 104234334
1 60760 69227 145854649
1 98592 68276 384701672
2 8211
2 60860
1 26284 21701 378673445
2 8300
1 93848 32159 233301849
2 37862
1 6410 5562 717284495
1 11081 75513 14440763
1 68494 71676 950295398
2 37396
1 47514 38990 766336066
2 44427
2 71656
1 1570 64647 980128589
2 57320
2 86481
2 45526
1 67748 16518 573479313
2 71910
2 44663
2 80065
2 10792
1 90648 91408 342721767
1 36721 89995 216279617
1 21492 94491 580953764
2 25858
2 76538
2 99949
2 45439
1 9116 29547 228562027
1 74663 38239 377264449
2 76478
1 24613 78300 330438455
1 85239 17987 891689613
1 93267 69139 682708042
1 49610 85573 588066583
1 52946 46361 926212095
1 1187 68783 490394924
1 70105 29267 103532914
2 36473
1 91457 28956 118283030
2 93922
2 4544
2 12887
2 52417
2 1846
2 12491
2 21400
1 93069 73618 323268954
2 50040
2 95737
2 59603
2 4759
1 71059 17839 994308773
1 93185 94523 661157665
1 87152 55639 87414098
1 12019 12274 603898843
1 7973 48654 411400179
1 1445 89158 810069782
1 79709 18038 934237665
2 56591
1 6139 65662 667703388
1 99431 89364 397402726
1 26852 53675 320313071
1 46943 22766 40845494
1 73429 49731 183484984
1 2265 6273 776033965
1 63011 72237 714839195
2 48672
2 48036
1 64664 32354 784608913
1 64428 56181 984057136
1 25934 69039 535689704
1 47162 66712 305717969
1 29434 80655 903050723
2 76795
1 70784 38489 265727186
2 35764
1 55158 22408 660506834
1 76252 19561 504304819
1 84173 3759 673642663
2 37554
1 88255 32128 731383124
2 2245
2 3769
1 72761 85743 303755416
2 34656
1 11887 60749 614883494
2 38771
2 62053
2 71367
1 11244 76260 617996053
1 63249 49190 662755940
1 47697 959 506705778
2 85710
2 3142
1 5157 58031 137051175
2 21462
2 58582
2 18332
2 79125
2 99711
2 56898
1 26140 16187 232001794
1 12669 69000 24906314
2 82745
1 83881 64188 759419577
2 91984
2 48410
1 70728 68230 620524434
2 22080
1 36548 34664 68067384
2 96789
2 84133
2 28920
2 71025
2 20156
1 7475 56081 808347943
1 43354 98282 966024522
1 31933 43594 631240487
1 20498 37699 317729233
1 70791 90874 56513958
2 63137
2 54410
1 81656 17664 695221675
1 94007 28349 833757666
2 1047
1 34490 61193 705478891
2 36103
2 73508
1 1963 91863 745911860
2 48449
1 64094 74741 180780158
2 67757
1 14467 87021 646988757
2 36017
2 42753
1 14692 85865 301024603
1 57404 45487 222573526
2 73633
2 18326
2 44699
2 64306
1 93096 53207 649588744
2 84870
1 62878 11629 76524084
1 82216 60886 224163956
2 66112
2 37330
1 88295 84840 404905862
2 20572
1 90770 57857 679554363
2 61481
1 94422 31366 685533328
1 46293 36867 232943276
2 6339
2 93906
2 43434
2 73686
1 61513 41342 636233973
1 56469 54960 959058679
2 55069
1 61178 95346 970738254
2 54256
2 81141
2 837
1 2883 15756 420957998
2 87199
1 2607 62822 840035330
2 78411
2 17792
2 37602
2 75960
2 68660
1 74699 55962 909995192
2 23540
2 56918
1 96345 74079 194116575
1 42311 67039 506143743
1 23069 51943 182781060
2 91217
1 65808 35590 74683674
2 45959
1 96872 96865 394168305
1 94519 75653 779627701
2 53293
1 42601 63028 931000468
2 40705
1 69609 42058 983904716
2 64193
1 26446 54172 906982204
2 84097
1 74332 86490 255751005
2 13503
1 81449 61330 247843648
2 51408
1 44080 78903 600026977
2 988
2 52693
1 92385 98029 421153537
2 31073
2 45249
2 28694
1 22898 91494 444902348
1 49160 50237 243447518
2 83822
1 25638 49738 737225125
2 43485
2 12293
1 65410 99309 60768496
1 80328 38824 544597091
2 51054
2 25649
2 76919
1 17437 4690 761488907
1 35084 75916 488820271
1 74976 80993 390332264
2 19049
2 61137
1 80877 34822 380162685
2 80249
1 94548 81075 427811833
1 74747 7609 282208919
2 45616
2 79440
1 99093 93280 205313386
2 34879
1 32975 84009 474095498
1 97842 54535 920632273
2 84009
1 92990 58096 908664455
1 83397 12260 301302322
2 67181
1 25983 56393 806778624
2 75440
1 86848 82470 89393092
1 98948 68452 745110984
1 17558 81867 644581341
2 26421
2 9445
2 59177
1 12808 65116 870071053
2 25478
2 81365
1 47638 59884 82911085
2 98814
1 26970 77565 373065205
2 64644
1 29831 92009 120627433
1 83087 100000 18010311
2 87152
2 64317
2 95674
2 85916
2 35182
1 43108 44011 168418633
2 63305
1 19058 12474 493973155
1 76307 31960 308271019
1 55086 15965 9062866
2 87467
1 59232 55424 3816784
1 8298 10785 204632410
1 86711 59767 20644028
1 65429 53748 612425820
2 2897
2 95388
1 64264 35053 559986709
1 44393 98475 616429753
1 13581 68594 826714412
2 18097
2 40548
1 77012 83076 993069524
1 25605 33424 932286787
1 51443 71866 548900307
2 94334
1 6844 24997 469409827
2 45434
2 16686
1 34448 29319 159001170
1 84516 69049 245775747
1 8693 63953 737119139
2 25866
1 86886 13490 763332811
2 94078
2 79871
2 94876
2 1817
1 91276 90093 720294253
2 60243
1 40673 97960 658703344
1 17271 49402 172976519
1 60735 54114 400019027
2 72072
2 92973
2 24332
2 87278
1 9175 19108 222716395
2 90600
2 18000
1 80158 11266 163113855
2 85010
1 37944 64912 917135462
1 43436 95367 244370835
1 35161 15013 654502984
1 62995 13629 620744496
2 35855
2 15070
2 52412
1 2140 48060 957135130
1 77921 27520 878372870
1 68468 53768 297813927
1 90293 17962 537801796
1 23146 24062 319374029
1 57506 46181 441209404
1 28435 40282 610886719
2 54691
1 45698 2934 371461249
2 92647
1 40838 29047 455637113
2 49926
2 64557
1 61219 47105 854058391
1 90902 90783 165428843
2 756
2 52339
2 76714
1 63208 403 925227879
1 91255 8570 792719939
2 15291
2 89554
1 19347 3685 938084585
1 59338 16802 674658788
1 65111 30013 965081912
1 39291 52316 962250492
2 52567
1 14284 1851 774569235
2 98931
1 49621 18881 444867549
2 44568
2 87706
2 95781
2 58411
2 32501
2 29491
1 46914 46895 69163018
1 42191 27091 64166549
2 13745
2 31240
2 44734
1 27759 73288 866951261
1 40681 21797 293494827
1 70806 16786 493525315
2 55800
2 63323
2 23907
1 46484 48063 38189536
1 13130 62840 889219997
2 78199
1 79659 94712 235008403
1 99312 95447 353858144
2 32706
2 7688
1 4829 67626 741390657
1 24719 96382 629777839
1 67791 15987 842152956
2 43609
1 91216 57427 454189374
2 80508
2 33443
2 37932
2 74351
2 56403
1 50650 33333 694064919
2 76103
1 16614 19174 622473178
2 9514
2 36456
2 7657
1 91117 29892 260769223
2 4429
2 500
1 48397 7297 774804407
1 38380 29164 230732249
2 33133
2 63719
1 28609 5468 310020629
2 43048
2 10509
1 35657 21202 66820508
2 94876
1 79366 43359 270991192
2 59327
2 39504
2 46179
1 16113 88439 600822766
2 82062
2 93193
2 13578
2 23890
2 17709
2 12872
2 80238
2 11852
2 11822
1 6465 85318 568733072
2 79848
1 78093 18103 986144911
1 21168 49786 124163809
2 84568
1 77848 38569 651520913
1 13257 37534 922872401
1 1109 92256 420528387
2 82473
2 44622
1 35406 66424 792288662
2 84556
2 88488
1 86370 75342 676042101
1 79387 56706 702861600
1 30921 37595 515682455
1 5709 26617 968322693
2 60448
2 55112
2 13238
2 23795
2 52987
2 93513
2 1907
2 68264
2 37009
1 26112 84014 360742532
2 4973
2 19328
2 90414
1 78183 83502 594510626
2 64894
1 26412 64875 620714453
1 4192 16373 315929636
2 17281
1 93755 56988 613092626
1 97957 64565 940428013
2 52295
1 2450 2089 235058238
2 78566
2 80703
1 24315 27225 509199858
1 77165 93559 421702291
2 23580
2 28619
2 72080
1 54439 98956 170590985
1 61656 1261 959699009
1 41451 45419 500472551
1 2433 24140 915721106
2 50561
2 54659
1 90344 74687 40759724
1 10025 11263 551850098
1 37049 84173 747312114
2 11824
1 99611 89101 829376503
1 58023 92797 175136600
2 71097
1 56513 40614 753985669
2 18998
1 81510 63869 149651436
1 51217 76995 262666131
1 22358 51036 387860767
2 61547
2 93596
1 6716 175 67850228
1 92915 35673 9146927
2 12841
1 14745 11899 455178455
1 50443 8264 788101624
2 1648
1 94713 47843 223824213
2 93999
2 62773
2 87406
2 24133
1 80393 12209 605326497
1 54099 55332 698193525
1 80351 22474 162766465
2 74638
1 64894 15896 820815655
1 69440 19171 420327689
1 84801 5742 15117235
2 87792
2 58606
2 40586
2 70666
2 33118
2 76979
2 61141
2 76382
2 17202
2 78336
1 25156 7355 338382025
2 16290
1 80738 48668 552069847
1 79834 9089 78589467
2 3079
1 90817 39700 587649980
2 83694
1 33954 17876 979165769
2 65067
2 55107
2 85651
2 31133
2 17461
2 25942
2 41231
1 69694 16992 956560372
2 99231
2 59081
2 51566
2 95238
2 61006
1 29135 11456 105122171
1 67807 98792 427376645
2 13745
1 79062 64463 869839406
2 62941
2 29122
1 61530 82832 21459250
2 52524
2 21014
1 73320 64409 648909632
2 72538
2 16035
1 97412 39771 575129452
1 41713 16966 466306812
2 15905
2 4708
1 62601 8626 770176479
1 57725 89078 865634841
2 20467
2 74113
2 57698
2 1109
1 76300 9012 502930633
1 79009 26305 39724241
1 98901 23388 52004475
2 44929
2 51299
2 48908
2 47165
2 60323
1 97008 60308 787295385
2 4740
2 85793
1 36582 64593 38950685
2 46061
1 11407 53897 536484422
1 24006 97852 842957967
2 60571
1 11556 92996 68403856
1 79312 89066 545670193
1 21360 54945 931892860
1 60037 86766 780386769
2 11114
2 30024
1 13411 59273 232671599
1 14463 46184 50999713
1 49520 70807 360854639
2 23741
1 77297 74293 388034110
2 15224
1 8743 96975 425051162
1 98506 29409 767488094
1 77729 84648 510602833
2 65578
2 29236
1 70329 64258 54985734
2 24907
1 80540 81511 107841099
2 28855
2 20916
2 81383
1 77326 19379 991625862
2 84499
2 45243
1 77529 15385 988113968
1 15053 39493 263851546
1 68533 71058 672719542
2 39477
1 75786 15288 724622560
2 45256
2 56248
1 92850 21456 81890527
2 64755
2 3996
1 98871 59040 368745670
2 45211
2 48113
1 18072 88676 130953240
1 83537 24341 762893897
1 83051 21000 691230395
2 42093
2 40659
2 78110
1 97218 19211 535793475
1 58329 48488 878665208
2 31265
1 88791 32163 428244917
1 71930 29675 353728476
1 40643 70216 180182705
2 66845
2 21265
2 61339
1 82337 46213 281438574
1 66464 57036 311518595
1 75592 48663 838410833
2 2096
2 44436
1 85582 45013 40306401
2 2030
1 32721 9536 301115445
2 82750
2 7750
2 33820
1 13205 29808 985367073
1 71502 71191 661582852
2 3386
2 35314
1 79912 73711 891777141
1 85808 25854 648467561
2 49393
1 76012 65515 57376868
2 41333
1 22832 11963 926407211
2 44887
1 71548 4729 826121303
1 60641 10587 453728713
1 84025 69506 781863023
1 29064 64921 635352571
1 5098 69018 947050060
1 34731 12349 589895447
1 73667 83490 222542659
2 90435
2 67956
2 55724
2 70188
1 35839 45383 496988837
2 7238
2 17533
1 79566 78087 895415360
1 26586 23363 39319095
1 21018 55335 115492348
1 90136 93050 908396523
2 92889
1 33256 11415 707946385
1 53740 82328 582563627
2 64587
2 25628
2 17708
2 12018
2 21862
2 45162
1 15643 18716 634198773
1 84655 95448 273923006
1 7151 8871 115550395
2 51971
1 56721 79755 469594814
2 73765
1 85722 13245 155839320
2 59518
2 93392
2 56152
2 82435
1 16279 41349 184122363
1 17723 98818 848686302
2 84242
2 1569
2 90457
1 38681 21877 872338281
1 54960 71868 848515087
2 16762
2 78264
2 59802
2 19618
1 92019 72666 484466474
2 65522
2 55674
1 66285 26737 547941453
2 82959
2 82799
2 25754
1 77482 58610 300053753
1 63420 75921 41075851
2 21173
2 88557
1 24556 19303 401594115
1 58597 14364 476547180
2 46400
1 86774 83909 966642788
2 43247
1 91861 76539 6417531
1 84471 76941 113845383
1 36880 69746 466309403
1 71515 12185 328209681
2 88619
2 37644
1 28961 39368 154397773
1 84734 74458 934056885
1 13991 49231 932244102
2 93049
2 98613
2 75260
2 97816
1 55160 18413 848332807
1 75988 97178 822189581
2 28740
2 4039
2 89479
1 9836 81273 385107553
1 63260 44836 949186438
1 46252 62977 767712044
2 54199
2 7221
1 66486 10031 65799295
1 70491 49130 66842650
2 73375
2 86190
1 31256 99410 490422491
2 16607
2 79678
1 9119 29302 412286527
2 95544
2 34889
2 36591
1 70883 97044 968020027
1 74483 38884 620971484
1 60929 9840 19375749
1 11272 57757 812103955
1 18411 58748 957316228
2 20177
1 19966 58408 414749327
2 11569
1 34211 72179 973426717
2 5518
1 23293 50590 527907777
2 98417
2 42454
2 87619
1 66805 19420 908763987
1 82096 86670 405818327
1 94798 86171 679442889
1 58773 31981 342109930
2 74129
2 53870
2 56145
1 31026 49394 447048802
1 76198 66163 796595076
2 25060
2 44293
2 10510
2 77169
1 47151 40047 549551259
2 34857
2 80407
2 79963
1 63070 30553 399043671
1 61542 37100 213259814
1 38769 11899 761438157
1 39628 45694 304723226
1 35274 12551 269516811
2 63135
2 80070
2 95231
2 38119
2 98185
1 66988 26896 966974405
2 85454
1 17975 13668 908161588
1 28623 98877 122075163
1 8707 38010 74634977
2 62424
1 45494 12686 147204261
1 710 76337 740354047
1 26194 33298 239041476
2 73395
2 65909
2 26344
1 42339 18253 827850798
2 98429
2 39632
2 57396
1 15906 8073 672485147
2 2915
1 63090 46787 839278510
1 76120 6784 856300994
2 10396
2 23993
2 37194
1 54662 20077 578143091
1 37464 45531 652020853
2 41387
1 68660 95494 141856563
1 67711 88786 670597338
1 19923 6324 411270849
2 54630
2 4821
2 50440
2 42271
1 18165 39551 338945995
2 73476
2 91552
1 39153 80347 86275157
2 22579
2 54944
1 94778 86307 125547297
1 35566 96916 555097919
2 3344
1 74873 16388 588505605
1 20843 38091 728168889
2 51464
2 30844
2 10164
1 17150 34895 400101236
1 41141 38019 350371488
2 30833
1 40752 4997 380469428
2 65138
2 30717
1 46109 37534 539867987
2 32969
1 85195 3985 236329956
2 87212
2 51399
1 59878 35875 822499276
1 345 4370 46693071
2 38053
2 37577
2 9029
2 9223
2 17194
2 57199
1 92987 93640 440712248
1 55992 29375 61936368
2 78090
2 83729
1 29322 92213 996148192
2 61468
2 45675
2 66415
1 75814 33261 224093184
1 40326 29835 798971516
2 38945
2 29640
1 99549 4911 497507877
2 40778
1 28673 16476 553349611
2 48783
2 88593
1 93566 62786 747071551
1 34348 78333 79699381
1 18363 71811 505659572
1 19224 82717 86317933
2 1414
1 15119 93155 926011448
2 27699
1 97495 23088 16992771
2 22223
1 13188 63746 399073545
2 50047
1 57758 85058 750438804
2 78494
2 19885
2 35596
1 75798 49460 590441027
2 95216
1 75480 75953 117079421
1 77038 70027 489709966
1 9419 27715 361774429
2 63565
1 95874 73237 804739410
1 59910 4005 785414573
2 98962
2 87734
2 46813
1 53652 73514 945151817
2 37345
1 71904 97200 925072526
2 22136
2 74487
2 18663
2 49818
1 99996 85127 461179677
1 38228 23764 676302383
2 57311
2 65289
2 85339
2 6276
2 90843
1 56918 92086 766287710
1 82205 74942 172547741
1 25706 98566 128827523
2 87146
2 2128
2 55587
1 35220 10892 871570418
2 67103
2 95854
2 9772
2 78171
2 85738
1 28000 15410 823118441
2 33377
1 50602 61294 185613286
2 542
2 75186
2 53423
1 65544 56413 173294408
1 70381 63230 154696355
1 18382 83962 492672462
2 75212
2 62622
2 8437
1 58481 88928 921031117
1 85025 57728 584912906
1 48060 54282 928280019
1 63141 50460 396005896
1 98801 56672 630666158
1 54586 4022 50224014
1 4904 93300 574239392
2 50947
1 22257 12108 429334544
1 98687 1632 976778032
1 81034 8130 895143463
2 10489
1 2924 56245 324524706
2 69328
2 89543
1 8892 97341 604320681
2 36090
1 62324 79816 127091649
2 36827
1 92359 87173 814863756
1 9369 96140 32420258
2 23778
2 68579
1 85554 75084 866820241
1 30718 37817 965245822
1 59869 87823 683676046
2 1421
2 40958
2 82149
2 99754
1 65707 15541 988912956
1 69061 64250 538296874
2 78829
1 78453 29924 574006689
2 41625
2 4946
1 9287 3199 300721308
1 41206 46095 394935918
2 93801
2 2040
1 57835 34549 756149231
2 5917
2 92753
1 9035 51926 539086996
2 36391
2 7432
1 75167 31061 746008684
2 46078
1 31823 72640 323240607
1 41523 98460 501464039
2 68235
1 12611 96373 886537841
1 27387 64062 466092686
2 86475
1 57901 56908 46349103
2 539
1 95516 36899 533173909
1 35716 76227 579719761
1 3884 68059 777777083
2 25100
2 9629
2 66838
1 32835 62294 283194053
2 49303
1 84646 47962 457785909
2 55236
2 56360
1 15375 42894 596247506
2 90599
2 70446
2 92981
2 77587
2 26821
2 55241
2 69157
1 82504 62023 629681075
2 73339
2 46015
2 54586
2 58912
2 15463
2 42668
2 86677
2 52996
2 4946
2 24189
2 83089
1 41307 37879 901202038
2 91515
1 45880 88857 681389111
1 35421 62272 158335683
2 35244
1 89119 35644 524151486
1 34754 1588 383792900
2 90890
1 48298 96674 704577864
1 48425 38981 488125112
1 48362 79490 208888808
2 26756
2 38382
1 63562 11687 544063502
2 87388
1 57289 9638 606896624
2 82029
2 28705
2 11730
1 22248 49303 734883581
1 90764 56219 251086163
1 59638 18807 183370515
1 47155 37800 759682289
2 77173
2 4565
2 33351
2 23971
2 35294
1 14207 10540 482637314
2 61898
2 33797
1 14335 84166 152191184
2 27254
1 46035 10648 107349551
2 89663
2 9508
1 90953 98741 933982157
1 13951 47666 783361091
1 25930 16644 152280233
1 72085 73864 95110892
2 74223
1 86750 87021 426006369
1 39274 94011 28892599
1 19098 69306 596166296
1 65543 79128 662868942
1 79179 86458 700753062
2 2582
1 32264 66902 907951253
2 94756
1 61187 92614 21441815
1 48260 91317 13346730
2 30330
2 35917
1 25990 57646 542614185
1 93064 29232 139331425
2 17876
2 726
1 40444 65769 963568248
1 33042 3983 727456295
2 81247
1 39141 97573 18118794
1 7545 79384 9138434
2 27353
1 89458 28029 82776323
1 62559 37613 797172563
2 79601
1 15340 83775 342945291
2 24417
2 84973
2 92895
2 31821
2 55688
1 71548 96212 951604556
2 23520
1 59827 78081 449851789
1 57666 53215 857524772
2 25118
1 4530 58270 47462592
2 72388
2 56031
2 51098
1 97808 46172 298795251
2 9874
1 78819 48374 638936547
1 56105 26092 558857952
2 64014
2 6115
1 73203 5736 598975213
1 33657 59142 966361599
2 22152
1 23001 53910 307070356
1 35192 46325 291270880
2 93593
1 93393 50711 202097227
2 7148
1 2456 60648 934351324
1 38314 19117 97569795
2 84661
2 96261
1 2265 97815 743870870
1 1249 92438 121893636
2 80957
2 40034
2 87297
2 32158
1 85056 3149 841657778
2 89130
1 8657 57080 438515839
1 75664 37775 15114295
1 28744 16624 207695592
1 77772 88512 434984174
2 27405
1 59023 5012 647703376
2 50680
2 9734
1 27027 39968 23768751
1 47664 45603 699299997
2 96866
2 76589
1 95243 69629 762548614
1 9145 2148 311945789
2 83657
1 75390 8628 501419523
2 30323
2 69959
1 96647 19948 154703515
2 90301
2 82481
1 50488 42292 599754118
2 34092
1 20807 12903 320107549
2 52725
2 51748
1 94457 26057 491759884
2 13428
2 56966
1 24954 76254 28601644
2 48044
1 70943 36747 326305789
1 39378 92469 668608647
2 65082
1 33904 63298 354515500
1 93757 14076 22636040
2 23519
1 34225 93470 433854936
1 99954 58711 598526323
2 4228
2 90875
2 69486
2 66465
2 80347
1 44997 18086 663876325
2 71128
2 25654
2 24912
2 97920
1 52751 5151 284345472
1 29510 67985 878274289
2 18658
1 56351 56711 90339372
1 35513 50533 981597634
2 63321
1 62491 86843 461968651
1 25987 31101 556117186
1 74581 11538 404204285
2 56956
2 61398
1 80207 71325 778145384
1 60542 53933 55446055
1 804 78976 152373435
1 66733 34469 271534927
1 60574 17274 486771671
1 41780 34119 392079981
2 5204
2 8385
2 87821
2 16052
2 19850
2 73119
1 88272 31641 493056842
1 34425 45705 96154617
1 33038 47989 918831742
1 75752 10848 932023179
1 6059 42861 257001965
1 65624 29347 611510242
1 46213 23809 708366076
1 45180 1304 948897057
2 19236
1 10662 38407 69853531
1 42219 65444 896222850
2 83415
1 8343 59359 894719812
2 77223
1 55140 26672 847192617
1 23239 44092 937577669
1 67261 2638 418896010
2 20310
1 39011 40657 436818399
1 18726 34356 37298451
1 86596 91552 173709522
2 91233
2 6293
1 97599 43113 853056187
2 29539
1 6955 78668 614133520
1 77756 70016 852007685
2 74409
1 93223 61210 220976365
1 27171 52525 862547104
1 77462 34207 578760548
1 4521 10128 715695557
1 69032 4184 120193840
2 16441
2 32857
2 67116
1 82503 71956 112926345
2 38950
1 95966 94386 444112704
2 9635
1 89310 74478 204458652
2 62376
1 9353 72269 612955544
1 35603 78820 264933780
2 94485
1 40373 10384 907195249
2 36154
2 15260
2 12957
1 76807 53997 875644915
2 18581
2 5282
2 83008
2 55556
1 378 82115 142970250
1 16476 28625 220764613
2 91411
1 60401 33607 41016168
2 45733
2 94435
2 32164
1 90458 72320 18872409
1 3264 79993 348593643
2 29343
2 19516
2 694
2 17145
2 34222
2 30767
2 1689
2 77647
1 291 41904 126123684
1 87133 70003 212898633
2 71053
2 23240
2 7599
1 67402 59065 443031626
2 79730
1 44517 50563 245221508
2 26282
2 23569
1 28312 81245 620564891
1 2409 62868 843348010
2 36695
1 18424 37919 843196954
1 16147 28650 696900469
2 72313
1 72666 93795 184588710
1 29239 32732 288763765
2 60864
2 44226
1 17245 10082 322835666
2 37991
1 6825 54734 702296801
1 36372 16060 481934856
2 77139
1 53786 7956 370320533
1 14036 23972 757835781
2 48058
2 90131
2 68266
2 35115
2 30570
2 8416
1 77351 59838 52693271
2 91285
2 86089
2 26203
1 775 1790 992004152
2 84874
1 99837 54408 592313706
1 84838 89692 529111490
2 90070
1 59728 5363 835874584
1 75387 75700 63078979
2 41943
1 75625 88545 489329203
2 37607
2 85743
1 28812 64447 664868754
2 59231
2 68298
2 15147
2 91692
2 84236
1 88657 85904 673447290
1 44719 75705 877296300
2 16872
2 4885
1 73586 79492 885562756
2 8997
2 63585
2 66963
2 53406
2 13816
2 17706
1 43741 92730 490305286
2 43794
1 81924 88431 680553031
2 17633
1 66054 8675 191750069
2 4539
1 49784 77670 417261370
1 79948 92604 812151428
2 79571
1 19584 10329 577992306
2 17488
2 96316
1 2448 3328 323469713
1 13105 59434 181647535
2 81491
2 21155
1 37830 31672 707083897
1 95088 15794 895568380
2 12091
1 49632 27239 258565799
1 66525 37285 613727907
1 87448 74214 16297302
1 80544 63622 907015804
2 55959
2 44027
2 56606
1 18789 26806 213981317
1 39170 90203 902795556
2 38177
2 78014
1 85375 33830 296220686
1 53801 55443 798776461
2 44121
2 89980
2 68151
1 87721 9302 954340173
2 13399
2 66837
2 62709
1 55254 41687 560587810
2 30569
1 71780 5762 898207439
2 53495
1 98338 58394 217205093
2 91764
1 93586 96057 91438994
1 49878 79493 828232050
1 76288 69069 973329519
2 81749
2 95632
1 44270 58882 444832518
2 47559
1 14674 52632 354776196
1 83297 67472 133711529
1 78959 65910 957188423
2 50423
1 46805 10711 363545670
1 2236 99541 662233120
1 39569 40617 462884325
1 82756 58980 25505888
2 2811
2 71082
1 7098 14767 191743039
1 74353 46350 617242868
1 72382 52108 848770449
1 45816 8374 568576637
2 78946
1 27271 49254 842562194
1 55002 80938 624713010
1 35873 36050 103813548
1 53778 9608 574151015
2 50373
1 13968 37433 741447465
1 3685 21178 624694798
1 84250 38998 394763957
1 17086 32746 804931012
1 32235 86539 485016462
1 20685 4122 48834285
1 77179 43057 288538480
2 11662
1 90050 60608 842248009
1 87694 40065 609941582
2 29698
2 1637
2 61262
2 70653
1 48860 14927 256301888
1 94779 84457 179944600
1 37722 15345 858545331
2 7598
1 21911 74551 78316619
2 59915
2 77773
2 89638
1 98374 51756 843337527
1 95325 15167 409475728
1 45711 98996 920873575
1 9964 44644 135878987
1 20742 73657 359101235
2 66332
2 34363
1 28102 72227 43927978
1 70825 16304 414874986
2 66227
1 20010 34924 393078882
2 85304
1 51275 95348 86966953
1 31926 84066 841722791
1 93359 20520 101895218
2 13938
1 96836 62497 873586213
1 29592 61102 386402393
1 96677 4048 585613792
2 49264
2 20771
2 51124
2 3811
2 92210
1 11144 45834 802538816
2 1128
2 31228
1 4412 71666 296801254
1 58995 14731 514370638
2 28851
2 41470
1 23828 31934 67297693
2 67313
1 43275 45579 492342637
1 48304 11748 193278924
2 26444
1 15780 36284 795579730
1 46669 85982 422094022
2 19149
2 72300
2 80884
2 59977
2 85865
2 98982
2 86097
2 6575
2 59116
1 4527 5375 70462716
1 13663 84000 771057298
2 36277
1 90549 58047 505954553
2 73924
2 93696
2 25090
1 43232 36059 454135766
1 5936 49798 594043310
2 748
1 94712 80196 150939701
2 46161
1 1949 91041 190462475
1 86953 79310 601837522
1 91585 86737 493907325
1 88734 3923 756139161
1 89128 8388 495557991
2 92385
2 89787
2 82329
1 66895 69441 11770978
1 56800 83486 678397683
1 72939 96046 150308173
1 22023 53603 919016371
2 43121
1 65398 16806 641409322
2 16262
2 8469
2 68771
1 55071 39799 141827527
1 76849 20872 713461663
1 58381 32889 494073467
1 10718 76474 194657716
2 71484
2 14141
2 62623
2 19518
1 18548 88397 796968484
2 90493
2 44502
2 87984
1 45540 42471 888153605
1 69942 94002 314312593
1 6013 47616 983692720
1 91526 66464 421767982
1 56858 3331 774878004
2 4691
2 97296
1 27759 35905 801850944
1 88513 5376 694364665
1 23482 25360 570520821
1 75692 79625 75466890
2 98830
1 46390 99306 940675441
2 31703
1 26873 94677 551082816
1 60204 76080 525371406
1 53452 56407 129407329
1 40137 3749 683575300
1 83735 35269 545917543
1 19761 75925 948171941
2 77982
1 23190 11971 81589871
2 26837
1 77598 47201 811282093
1 18770 67763 314847702
2 7415
2 78171
2 86018
2 76096
2 65326
2 79812
1 68405 88485 898135613
2 46369
2 38442
1 61128 17752 832044716
1 58159 79400 166070169
1 85907 33483 737729209
1 21899 11635 836397961
1 21589 70521 478573294
1 39845 46099 285555967
2 87783
1 15720 92774 254234826
1 77687 81006 618196713
2 95138
2 60275
1 9398 42310 383093735
2 88563
1 27250 26750 583286168
1 53337 42685 699782112
1 83379 8014 923364320
1 9711 9139 730427227
2 32513
2 34984
1 77267 93320 14191815
2 38385
2 85287
2 15145
1 23215 26872 700927147
2 6100
1 66652 12051 515542895
2 90201
2 11165
1 94141 22558 576813784
2 91204
2 13828
2 28032
1 56991 8425 84511087
2 40823
2 58075
2 6907
1 27187 9415 728051444
2 11821
1 55277 9059 551773685
2 50884
1 52994 29190 93808728
2 20866
2 19179
1 82820 73663 470984670
1 85515 1543 614223873
1 52426 92401 397556414
1 60815 61962 168865810
1 48538 17089 642659226
1 87975 85539 193103603
1 54187 34341 449451374
1 73314 14183 102780692
2 42974
1 77413 71767 628909652
1 10366 94911 145599550
1 87814 53998 745697345
2 70642
1 27871 68353 518391938
1 36195 2610 693678250
2 36369
2 64407
1 99501 7772 143713492
1 12355 57783 729627939
2 61431
2 54066
2 74474
2 69591
1 19956 66851 630776966
2 53133
1 97823 76789 679933247
1 34215 88179 251927705
2 14392
1 31214 23011 250969440
1 20148 93985 602082247
1 25640 74515 279436974
2 46152
2 97015
1 57969 74326 919500330
1 24029 99790 550751193
2 3820
1 36630 40545 281547102
2 96682
1 6588 52102 475166731
2 39971
2 19576
1 67909 80015 778844420
1 76301 39087 868607369
2 55064
2 6806
2 61876
2 62330
2 10915
1 62107 64816 475350220
2 9401
2 39201
2 62387
1 65925 4839 226879176
2 18873
1 50418 25913 376153674
1 6525 53079 514383487
1 95152 31013 943565392
2 99839
2 73075
2 38533
2 91002
2 57414
1 35776 30748 974065719
2 957
1 61759 75995 478642799
1 63489 21648 636241071
1 45655 68757 683762690
2 50294
1 69721 62994 834051151
1 70520 34942 284081153
2 2349
1 87499 95793 310804458
1 95391 29681 930429258
2 91650
2 43097
2 38270
2 99924
2 43729
2 14885
1 11723 13001 396572069
2 878
2 25342
1 69542 68551 448245863
2 32967
1 70926 5353 485261908
1 13977 19 373407901
1 50029 59665 528543730
2 99595
1 2385 47316 848713965
1 83341 70745 567611566
2 80616
2 37680
1 55129 91223 180314535
1 86153 15493 626400239
2 21315
1 29905 2968 614595152
2 63576
1 60765 48537 206349086
1 52192 57154 33553254
1 8328 59128 381864701
1 35883 93118 186023252
2 26379
1 19083 54205 684366803
2 67326
1 39542 2126 770863664
1 21898 77015 320880131
2 44292
2 90061
1 99668 10110 767243594
2 33020
2 56311
1 54512 9789 734180800
2 87933
1 11629 97307 27188909
1 53690 63780 738295006
2 37878
1 9521 86776 256820194
2 23646
1 48368 18200 199927342
2 9859
2 73594
2 30588
2 30977
2 22391
1 27039 68085 214962906
2 16732
1 15473 6174 902865438
1 48529 79988 762156306
1 21325 22188 180786255
1 94062 78019 835516270
1 32110 76043 503586719
2 67927
2 10404
2 88582
2 14927
1 75402 60509 603058153
1 69211 56654 628104165
2 15435
2 29396
1 95952 26076 842815935
1 41114 41537 365245306
1 58358 39101 16735386
2 45902
1 18811 86454 88068525
2 37311
2 63254
1 85225 96538 692117153
1 84078 75003 81353926
2 45040
2 59845
2 78664
2 34685
2 40220
1 54758 92646 189781256
1 92047 96127 462139037
2 60499
1 15088 13164 659542137
1 10450 72023 378618646
2 31095
2 8342
2 35175
2 89491
2 78887
2 79200
2 16738
2 7617
2 69513
1 10085 83779 527681797
1 65222 6145 553479089
2 74203
1 21987 42138 209205587
1 77292 87069 874047145
1 95982 58499 875943637
2 95948
2 74280
2 15093
1 66195 81366 721431656
1 53473 42984 873124261
2 38002
2 79017
2 76783
1 74792 63533 138830729
1 96810 95588 201745996
1 47789 39346 868241302
2 90501
1 74165 63810 268085257
1 38436 60593 486436549
1 68191 48020 922771196
1 39278 33412 461161893
1 18377 70368 363496336
2 23640
2 34490
1 43328 48810 132754077
1 63201 20397 56906743
2 2244
2 77348
2 59226
1 35502 20131 999715210
2 82747
2 95444
1 79637 17876 663521673
1 44885 91981 946988447
1 35423 95574 348065474
1 30868 73070 17875456
2 4158
1 2101 84008 751710857
2 62833
2 14103
2 29800
1 51121 28614 676511078
1 40168 41970 916266895
2 65311
1 82943 28319 10972872
2 26433
1 61008 28088 876530061
1 11030 31922 573149660
1 43280 444 49923289
2 31504
1 84973 62406 352892229
2 48650
1 77137 11193 941432080
2 26532
1 24265 69422 468508757
2 91497
2 16045
1 11206 76840 715853861
2 1419
2 46097
1 8259 23140 338314077
2 26838
1 53338 5478 445830108
2 82333
1 63987 76513 427580509
2 50196
1 5420 71511 502929043
1 66925 80043 449949854
2 76972
2 7509
2 47718
2 36917
2 5268
1 8012 90107 338173557
1 95304 23532 199795767
2 26248
2 19368
1 20674 40839 440471286
2 48422
1 44305 63225 250443326
2 70935
2 27818
2 79455
2 25490
1 55565 28957 605477314
2 67151
1 5233 90800 56703015
1 98886 74169 299699897
2 38530
1 40192 67383 727477927
2 44853
1 61435 91194 471222239
1 70873 21682 125690822
1 48911 42970 607189860
2 39408
2 28618
1 32514 25163 561260030
1 64857 48157 63019327
1 43273 11487 50902155
2 40382
1 89493 69758 505047004
2 64637
2 92011
2 78632
2 93403
1 40274 54114 507258080
2 72558
2 13124
2 57639
2 45612
1 93392 71708 506798842
2 84882
2 80234
1 4447 989 501887286
1 97071 22706 906988054
2 50884
1 34501 2795 497917974
1 2256 34437 574825544
1 88708 58595 593457819
2 76626
1 69265 64867 119293339
2 9080
1 84582 49778 663717445
1 64607 61917 602600743
1 93678 50079 618462679
2 13565
2 77196
1 80536 38795 736306082
2 18342
2 13699
1 81236 18209 149138581
1 8327 98049 280057379
2 45209
2 50386
2 46404
1 39559 90778 224337225
2 27570
1 797 80818 740551607
1 68131 80987 527963510
2 92437
1 93256 73154 801297341
1 68179 27844 372758473
1 3937 56166 584778359
1 39524 13146 122371898
2 51447
2 75148
1 86220 47624 511802552
2 92172
1 81820 43104 88503647
1 19455 80075 802067232
1 42825 51937 978985715
1 20884 11024 990841979
2 54646
2 23306
2 64984
1 40495 28228 725271708
2 83852
2 89870
1 34331 61787 134621499
2 69191
2 53962
2 67966
1 52396 68301 387108646
1 38631 72478 748558373
1 98564 64350 659348995
1 2075 23255 72021055
2 96459
2 60047
1 24732 14488 400214040
1 22619 18547 348805177
2 20510
2 26649
1 4932 42016 124168653
2 76862
1 64217 24975 786190887
1 64373 38956 31575504
2 20138
2 4792
1 47215 62765 280644014
2 86292
1 87543 30028 523193407
2 51362
2 38695
1 65717 30451 216230229
1 95133 92110 9447270
2 17036
2 3350
1 72656 6232 934913836
1 66565 46124 136420546
2 31000
2 90528
1 31788 10970 110098511
2 80903
1 70019 4365 853020566
1 96453 48660 567919354
2 67741
2 62573
2 91602
1 49799 94024 130429709
2 3136
1 23594 93508 346714077
1 28674 51161 908364239
1 55168 7058 574359543
1 36279 5925 725093213
2 61340
2 61941
2 11698
1 80118 96544 747957545
2 25088
1 6240 11169 498989648
1 68600 25207 686645173
2 12793
1 70081 92850 865424023
2 34709
2 20114
2 47112
1 26899 92112 7235486
1 31687 43002 261594418
1 44403 64019 844012851
1 85888 32317 368512164
2 33848
2 34154
1 8529 79158 233521773
2 6452
1 23762 5666 45951020
2 92572
2 11059
1 62761 66529 674344244
1 15497 53430 152084394
2 37135
1 17886 45318 113736505
1 76139 97428 630554516
1 35425 29124 523109334
1 35045 2634 405098474
1 58385 12875 842830465
1 62936 65444 149407191
1 71867 22412 67707132
1 60311 88725 598024681
1 43253 54646 685784455
2 16490
2 3533
2 93866
1 73343 16608 612552573
2 93905
1 62637 24430 380419913
2 60784
1 59255 18058 365474946
2 34186
1 38293 50621 271958684
1 70559 93313 337338312
2 45231
1 66268 6732 876677949
1 10215 11944 982821052
2 72359
2 2996
2 89471
2 96869
2 34808
2 76555
1 21658 86312 525741257
1 28124 52768 511761619
1 92496 95486 988999141
1 41036 23012 862376840
1 45572 51465 192304238
2 38386
1 67225 72866 840229648
1 64173 68067 403003788
2 49084
1 83089 84321 788969599
1 72664 8783 489681579
2 63643
1 56996 71915 787223333
1 35671 43733 638981300
1 65444 70660 756344905
1 86012 58236 88066159
2 75338
1 56193 30770 274040849
1 93503 17713 411800181
1 99949 75815 918866587
1 57950 48758 691301025
1 29814 96618 818543435
2 10924
1 10630 17817 495076375
2 91928
2 92438
1 62156 97224 528381218
1 70093 92618 528314336
1 92118 99085 765337633
2 46360
1 87920 44322 429391990
1 8613 8101 540529055
1 69408 6430 631866005
1 282 22684 107029428
1 41031 31875 795376369
1 40251 85326 740297587
2 74744
1 23382 22640 9088512
2 7434
1 59539 61549 848643013
2 53967
2 64770
2 46611
2 33795
2 38765
1 70170 17435 320185407
2 54715
2 10879
1 97584 92961 680941597
1 72190 69220 135931723
2 52167
1 71650 52530 576411406
2 73172
1 88499 10260 3841095
1 73204 79 638803352
1 28602 7742 145856425
1 34412 29558 10103811
1 34523 9149 647327979
2 48069
1 55260 22321 427283910
2 14355
1 77585 99455 908682963
1 15372 28164 225693725
2 77821
1 95020 53714 356358729
2 65495
1 70072 70127 866682489
1 39133 23174 838798390
1 30722 32235 278239632
2 53962
2 69887
2 84303
1 1999 17912 204960913
1 37787 79519 295501041
2 54126
1 53362 53027 300953578
1 72420 34919 811951565
2 21922
1 47220 8209 632440855
1 48332 71940 123043034
1 38895 93870 673211885
2 83367
1 73464 46590 751510256
1 93076 14171 768350572
1 99453 40737 823316895
2 64542
2 98028
2 17435
2 33882
2 52695
1 40716 92421 221753432
1 89616 27719 196494745
2 65802
1 55256 17198 940498087
2 71217
1 57053 7104 250974234
2 36983
2 83126
1 1511 15231 647115263
1 14659 94289 482353560
2 5062
2 18332
1 59381 3298 126699782
2 87296
2 30269
2 9989
2 53545
1 64170 74013 263205183
1 19517 35434 596487602
1 22304 30378 236672387
2 93800
2 99299
1 81552 52807 571102007
1 90233 58400 359914213
2 61115
1 6805 36784 551052246
2 64412
1 38074 99421 84716043
1 22171 78317 457727695
1 84023 7161 392406709
2 2631
1 34444 37264 351530384
1 58189 11639 622774947
1 53138 13967 842232743
2 24591
2 63779
2 18733
2 38965
1 24018 43397 699412531
2 71231
2 16386
1 87403 97934 714373719
2 22557
2 21982
2 92395
2 43426
2 34613
1 59262 75341 78270710
2 28976
1 23496 8577 917566222
2 56768
1 48227 56901 857879504
1 76011 52402 733835190
2 18772
1 26822 58025 63683358
2 79177
2 37913
1 29037 94935 968474449
2 29141
1 74379 24185 355594672
1 46718 27809 378257258
2 18341
2 17776
2 26008
2 18095
1 77 77704 80661942
2 42041
2 49399
1 7110 71785 894322844
2 33984
2 1323
2 36993
1 47994 10972 798748636
2 95192
2 88662
1 79832 13235 46134834
1 51388 9526 769156349
2 21281
1 16065 33193 912376711
2 89928
1 85391 93135 89640530
1 98189 2077 9487931
2 87944
2 5755
2 80219
2 47916
1 2685 20272 80249463
2 68142
1 91807 31917 45195634
1 52355 26655 408907596
1 51314 77611 837237106
2 84739
1 43002 22723 586128209
2 91893
2 76096
2 46318
1 89627 63741 377982128
1 8795 85161 537376679
2 56953
2 18641
1 33807 19270 274776196
1 94395 58058 740491284
1 36582 53727 397338739
1 98424 76769 807753668
1 86466 33163 829283523
1 89549 66272 659627516
1 45998 55126 792452671
2 25979
2 58348
2 54544
2 90522
1 51238 89200 523144533
1 52712 16591 894537896
2 80645
2 76543
2 33307
2 69541
1 27636 56218 497880435
1 34081 66676 263368757
2 44117
2 42250
1 10275 22871 646759832
2 88743
1 76586 18812 47162548
1 35032 74410 580485233
2 68716
1 30773 48810 780986159
2 62366
1 33240 4995 404804966
2 76796
2 29372
2 68934
2 25668
2 62423
2 86235
2 74090
1 40975 94120 255381316
2 60860
1 66309 51172 622464877
1 60034 19920 64883217
1 85052 84926 28112161
2 54606
2 96728
2 3375
1 77660 14831 761400025
2 44624
2 56614
1 55907 48976 576279283
1 792 24512 429096801
2 39543
2 32138
2 30452
2 84535
1 50707 86087 346181198
2 2120
2 35280
1 28431 60654 341674191
1 37180 39342 50140900
2 56382
1 21121 77573 78511968
1 1685 92585 977180400
1 31843 39750 388412872
2 87181
1 54028 69172 256121067
2 75437
1 64960 69552 585327090
2 83643
2 81971
2 41708
2 94218
2 51183
2 21364
1 35324 54766 315221710
2 34630
1 52532 75646 578496623
2 85549
2 87607
2 9608
2 87582
2 32613
1 9047 74444 386447646
2 89563
2 77844
1 98086 77235 468016412
2 3683
1 11969 77446 904443408
2 41926
2 70291
1 74049 40643 265238574
2 46231
1 7993 67679 978320622
2 91374
2 6728
2 95828
2 26745
2 67896
2 35995
2 76814
2 51594
2 72853
1 64245 6368 363489177
1 28902 8616 262737142
2 52760
2 78522
1 95568 56763 486009354
2 81049
1 20195 19453 23364992
2 59316
1 25012 91029 383373909
1 55441 94767 326018398
2 51979
2 39910
2 22048
1 58466 48466 928733689
1 50409 80863 796842404
1 40237 31754 79236448
2 26184
2 591
1 69017 34687 867765880
2 44136
2 8665
2 62690
1 64462 83560 69819306
2 84649
2 83136
1 45093 8497 813915569
1 63187 73598 614081627
1 94686 30442 35685127
1 62263 49645 695928286
1 20260 74251 245486306
1 92888 75188 994346307
1 88539 76367 156640439
1 5646 91586 797388274
1 59906 16666 783148238
1 98933 25328 747293869
2 7717
2 4310
1 52163 47651 216981154
1 33947 26605 917598591
2 9155
1 23488 87785 602478597
1 28137 23069 250486569
2 531
1 8192 5967 592192473
1 27985 57583 928766092
1 44696 71925 336757983
1 71325 76947 663676
1 71933 41947 356530534
2 96662
2 89149
1 14356 63915 718750028
2 36408
1 12218 81000 830090318
1 88394 33699 697875573
1 42894 9109 158632180
1 45590 36114 673790676
1 41494 75445 922187508
2 68025
1 51262 71616 740810214
1 28203 92122 328968694
2 69325
1 28698 54408 669269574
1 28490 85423 646594552
2 56245
1 86535 10007 792946099
1 82338 26397 954942059
1 70187 9224 726929349
1 17544 10747 322535648
1 76856 82642 494615478
1 65240 98317 834126453
1 20099 67456 669751853
1 87343 517 94520875
2 32000
2 60277
2 75233
2 43451
2 95877
2 16654
2 83281
2 72869
2 21529
1 75664 69672 815297046
1 6868 92226 137811436
1 39459 3487 874804553
1 63382 76392 321651989
1 51724 13051 592075175
1 72144 37059 9045325
1 24053 25793 668359127
2 44073
1 32179 11250 403227547
2 9646
1 44768 17677 949948418
2 98542
2 58253
1 62586 56834 121387827
1 56752 48086 409377708
1 9101 12461 835681659
1 67786 49879 59661425
2 3375
2 64507
1 37825 92366 563678080
2 33222
2 64395
2 8900
1 87835 2288 429201751
2 37704
2 70154
1 72938 82674 645739126
2 14926
2 90406
2 42820
2 3584
1 29757 95335 243927026
1 74364 96509 483860639
2 49934
1 73149 3634 581591028
2 13351
1 83128 29299 187925566
1 33164 89055 483588636
2 39964
1 55862 60008 162399426
2 51094
1 21576 19527 179044396
2 92254
2 45843
2 45570
1 42703 55680 16740748
2 1973
2 27383
2 59930
1 12357 96555 92017378
2 19084
1 34672 47530 491059268
1 3241 51768 149295050
1 78197 28669 587647579
2 50915
1 47473 40031 534979667
2 74858
1 91657 77048 213181046
1 63793 43370 701138826
2 2273
1 22 37500 296034799
2 35758
2 30032
2 43765
1 34665 76132 703763347
2 74076
1 32859 23845 259427198
1 72846 9099 706962372
1 61036 73656 11653801
2 94564
2 20927
1 96896 8362 869174296
2 7494
2 89401
1 4012 56334 477933574
2 73624
1 21348 80424 530912450
1 59284 37332 711136349
2 75471
1 79350 37123 988570809
2 88782
2 91146
1 52208 79429 140694706
1 77319 62274 564741518
2 15337
2 30776
2 4177
2 25616
2 35264
1 72335 86163 739430046
2 669
1 8711 93378 245806756
1 83070 7056 323165573
1 24087 47911 939610056
1 99264 15666 283099689
2 57121
2 98035
2 63588
1 56249 74134 83954781
2 78876
1 83328 42522 977112531
1 46234 96373 892577549
2 36884
2 47752
1 13515 29744 192971630
1 3128 75933 338120441
2 24529
1 9063 657 155239396
1 95074 74448 309167182
1 90633 48059 919373534
2 87196
2 49486
1 24953 91467 741226190
2 63003
1 23507 1376 930661136
2 41530
1 65621 60775 4222787
1 86408 76900 124834995
2 96465
1 4461 8436 935103676
1 31199 1418 995389034
2 57165
2 11315
1 13142 38193 844864397
1 33103 96485 820012678
1 30613 42262 950702164
1 76603 24155 893400712
2 44648
1 29250 9992 739261863
2 18664
2 88653
2 89890
1 97815 68254 205389382
2 22995
2 63529
1 8934 91972 613884932
1 71371 61717 764413195
2 40843
2 92001
2 22909
2 90005
1 79904 43335 161373633
1 18876 50834 86563939
1 83222 36725 116289239
1 13155 25346 585059697
1 66309 73356 797501881
1 12154 49883 625642669
1 85391 40653 718918874
1 35558 72873 903688658
2 95710
1 24241 84635 903611602
1 79221 75811 798720237
1 49077 88813 877199352
2 43867
2 9296
1 98777 52431 270871891
2 67863
2 58955
1 80254 60095 687950957
1 32570 84261 777607849
2 62356
1 48504 10665 710514420
2 6026
2 83027
2 83105
2 13242
1 10991 61680 357752924
2 10353
2 70766
1 64992 47579 433171605
1 69468 28295 9137340
2 77472
1 34715 99621 744458911
2 7205
1 16151 50026 890574267
2 46817
1 52827 33684 603767396
1 53876 72419 574406583
1 8221 19699 585481433
2 54633
2 70413
1 80554 67744 703086940
2 49421
2 54583
2 7641
2 53451
1 44023 72925 702124854
1 50622 57188 540202730
2 78098
1 36908 38229 399949546
1 57938 81136 254153924
2 47662
2 49940
2 91585
2 95736
2 64821
1 47619 77398 927861360
1 72654 92951 988969182
2 83389
1 18221 12254 331497703
1 17351 46515 816507339
1 1165 46758 5593853
2 95665
2 32839
2 73580
2 73652
1 20040 63204 14892793
2 5152
1 51 5682 806317291
2 87711
2 82893
2 83093
1 6812 89457 556410591
1 45330 33314 904964832
2 67433
1 21121 27573 290444309
2 9672
1 49510 65639 609870862
2 79643
2 2227
2 72237
1 87402 40687 336020184
2 17604
2 31715
1 91059 84378 679643005
1 63397 73338 811766029
2 73718
2 22129
2 1860
1 33169 74983 598366253
2 11065
2 59144
1 97251 19381 398534983
2 82456
2 62690
2 89335
2 38723
2 52488
2 65367
2 51420
2 52856
2 51185
2 56337
1 43478 41582 517115876
1 41763 62839 27413540
2 12277
2 63088
1 18639 6146 348252336
2 5187
1 72054 6397 825580455
2 86208
2 14208
2 27373
2 42237
1 11557 9531 333737290
1 83991 2837 701882114
1 92712 53850 516129536
1 80514 29808 811255634
2 15325
1 95034 20998 122769544
1 98796 44467 900535337
1 94740 1446 924471158
1 84721 17987 200568408
1 95563 66956 767423046
2 7289
1 96794 38519 270321484
2 24896
2 11956
2 56662
2 63765
1 54597 87239 20318952
1 22029 46471 85238038
2 83259
1 5527 54045 685248384
1 47843 94114 555337531
2 78207
2 32873
1 59917 12330 414475439
1 85214 58074 669335426
1 33711 27285 85261500
2 10973
2 82122
2 45613
1 55253 23252 560528561
1 75496 34099 32251271
2 79387
1 35785 10548 77602861
2 2865
1 69467 36178 487547782
1 55124 49385 493792386
2 32390
1 29807 87515 2689379
2 25800
2 13861
2 99853
1 58569 52725 753885742
2 74162
1 36678 72366 513034543
2 89275
2 43487
1 92576 91626 421316915
1 71028 13820 621221475
2 55609
1 30835 91233 485778251
2 87682
1 60409 20303 137261497
2 26552
1 2933 9703 17060479
1 30927 65246 254220771
2 43590
2 82479
2 57873
1 78589 99444 565460729
2 16071
1 82758 868 561845084
2 6415
1 87205 94280 150534865
1 55922 56288 58778214
1 51552 58660 459134464
2 19545
2 14460
2 59176
2 35886
2 94524
1 89160 86851 406487593
2 57149
2 35930
1 52969 62301 883602855
1 58948 40057 744054164
1 81912 62294 400763468
2 2064
2 86970
1 83667 1842 591534437
2 41855
1 68272 44335 390185149
2 6209
2 10294
2 29781
1 50659 97785 931735843
1 17170 34230 212269029
2 64684
2 86379
1 73360 79709 644117471
2 36398
2 39908
1 82137 43748 200381530
2 9520
2 74431
2 53114
1 83709 29393 799289145
1 27290 95712 492748544
1 11276 14467 66887741
2 92897
2 60924
1 17115 16931 942993541
1 88078 56192 834453011
1 76396 36759 2842136
1 21904 78928 496958525
2 47332
2 73963
2 23333
2 42636
2 9000
2 22739
2 74819
1 5471 72962 734711368
1 34384 95321 526598636
2 37690
1 87993 55377 872243895
2 85836
2 428
1 52548 3896 239154971
2 16400
2 44144
2 22895
1 6730 47543 133090871
2 65291
1 28273 24322 604596854
1 99484 28206 693966450
2 32090
2 95643
2 75754
1 84506 5244 820126164
2 84559
2 81627
1 86003 12517 148017142
2 42728
1 4773 58923 657916219
2 44770
1 95458 60575 125368459
2 46124
1 69642 62314 497325621
1 49871 18511 896414302
1 76501 57594 744322268
2 72282
2 32821
2 90485
1 59136 16957 886376520
2 77560
2 8664
2 55082
1 58239 44938 876334417
2 99700
1 20533 78909 96908848
2 466
1 84930 57738 934439708
1 48556 80897 144170557
1 5978 61962 944181433
2 27059
1 80585 17976 884898648
1 56323 30448 572798946
1 96209 52423 985619777
2 72517
1 36459 9702 754767688
1 85899 21149 344971970
1 10534 76081 764264591
1 58075 74678 905056039
1 4976 75110 393645803
2 96336
1 18913 42459 706484193
2 55907
1 36973 71501 602150279
1 88500 91785 498950257
1 5856 68097 686792503
2 67910
1 70228 73284 361612366
2 35313
1 78043 82926 133857588
1 96782 31592 440069366
1 14277 8156 237031328
1 3452 17029 870175734
2 57501
2 98587
1 8680 93067 933982252
2 1946
1 69636 27979 279837416
1 37843 30066 967373197
2 33385
2 19453
2 37816
1 80422 55888 549638977
2 21943
1 15288 537 649692312
2 47392
2 70344
2 33215
2 31856
1 66423 91603 524090564
1 22007 3678 910800646
2 61862
2 27566
2 54979
2 86012
1 14176 6391 810140251
1 25976 12048 49408378
2 37238
2 27203
1 38034 64650 525989717
2 12199
2 83455
1 34805 7233 294109747
2 12586
2 52441
2 4517
2 82552
1 51230 57757 185434843
2 13844
2 69360
1 4863 18419 244388463
2 48263
1 21324 20091 673050982
2 3479
2 12295
2 27364
2 66446
1 63202 69180 914776227
2 79809
2 28618
1 77156 5956 219738039
2 8121
2 86684
1 54060 17019 935206214
2 47201
2 76287
1 27873 46808 366186607
1 51306 23019 226501942
2 45853
1 60455 89461 301089208
1 93261 12657 280024174
2 90284
1 44649 8711 490970154
1 95775 9283 722715582
1 32983 69331 819156447
1 98680 79628 362834618
2 76446
2 81777
1 56569 11084 677505650
2 37752
2 88970
1 7427 90782 342613713
2 36826
2 85972
1 68940 52446 782072717
2 52788
1 46319 12090 975490333
1 58734 16461 356743580
2 25863
2 76567
1 35252 70499 804596340
1 73962 96606 27549427
1 43321 43826 205259830
2 69262
2 99780
1 26896 47671 95061845
1 19362 74517 520906363
1 32809 75866 489433480
1 6519 41892 73607291
1 74056 24820 57455106
2 82565
2 14364
2 52575
1 4616 58470 712462605
1 21044 67583 81171524
2 44605
2 57954
2 77960
1 6389 83103 899257025
2 69557
1 13916 44049 157787618
1 45925 46250 241666391
1 83207 76678 245436602
1 57996 34939 950961475
2 72235
2 92059
1 67088 82149 79179485
2 16244
1 10926 5906 281292370
1 60876 2540 91898295
1 34449 24483 468457876
2 11653
2 8069
2 98988
2 94998
1 68965 52174 286999526
1 88368 13856 486087624
2 21710
1 56840 11643 333401883
1 90596 51825 323432109
2 86361
2 53840
1 8666 293 162201410
1 32477 29442 773378825
1 28906 14811 939470668
1 31424 66612 698275911
1 15590 13667 635128576
2 54534
1 41489 75853 200436380
1 5574 93467 678006586
2 84177
2 20263
2 52225
1 81609 90005 598477310
2 30624
1 78929 87766 84649127
1 86275 71539 39511666
1 43895 66561 361451161
2 89030
1 85494 83553 341726497
1 76175 38283 671578312
2 55267
2 95306
1 35350 55652 875251662
1 55083 96513 55242079
1 73154 84301 504219210
2 90640
1 60669 369 452094723
2 20158
2 21087
2 1807
1 74583 12711 565550346
1 69062 36870 803408825
2 41202
2 95414
1 36671 28884 128543628
2 89165
2 49815
2 37477
1 2947 49019 827296191
2 64030
1 29632 2178 822818372
1 4761 90140 705725263
2 7726
2 45009
2 70204
2 85141
2 64819
1 33181 75782 785056665
2 3302
2 76484
1 5651 40460 801946778
1 19320 23350 854390059
2 28132
2 70172
2 78426
1 68194 79750 52291624
1 95453 26782 930115563
1 88804 4253 773603282
2 59912
2 46850
2 98677
2 53977
1 83545 58988 162014374
2 28450
1 38994 58689 965801128
1 67137 80998 773314336
2 53757
1 75238 8006 324297207
2 16477
2 84616
1 95910 82771 63012845
2 29659
1 72246 43777 182899836
1 14534 95186 185666628
1 27944 29286 119602560
2 10481
2 18845
1 70332 73190 434045353
2 78669
1 38129 64434 524572657
2 22250
1 77871 54479 573951739
2 20041
2 39980
2 28046
1 80128 58403 225353548
2 94822
1 80572 89557 730255253
1 86458 795 782394259
2 99239
2 76985
1 45888 34938 503752795
2 1976
2 71750
1 26569 55509 925674996
1 15323 20673 662082814
2 70625
1 60340 98422 677088073
2 58017
2 34058
1 57551 74545 632406939
1 77112 63238 185810183
2 50131
1 84025 86439 596078759
1 19004 31669 661811936
2 23865
2 82995
2 54732
2 52332
1 63208 43520 554850533
2 48227
2 42166
1 28001 81231 795538368
2 10936
2 64397
1 59549 70443 743617688
2 84237
2 20315
2 7374
1 78340 13065 148323546
1 16266 70290 354313921
1 43588 77181 660779160
2 34246
2 43320
1 38174 18447 71056764
2 93460
2 83680
1 30427 44897 619927666
1 43974 40447 900475157
1 29582 10401 553135380
2 50274
2 97717
2 5321
1 67877 36607 723406887
2 30814
1 85429 39741 126940854
2 88861
2 17805
2 34051
2 68296
2 73837
2 64137
1 60863 61331 602985577
1 34010 48807 717485124
2 871
1 97083 34834 778905065
2 20517
2 88555
1 57366 82534 521035191
1 83548 31685 60056186
1 22504 3302 340656806
2 75138
1 90876 15885 805564163
1 91601 64092 574397783
2 16701
1 89077 74675 143703161
1 53497 860 292890404
2 59809
1 33645 58425 847788705
1 21220 86642 251741231
2 46908
2 78146
2 11919
1 50047 78721 284017110
2 49042
1 42308 92704 77033721
2 73902
1 73874 46057 451291870
2 94658
2 60731
1 914 82517 783184783
2 36110
1 12387 84411 779012252
2 59034
1 18597 63521 500196261
2 39600
2 87338
1 53305 32540 595807172
1 3481 67344 23548279
1 33068 30848 976927582
1 47159 28969 595165545
2 59202
2 78518
2 22521
2 39836
2 15977
1 11101 19298 382863537
1 53489 22554 609066557
1 29516 72214 438505263
1 70757 95779 303445070
1 39002 65438 224814460
1 58571 33367 652561995
1 57922 70763 208989838
1 59947 35971 552630860
2 81854
1 91344 32258 170702862
1 27199 46549 731451581
2 86245
2 28523
2 58813
1 39739 99496 759635118
2 64256
2 65263
1 67738 94614 557677159
2 47597
1 48870 53825 880959283
2 79446
1 47607 70510 305174670
2 29227
1 80454 35460 698262260
1 82851 68061 816696711
2 69742
1 83750 59284 410309611
1 24228 63988 436026208
1 25475 33070 406220878
1 88725 54953 170427900
2 3859
1 90410 39084 781036824
1 1253 38111 192719554
1 50929 70304 465079671
1 4588 66203 287943744
2 48607
2 4549
2 20604
2 97538
1 17582 99656 274343982
2 78186
2 93028
2 27033
1 63283 6586 119300455
1 38751 84306 885921929
1 67922 79122 34019720
2 2738
1 75856 91144 134095841
2 57642
2 17084
1 19507 22882 481246714
1 24522 67998 31184552
1 58653 82920 146388662
1 32648 65715 5537792
1 37397 92092 242053550
2 5906
1 24879 59906 664959654
2 68274
2 48435
2 3041
1 44714 80070 866585822
1 47155 28241 440884139
1 15918 75448 454683633
2 89003
1 70610 58751 442966641
2 11857
1 72803 66552 54166777
2 51430
2 52022
2 29099
1 99574 21698 934757396
1 33031 38794 528538271
1 15349 89910 409046206
2 10153
1 25892 30458 525488392
1 98398 46392 190678233
1 41187 76461 290437171
2 39721
2 61698
2 48649
2 52157
1 45909 1934 887852569
1 89474 50946 460098788
2 2960
2 36038
1 51329 71638 206513868
1 84597 16033 59486977
2 50381
1 66195 75406 229497605
1 5064 42518 95033923
2 85677
2 46236
2 23717
1 32495 44521 474254861
1 72858 96033 489071254
2 1435
2 54868
1 97144 2174 391315716
1 94321 29926 107927079
2 83806
2 94796
2 40139
2 93911
2 82527
2 28050
2 92603
2 72247
1 81362 49147 419700737
2 92434
1 10984 52606 884299653
2 18833
2 69905
2 10498
1 69549 69209 920006350
1 43420 65571 204159720
1 21029 99366 880760669
1 34979 81759 717580137
1 93356 93228 621422155
2 47698
2 80376
1 77682 55526 175544406
2 21412
1 87145 31578 858264586
2 29773
2 97883
2 87691
2 47651
1 81313 83989 659798897
1 28957 37575 871610691
1 51743 26874 315036471
1 91560 51873 805230463
1 34843 50070 299739649
2 35548
1 23561 24369 733153275
1 61359 64831 778532701
2 28395
1 72650 8007 449589869
2 12139
1 38659 52875 515384760
2 77024
1 45662 71630 368407239
2 38873
1 37603 44614 379006789
1 79553 21418 75300774
1 41090 7027 784639195
1 51657 76257 299035143
1 72381 58296 732364474
2 66580
1 18023 73996 15313443
2 85272
1 93012 76218 570820613
1 49284 11394 564746357
1 23606 40956 884272593
1 53080 26457 254492828
1 55945 23370 626231555
1 61695 20316 637986060
1 19441 57826 590445470
2 87187
1 17392 68730 916006600
1 4510 47645 638736055
2 46716
1 11106 48629 632639500
1 5088 2171 262407668
2 13510
2 38319
1 63898 86500 818786414
2 8598
2 1411
2 3806
1 250 44804 829495872
1 53304 3646 239908765
2 40669
2 34340
2 27926
2 8906
1 88788 17897 96233403
1 27620 4731 805119727
2 12877
2 495
2 4269
2 28216
1 39791 29390 402289476
2 58369
2 45578
2 54772
2 42247
2 51457
2 60214
2 31954
2 72175
1 62419 67749 145561263
1 61917 87852 423743270
1 40807 66221 300705849
2 88820
1 33390 44766 404073506
1 19599 32418 742383888
1 36835 79240 114357774
2 18849
1 18799 16818 11921683
2 3690
2 89741
1 30885 92387 39363953
2 56228
2 87739
1 87383 37830 72498969
1 65648 11918 840797508
2 13556
2 66032
1 36120 64327 252476703
1 27738 73485 388973682
1 96924 41130 21332918
1 51512 9094 30570752
1 12983 80626 560323183
1 2150 66601 699613189
2 61483
1 16601 71786 479249643
1 82196 55716 670161424
2 26239
1 32156 57927 579519398
1 4279 78821 535709333
1 96680 75905 545885712
2 46252
2 58186
2 50388
2 44679
1 83929 32492 436437243
1 87622 95724 715609899
1 78599 1237 433095265
2 68416
1 61808 2350 11093619
1 30415 28580 699475934
1 53981 51228 100565451
1 87931 78861 19818719
2 74280
1 86869 1117 698738170
1 78607 16523 662154825
2 23883
1 99785 92672 511467618
1 64196 10737 685286710
1 63589 88555 919512794
1 23748 63695 465310370
2 64699
1 26209 21754 166253591
2 53398
1 85817 52563 678876698
1 94679 56254 187148490
1 30543 72040 438665337
1 877 70878 906471085
2 70005
2 64783
1 40370 26894 948173405
1 4668 94729 756473202
1 75069 14326 903384037
2 38666
1 98914 95924 846056039
1 26847 53205 442884322
1 56553 49727 96117977
2 25172
2 4838
2 68064
2 40850
2 2419
2 12346
1 56998 39745 709532357
2 58158
1 76123 94637 327673512
1 22453 7323 744248672
2 33823
2 41086
2 48063
1 39680 53280 213482967
2 20766
2 89315
1 4590 98735 306462672
1 5188 84446 628058967
1 46392 98750 958860308
1 40437 70723 217793294
1 91939 70147 273297567
2 84865
2 32754
2 48970
2 39929
1 16291 7308 775730343
1 87108 34036 873320265
1 25947 54713 405130051
2 36569
2 13908
1 72105 36907 690839791
1 58947 17060 383685662
1 72011 89989 492569267
2 41632
1 33510 49296 255764981
1 71844 149 178279042
1 22511 38126 152802508
1 80660 4594 397699159
2 30665
1 79284 56547 256593154
2 1760
1 66887 93130 195973949
1 11613 36550 445358660
1 59428 61188 428440190
1 6648 60643 122461234
2 67745
1 51121 2714 34857648
1 59082 62601 25000253
1 60181 25907 345064623
2 34220
2 38815
2 63527
1 18288 91680 956464200
1 20490 18092 685118198
1 88166 62150 364363339
2 48275
2 31984
1 13054 77773 543288297
1 38733 84860 561257086
2 18282
2 70506
2 32993
2 22121
2 57878
1 33987 32588 936656547
1 57128 98744 989447740
1 21345 99137 125572095
1 84905 71858 745465096
2 98552
1 88511 75923 876324862
2 98813
2 66339
2 88573
1 73704 97058 152458480
1 3576 66779 133596635
1 66666 54987 26877523
1 1088 70928 620456250
1 45100 65156 944064984
2 78513
2 53847
2 55084
2 30548
2 91808
2 32176
2 14235
2 83961
1 90057 44902 961077325
1 84500 87351 884802887
1 29669 93808 782431693
2 38432
1 88701 42583 729020830
1 39775 25705 469545391
2 55127
2 74687
2 92481
2 5083
1 49963 60719 638245078
1 33294 76116 709447676
1 51787 20580 113032251
1 34701 3481 79354384
1 11229 16295 217195052
1 42538 43117 984339659
2 83518
2 82111
2 11693
1 65580 44323 978661008
2 42313
1 99682 78851 871440062
1 5457 51636 550477023
1 89282 2538 654750863
2 70278
1 88620 31791 408924183
2 97298
2 45238
1 6436 34451 475106856
2 77539
1 82369 53000 926194952
1 40227 77662 983026820
2 88521
1 96062 34784 657165890
1 68075 55879 397593551
2 10691
2 75165
2 59868
2 41144
2 92066
2 6147
2 76392
2 73526
1 35525 72595 744575011
2 22642
2 69123
1 52970 77829 495775318
1 16288 60397 301085849
2 90463
2 35299
1 12019 6079 813225847
2 1731
1 72547 9641 126334174
2 19732
1 92504 56653 662192562
1 68291 67148 95940021
2 54357
1 15916 57551 432407900
2 48096
1 65076 11194 564118271
2 74214
1 84909 8752 110750758
2 47673
2 82065
1 27613 98204 606737691
1 67370 34091 118621579
2 84450
2 58740
2 82472
1 49872 92498 737221870
2 44708
2 21994
1 15638 81848 111078207
1 84784 4594 773432355
2 86327
1 15760 67395 276760298
1 85857 9848 27324874
2 88510
1 1937 58882 359065859
2 68223
1 93839 44009 495164427
2 93495
1 58493 64989 972150786
2 47897
1 84552 19292 585713847
1 68460 98968 580267912
2 8390
1 52296 52049 186225516
2 57783
1 74335 98870 112594936
1 38682 61066 500837451
2 29094
1 65693 39605 942086748
2 7818
1 11060 16927 605597457
2 16734
2 14399
2 57267
2 35898
2 79053
2 55308
1 46666 11554 864816544
2 32396
2 75303
2 67494
1 68351 77493 335484819
1 80112 10999 715139703
1 55085 82909 600259602
2 90686
1 82414 33235 343246726
2 71091
1 84407 69424 81176248
1 53257 85495 694702882
2 66021
2 45694
2 65897
1 5616 38352 778407404
2 42848
1 7978 83132 334042608
1 6539 71546 381409288
2 71257
2 30493
1 90041 34468 500541407
2 76254
1 1850 32376 664248
2 879
1 40979 54297 611942583
2 57948
1 32914 79902 816624408
2 20644
2 61435
2 64400
2 8127
1 73853 95277 45958166
2 98936
2 5772
2 27626
2 97665
1 74023 97197 486816992
1 85725 35722 533285215
2 36039
2 45390
1 63414 13955 869873049
1 47137 18398 496602731
2 81268
2 53473
2 10248
2 39237
1 58764 77636 643798521
2 74816
1 79325 45484 681120598
1 80534 70927 66126324
2 53405
2 53708
2 57241
2 77778
1 75987 28117 135020923
1 21379 16612 800913469
1 18612 71110 215975305
2 45579
1 35157 85416 516460705
2 66232
1 87526 59566 331900372
1 71083 58563 824612823
1 45418 62164 914838528
2 67231
1 14341 83140 160470496
1 98099 75612 283428062
1 99202 70112 986871762
2 5265
1 28502 31036 707170757
2 45532
1 72851 23329 138441143
1 1660 69624 616714566
1 732 57475 320604545
2 31511
2 72885
2 72133
1 20367 76200 127448448
1 39876 25958 173786726
2 383
2 81268
2 28582
2 33766
2 37445
2 46658
2 22421
2 69893
2 29900
1 8342 74560 82778618
1 763 79800 785854730
2 63440
1 44958 43888 959473307
2 31727
1 96728 59726 183780700
2 12414
2 8394
1 43169 82087 333594610
2 80876
2 10475
2 64250
1 77180 5151 94238261
1 65232 95167 267378575
1 74918 40774 808946325
2 15172
1 32068 22390 396325048
2 40459
2 70236
1 30881 36882 839388329
1 74748 49489 853840387
1 20613 97824 828178963
2 13837
2 55280
1 6904 88449 735057358
2 89289
1 82505 15335 442652520
1 61011 10427 361331469
2 61115
1 77962 51736 836325887
2 81367
1 70611 6280 449163791
2 23636
1 42740 52472 451313793
1 28292 84541 992141009
1 71955 67709 548565959
2 23445
1 37203 34731 447145386
1 52733 92751 767331801
1 92219 7646 828926634
1 71191 73624 680147105
1 39057 76678 327633176
2 31943
2 84718
1 31378 6161 262237208
2 6982
2 95910
2 49257
2 72149
1 80535 49996 783679062
2 35310
1 85382 38190 397666589
2 21589
2 96469
1 6845 21805 495831883
1 32358 65579 151541123
2 5978
2 54799
2 91484
1 52907 73347 566561529
1 45747 74993 141660833
1 67004 60368 311002356
1 63799 76993 466078376
1 72410 19632 734049941
2 77148
1 5160 57942 723000581
2 94892
2 59383
2 81253
2 60320
2 12952
2 11921
2 22226
2 33400
1 54764 36797 650975312
1 12108 67104 173830558
2 27862
2 38028
2 13004
2 69406
1 24449 40857 310231257
2 30647
2 98842
1 44157 58718 593930066
1 1092 92864 756107465
1 72194 54411 598851900
2 88667
1 61171 41226 782327845
2 46941
1 30434 11111 345334104
1 99772 10786 480228120
2 75336
2 74939
2 55006
2 94991
2 75549
1 86760 14719 992928713
2 84079
2 41456
2 82308
1 75782 56705 392700368
1 86224 88969 182813926
2 35482
2 66533
2 84152
2 79603
1 63423 3654 735329679
2 84611
1 97976 405 126576612
2 4999
2 90157
1 24798 97298 984623461
1 14626 28046 337515677
1 95365 63555 141615871
2 36665
1 25149 47391 774610623
1 96040 48611 408204703
1 82678 23713 967857782
2 70540
2 16240
1 23370 49927 896625215
1 133 18607 8629502
1 20425 31063 97811002
1 98870 17486 216628528
1 95455 59247 8410855
1 49872 89826 860596264
1 20515 38956 252691335
2 65943
2 8556
2 31119
2 16159
1 66092 22230 802832042
2 69142
2 23512
1 36077 8305 913320018
2 33680
2 16545
1 46348 26752 331457513
2 74301
2 93354
1 82246 46487 13278092
1 92510 1230 481580615
2 76332
2 57309
1 65438 70436 109539000
2 76049
2 86533
2 50342
2 82601
2 61564
2 10857
2 54537
2 65814
2 85609
2 19691
1 11009 58224 521076833
2 95313
2 81119
1 13423 9004 148502840
2 61771
2 93274
2 37429
1 34845 16462 140740172
2 43392
2 44423
1 57903 17676 4024270
1 44287 1898 4180411
1 31375 80529 534571500
2 32778
1 70624 99335 580674874
2 15646
1 38500 87172 266942891
2 82975
2 82244
2 32678
2 33716
2 53668
2 24246
1 88253 97490 460078186
1 41245 90511 940623313
1 59201 94103 113901217
1 25774 38561 438430405
1 16068 87281 801114080
1 47229 62794 875919461
1 52678 98139 913248703
2 45074
2 75485
2 48861
1 18222 66105 347042677
2 60757
2 23612
2 83434
2 45415
1 73264 94610 618136277
1 11278 64424 658711974
2 15796
1 8795 33527 280777250
1 88818 24962 596486770
1 63798 76408 824706186
1 28625 79915 470835735
1 32232 75840 740981176
2 17477
1 65705 23074 841804390
1 29211 32528 617086146
2 28717
1 47346 51689 284079049
1 66299 61510 634195505
1 45711 32128 104221875
1 92614 25961 523793598
1 84876 23187 915588560
2 27397
2 12814
2 92411
1 73052 45827 673853917
1 28730 75119 738489971
2 15705
2 98927
2 74846
1 70844 63159 851822466
1 69440 78730 539523951
2 74692
2 55002
1 82167 78692 86525034
2 93352
2 8473
2 39757
1 98620 6235 901736023
1 42839 53934 156963321
1 49921 80109 348361020
1 45325 51353 317997420
1 11436 54383 268690401
1 18449 20946 808552617
1 79927 33835 124325853
2 34337
1 58236 90211 879388080
1 57971 34124 923404137
2 86807
1 7602 73854 327260903
2 94043
1 59145 34745 327660115
1 38890 57902 497116830
1 4819 48 377804727
2 59033
2 45708
2 70784
2 34723
2 36056
2 68245
1 35636 44983 185047556
1 60188 45858 69633501
2 52042
1 81453 17601 278128867
1 42256 31075 888723389
2 91609
2 26363
1 35044 28343 186283182
2 94473
1 49315 18119 327228814
2 23846
2 52503
1 55291 24751 494135123
2 61112
2 87612
2 98156
2 97641
1 95162 11213 704134190
1 19292 33335 585849602
2 60911
1 72835 90417 687594782
2 95041
1 31913 41208 909459283
2 38579
1 9776 56059 178943274
2 24133
1 99325 54110 286079945
1 99318 7975 656915695
1 61777 42214 931415102
1 82722 45286 892888031
1 42341 97138 23790846
1 9800 85252 550679644
2 63745
2 27544
1 27103 40350 780524708
1 67047 97461 38850294
1 23528 96346 169036345
2 79959
1 10731 90479 159374691
2 2211
2 41725
1 94812 29327 187025027
1 35702 63870 797058269
1 9020 33059 611971251
1 62309 13665 400094286
1 68705 81361 500511466
1 31423 22343 971137313
1 46218 40166 687609495
1 84490 9253 458165328
1 92953 84855 417352803
1 28627 72738 716165984
2 20396
2 36845
2 61439
1 17902 74085 879377266
1 93686 96460 708941257
2 25743
2 19989
2 90689
2 80156
1 61868 41537 228313868
2 41458
2 32022
2 61369
1 46974 1070 795791556
1 80682 94246 735889311
2 57164
1 58486 95652 504772390
2 78153
2 38485
2 71084
2 66567
2 62249
1 24625 83585 306553460
2 90956
2 90640
2 97177
2 98770
1 97385 59871 8613370
2 78534
2 16163
1 12300 81187 212269279
2 85804
1 99967 14078 67009189
2 72812
1 90247 69330 311676195
2 96682
1 39785 80086 703734623
1 87369 69114 611562574
2 57552
2 88147
2 92189
1 70816 36942 791124617
2 96812
2 75148
1 41492 42125 812721829
1 43298 45452 512694414
1 46252 1325 356773928
1 1339 67228 539143158
1 59920 32008 930768100
2 64379
1 99222 542 199538872
2 20998
2 81143
2 14080
2 2523
1 86596 99761 272304461
2 46517
2 76126
1 86277 75376 994890069
2 98651
2 28108
2 40847
1 6640 79470 64396086
1 53627 56653 544268849
2 15219
2 99190
2 90292
1 33157 50183 32424185
1 94064 46976 568495034
2 25117
1 73427 92400 977173954
2 81634
2 66010
1 56653 65544 836991488
1 90643 40758 62379542
2 40362
2 99056
1 23663 89081 123367295
1 19502 4000 278698454
1 94873 19003 534917561
2 99964
1 53145 48902 557601978
1 4230 16618 748501291
2 82553
2 78350
2 95057
2 30893
1 57003 60731 543903215
1 77670 66147 99310912
1 23798 51592 959173249
2 58079
1 77483 15275 639289895
2 32837
2 27814
1 32923 63397 619768122
2 52582
1 1128 10739 286946582
1 54469 20263 708356806
1 7945 21381 273427492
2 75266
1 31641 85631 189739636
1 60578 94426 800136745
1 28948 12311 902044549
1 28663 56824 534499919
2 10070
2 41952
2 32171
2 24853
1 75975 43338 694743668
2 66996
2 44622
2 90497
2 72993
1 16679 67659 77747880
1 42129 72861 781212054
1 30021 34224 965200323
2 56475
1 27642 37452 817131928
2 25850
1 27989 57057 908625777
1 40373 15962 366355566
1 65005 7012 741190610
2 55811
1 44918 6518 101100655
1 39390 98122 421442113
1 28601 16019 501140122
1 40919 90389 979293153
2 74548
2 16326
1 39779 98730 449248584
2 18856
2 83209
2 80083
2 27151
2 16502
1 94775 35955 624292766
2 48735
1 82519 86081 282610690
2 42242
1 35523 41938 832180997
2 24138
1 11247 42276 896238284
1 44409 41298 386609647
1 60300 2262 820733377
1 21898 21325 172067899
1 82911 91261 829970240
2 17724
1 91708 10510 980626998
2 30148
2 54838
1 78228 91085 367107205
2 87044
2 347
2 40256
1 51662 96503 169540958
2 93572
1 33689 75192 807969069
1 92721 21181 997244278
2 74292
1 62984 2866 506997509
1 78918 30177 347841205
1 1868 6634 219827417
1 95884 30842 104266760
2 89754
1 56775 46428 291118686
1 1041 52052 591886802
1 4123 63398 7807103
2 83729
1 15244 61133 845474599
1 86538 40087 644775485
2 48645
1 95681 51144 219870062
1 710 87908 551745945
1 24587 37146 806209583
2 43046
1 54730 30077 307227940
1 31115 43590 257465826
1 8241 9821 268282468
1 41892 8966 266729790
1 7421 2651 678482808
2 70730
1 65754 39375 75327395
1 66585 7466 767737211
2 11426
1 43972 20166 67442187
2 31954
1 88052 10155 462266754
1 89348 63969 987697225
2 92744
2 14409
1 31521 65539 114326544
1 36888 89429 897945519
2 81881
2 43404
1 38401 76104 732569159
2 52750
2 84048
1 12131 49930 496594597
1 27771 30815 870014869
1 40602 1076 555987076
2 40225
1 51922 68621 988919664
2 27621
2 21841
1 1018 97810 517457446
1 75418 15202 928404725
1 39436 14194 306099404
2 78420
1 55042 36092 665301537
1 94378 51754 783856788
1 81648 41640 58561343
2 67676
1 89496 94042 581228888
2 21021
1 36119 61279 343474442
1 96990 43307 427830735
1 54921 35614 415313946
1 17926 25745 209673519
1 46596 24243 644551230
1 28597 38383 355872708
1 23504 39056 371198062
2 42799
1 63345 59277 138095358
2 76232
1 49425 97546 847966
2 43191
1 39587 92808 268700256
1 56842 71307 469769221
1 50779 465 829637839
1 10102 87201 278211198
1 2573 96305 90976470
1 75836 91967 762105352
1 96169 69417 963821567
2 40853
1 77306 89615 894454669
1 53004 80934 561716513
2 73834
2 7437
2 87938
1 57553 71344 32026579
2 40086
2 49188
2 89746
1 95900 75872 486541501
2 31926
2 5572
2 13217
1 4995 86737 735047495
2 60838
2 24379
2 44995
1 11806 10537 81206857
1 7970 9892 731689870
2 81280
2 58006
2 39939
2 59513
1 74391 72039 231234180
2 54638
2 12726
1 23979 63689 97399476
1 37456 77724 93512415
2 3279
1 15378 50554 443268652
1 60879 77984 757782118
1 51256 97532 613012471
1 58827 24125 651220476
1 68417 39329 685438231
1 36051 58734 963635587
2 13976
2 42800
2 69917
2 42869
1 86821 98818 125789176
2 92387
1 72153 32946 549352820
1 71922 38902 402619675
2 235
1 82636 60238 745531283
1 43503 60447 340034771
2 95339
2 69313
2 50511
1 46828 61201 415926604
2 85795
2 39376
2 53682
2 98341
1 8586 84185 159027876
2 82205
2 34562
1 59607 58974 395590635
1 85432 66472 893863422
1 77313 51735 121060377
2 18007
1 13259 88872 517288353
2 64740
1 46293 3490 899840533
1 42484 54971 543997710
1 30520 78146 536566230
1 95472 70554 123401608
2 1312
1 56538 87922 874793697
2 71668
2 60709
2 6349
2 97057
1 96249 60912 612035577
1 1038 36002 779850449
2 17755
1 12391 62618 133718618
2 10333
2 4774
2 18855
2 12656
1 69362 13807 163751583
1 29910 40189 162856709
1 9697 35507 235760497
1 647 62094 90465583
2 6927
1 39686 9952 735182421
1 93815 50291 845629048
2 33864
2 75448
1 65687 99456 26953079
2 17006
1 16930 24143 529303483
2 67609
2 25814
2 77531
1 88134 48530 442161173
1 96167 88016 101536423
2 29822
2 21183
1 43424 54299 698615153
1 87738 15350 407225165
2 40932
2 37488
1 42000 59126 498259900
2 84017
2 26099
2 49746
2 47230
1 2412 19458 141825017
2 78310
2 46721
2 15573
2 85963
2 15322
1 9026 23517 528602721
1 72072 75765 200890919
1 3671 37172 400967488
2 90075
2 40995
2 82534
1 27703 60531 40794321
2 9600
2 87045
2 88158
1 75039 93564 682507504
2 47772
2 52313
2 13353
2 10075
2 74079
2 9402
1 69258 19353 52284684
1 54705 35025 897874834
1 40318 91023 997858491
1 98110 44590 232230445
1 10675 98330 111343765
1 75078 95283 753193935
2 10826
2 48072
2 33511
2 62635
1 77140 40727 439948649
2 23951
2 84062
2 48169
2 20049
2 99853
1 47402 66455 364962679
1 25038 92772 27743561
2 51372
1 49656 96536 592849794
1 66845 4623 180908272
1 470 90204 854737601
1 85867 23775 377892660
2 92815
1 86981 98246 774438358
2 12950
2 60878
2 97413
1 61760 80277 383748000
2 62365
2 26578
1 88854 89745 964617250
1 98134 21969 434293680
2 94694
1 24753 48272 420048202
1 3098 11572 972996762
1 10348 38710 904851303
1 25087 11176 540971275
1 95009 9761 720227063
1 23372 80708 434317024
2 24179
2 81438
2 95863
1 30930 93062 623053374
2 78586
2 24209
1 93603 25817 689415942
2 85016
2 35950
1 50419 12283 173754780
2 90023
1 39586 155 284398927
2 1749
2 82245
2 28180
1 61624 44919 290314677
1 75160 96224 881672238
1 72222 17808 877419981
1 39736 67504 967306512
1 91752 73665 571343151
2 94213
1 98213 72561 548788123
2 78475
2 81668
2 37916
1 72504 86772 201041014
2 90205
1 95678 28966 384113557
1 60086 95777 383518695
1 84756 15784 494478079
1 75460 34653 727472457
2 72863
2 19627
1 67025 64276 552976560
1 89541 85615 187309625
2 33999
2 72467
1 95041 39870 515984885
2 96742
1 99530 58944 625394574
1 41575 9193 262909106
2 8093
2 48309
1 1184 69471 148721637
2 78789
1 20488 79964 472517739
1 84778 54437 452238530
1 51046 36751 566322667
2 4431
2 57235
2 89404
1 8476 13204 785422103
2 94856
2 44309
1 78640 46025 323566871
1 30281 57204 722284223
2 88074
1 42251 20139 36399680
1 74365 14160 759850056
1 82684 8483 792318232
1 64605 44848 808661705
2 28089
1 24881 80562 9980429
2 93724
2 65358
2 69579
2 53908
2 39446
2 20347
2 11198
2 87973
1 52435 57834 670157578
1 77436 14271 324558005
1 72854 12212 721700217
1 46374 86119 16956534
1 72930 50533 275849147
1 6323 28913 916247833
1 45029 48468 334579459
2 32236
1 37622 7285 476976743
2 76933
2 83067
2 68809
1 85804 25342 201202716
2 83309
2 37483
1 62036 10544 167647508
2 6993
1 99510 83596 689334635
2 71421
1 16887 78313 603329041
2 59429
2 83519
1 53591 8158 722229313
1 11341 38621 101720772
2 19632
1 75265 14523 566247172
1 67983 61039 272656205
1 15656 55328 872309077
2 72713
1 35959 48656 281426972
2 93598
2 26370
2 33104
1 95839 46571 783409025
1 86469 66452 175441544
1 56547 18470 260307845
2 31711
1 71054 33766 948769878
1 14199 10544 262619310
2 17387
1 52831 13471 908410696
2 55588
1 60035 40586 119643219
2 84582
1 39162 23635 145083078
2 55013
2 74723
1 39480 66400 749533979
1 28779 57267 960933749
2 96952
2 88497
2 82579
1 66048 89397 628738951
2 82553
1 11589 23371 289327049
2 88181
2 49605
1 49454 89139 879548981
2 36959
1 42213 42869 630696472
1 86814 8368 640730772
2 76788
1 18342 24446 143292105
1 33109 95253 175555586
2 97942
1 22112 80171 31120812
1 8490 5743 137633386
1 32782 28510 259656596
2 5244
2 1948
2 94665
2 2218
2 93510
1 82848 50886 401969960
2 71754
1 51430 44433 580864339
1 85762 57361 946287475
1 96289 64676 715309015
1 43796 52709 581244200
2 18510
1 17161 44563 794132014
2 54989
2 52403
2 72015
1 96434 53107 44051583
2 67022
2 18152
1 92465 2569 428812784
1 71876 94011 142906248
2 37498
1 77928 33697 399611569
1 84653 16126 939136494
1 25341 69556 973946241
2 79671
1 34508 13861 774667983
1 62268 57740 847063676
1 2732 93702 923678949
2 62105
2 14082
1 78124 8469 342300984
2 70595
1 91851 21794 536810982
1 61983 87143 910909026
1 693 92930 90885340
1 26546 98609 302958983
1 69325 8015 845289694
2 76518
1 32589 58770 80002511
1 80807 64236 139116454
1 46581 65381 746156403
2 96194
2 8853
1 60651 11699 227947071
1 86664 18187 90385477
2 41981
1 74716 34284 682409398
2 15667
1 41915 67128 230403234
1 74632 23455 90943629
2 46357
1 56429 65015 49381865
2 18804
1 58254 12222 121175732
1 57198 46178 423958544
1 2663 92415 651452770
1 34729 20496 601215871
1 41249 93577 116662709
1 59488 82231 659681762
2 39511
2 7887
2 35086
1 54785 35071 525117381
1 71795 73242 480531103
2 68509
1 41449 33145 137604029
1 28783 70801 299063899
1 89745 57585 940830209
2 35845
1 13329 31126 238332280
1 32568 1125 259134121
1 16485 88644 932693151
1 75501 27106 373375964
1 99392 83020 606306299
1 97283 44170 704753960
1 16286 52014 83817756
1 27543 47240 50756044
1 21220 69568 632398819
1 68817 36971 679917282
1 59392 1253 299119814
1 47276 66727 884091825
2 77504
2 31001
1 29212 78391 382312444
2 84291
1 69997 28862 713277219
1 26520 343 773120607
1 47877 50853 419982446
2 75575
2 13609
2 42764
2 5963
1 70112 34566 667540862
1 284 98454 842110979
2 84914
2 87150
1 24129 97070 522280947
1 79284 89755 400522848
2 89325
1 8352 64094 301569586
2 32918
2 55365
2 67725
1 3714 84561 288750616
1 18971 80488 196141118
2 29045
2 63652
2 59024
1 55606 64331 700588098
2 87371
2 31739
1 67531 58799 391494658
2 11991
2 64066
1 77343 67073 436702708
1 36501 78949 336589889
2 44190
2 50674
1 25829 56616 209282387
1 13335 58707 822246291
2 26324
1 64744 85764 551127200
2 79359
2 11290
2 29600
2 96534
2 59389
1 20025 86885 893493893
2 38248
2 78986
1 11949 76419 108073061
2 15820
2 88604
2 63232
2 31931
1 7317 79027 701654157
1 44883 20104 446369543
1 85803 71623 287374530
2 77199
2 34342
2 96874
2 95243
2 18983
1 14302 85587 947113100
2 88923
1 17092 62203 774838245
1 43763 9019 389560646
2 80520
1 34681 99011 313111510
1 45586 19489 716856784
2 15702
1 27733 21672 562421303
1 28056 75657 224080893
1 9562 73207 935381483
1 64206 13401 898582060
1 2934 18586 98651929
2 25877
1 5912 42818 931800161
1 70425 96265 572487817
1 69738 72988 998058826
2 99589
2 18989
2 95631
1 4350 44515 674578069
1 28994 76729 97414315
2 20076
1 88717 55178 22197614
2 15694
1 23801 51157 472743100
1 62757 48159 88230203
2 69000
1 293 15658 255411742
2 62670
1 62287 6989 378410086
1 19036 45569 473825683
2 59646
1 56556 86324 957143135
1 10671 79379 964575609
2 51131
1 52912 39614 516470368
1 10379 47083 814293472
1 90260 51788 413478652
1 50071 87524 201194810
2 60121
1 27939 85994 207760292
2 10724
1 72209 2235 637898602
2 30833
2 88435
2 47154
2 74663
1 42472 34109 504671418
2 45737
2 88493
1 39661 81119 138542135
2 78141
2 24510
2 73568
1 58422 65007 793147037
2 74137
2 18183
2 77148
2 43509
1 96142 73196 603192092
1 78347 5591 593231212
1 21699 40229 366608680
2 10795
2 54647
2 25421
1 50678 11063 927201929
2 18137
2 39046
1 96166 10775 522471142
1 39574 99142 476621882
1 19584 29517 800030134
2 85104
2 53497
2 49426
1 5870 77491 843501449
2 62506
2 78973
1 76859 41466 4395442
2 10152
1 60827 23669 43333366
2 29682
1 99156 64096 645509180
1 92272 55461 56421531
2 59842
1 4161 16133 127305956
1 42062 16211 265112890
2 27229
1 36067 36983 5473565
2 20328
2 38165
1 51530 73364 554012579
1 91424 61246 834022620
2 7792
1 71887 16985 602745473
1 42475 96281 541102314
2 1280
2 68254
1 28177 38955 375469108
1 92232 28580 121889428
1 11966 28462 58667159
1 49473 86108 2385779
1 47464 76571 40219978
1 11837 96679 569735791
2 36592
2 41934
1 88752 17820 701679480
1 32821 15875 207385536
2 35386
1 22472 38296 954435514
2 78823
2 40369
1 68331 74078 492925505
1 51158 26683 779202769
1 84127 64639 718469815
2 96291
2 73360
1 1128 51918 98540990
1 72875 45271 767059459
2 28692
2 80114
1 42920 67119 937610474
2 90160
1 96563 34905 429548195
2 36491
1 46897 27826 867909083
1 16502 81127 496273259
1 47572 81234 813825207
1 1811 83641 948106478
1 94909 86779 97046428
1 63901 95543 848952744
1 94584 90072 766748093
1 75946 38628 599992316
1 82269 60825 561725012
1 32042 75861 142570243
2 50546
2 23297
1 44072 70255 208788874
2 78815
1 15966 2163 57744367
2 8176
1 77051 60792 780776415
1 70224 85930 512239511
2 32065
1 1462 85454 601986882
1 16644 64002 782578271
2 73293
2 91156
1 29250 10656 553395702
2 47276
2 94429
2 51389
2 4817
2 32204
1 10024 40571 391771290
2 34502
2 61327
2 20662
2 66826
2 51741
1 1918 680 991678644
1 35021 45544 573254909
1 78439 74297 826437515
1 86980 90039 187584284
1 62434 32731 484382079
1 25684 68962 749252923
2 8553
1 58170 98843 497980094
2 38927
2 63037
2 79112
2 62348
2 98148
1 65797 1107 911219328
2 61007
2 90635
1 69038 76051 43650836
1 50127 67508 268986384
2 97332
1 27673 61420 795150920
1 86301 30659 822751389
2 4986
2 86761
1 15172 65514 139859372
2 28121
2 47380
1 99038 93295 200259157
2 65194
2 20378
2 12348
1 167 16471 256427032
2 86265
1 64445 78876 707005755
1 44139 78666 747735395
1 3613 17388 489365696
2 43313
1 37168 14898 850155643
1 87469 88446 461811310
2 82751
1 43342 55811 135606054
1 42235 67434 886187483
2 75824
1 48131 86885 368766319
2 86492
2 42074
1 41167 35753 433110352
2 47066
2 80745
2 12326
2 67914
1 65169 25981 953501999
1 77388 35224 652368694
2 23177
2 7715
1 138 17148 320703947
2 39047
1 95310 28037 606141683
1 90556 8726 614745147
2 29983
2 58450
1 68269 95239 315702305
2 73233
1 91276 70102 405617234
2 79768
2 90756
2 43468
1 46054 25100 602505615
2 71806
1 57533 41781 79089404
2 22948
2 64877
1 94367 63877 930802644
2 99669
1 89650 54890 940858813
1 3154 54112 119019409
1 18505 76592 747337872
1 80146 28705 208257259
1 24762 87932 641584746
2 64642
2 13929
2 69467
1 99072 78772 888014323
1 85683 57690 66118345
2 99384
2 31853
2 60650
1 54707 15725 370307375
1 27603 95940 145690215
2 49320
1 95813 36541 874327881
1 19 78871 779725103
1 20189 75938 327169772
1 77906 48132 899289678
2 70269
1 87919 16392 479050836
1 68419 12279 703094318
1 32451 14633 343022496
1 75785 58013 351185605
2 63805
2 92488
2 10111
2 47897
1 57363 23888 407574529
2 3627
1 12927 94500 192146610
1 58318 65372 245637795
1 90348 20131 350898209
2 38530
1 93057 72230 761793886
1 29387 52773 99177277
1 72499 68778 60841747
1 85063 96784 752124927
1 71145 29564 494125287
1 3830 61643 518134315
1 8126 79825 428766401
1 1267 22075 110872541
2 7544
2 38720
2 12787
2 449
1 92311 11504 440666435
1 23136 86683 347174449
1 45550 59790 298615874
2 85986
1 8916 94152 406885015
2 87054
2 99497
1 42364 40002 106015788
1 14099 6625 656101937
1 93651 67612 790072325
1 66014 63369 126875082
2 71634
2 28501
1 48273 39229 149374481
1 24867 53797 614945358
1 61902 46006 860437761
1 21829 58814 287402985
2 66467
1 17838 98429 397782321
2 9011
2 88341
1 31390 43624 603147444
1 99498 43377 287782397
1 56493 27602 722836304
2 35896
2 16062
1 56415 81532 304927881
1 20358 11290 134385577
1 60762 56810 663516590
2 34517
2 5195
2 51845
2 16255
2 17991
1 71461 27612 863984723
2 19112
2 2470
1 83281 75344 189647943
2 60530
1 54400 17378 250024300
2 24475
1 38297 1097 630611898
1 78995 49648 997302194
2 38022
1 9181 14848 743399466
2 25432
1 57903 24215 258501996
2 79510
2 55761
2 80164
2 37980
2 99678
2 92721
1 25855 12565 294239774
1 72393 51803 226457524
2 41881
2 2002
1 17122 77782 803595379
1 50143 89451 877748571
1 45814 22907 54572042
1 60769 24138 944721067
1 40611 6559 450872862
2 75892
2 23540
2 48334
2 48141
1 60041 22328 414972269
2 88381
1 78752 19262 744146591
1 45855 7819 763458577
1 41258 92601 761073160
1 78800 15134 60002832
1 70558 85490 781938867
1 29629 34968 851216490
2 88267
1 86101 62197 945561585
1 87062 21401 472744812
2 63450
2 86376
1 36910 53158 58112351
1 65096 47432 564712551
1 43548 79840 360896316
2 8900
2 24346
1 98199 53053 378684708
2 86645
1 51197 87473 806701612
1 20833 7135 215362166
1 16667 45515 109223079
2 84402
2 63783
2 82553
1 53670 58777 169584188
2 84705
2 48569
1 6166 10769 958962111
2 78776
2 64558
2 74012
1 54696 33398 543404384
2 23014
1 63255 8867 802823294
1 45721 45699 542570595
1 30464 81007 655957820
1 49215 78402 642822628
2 43371
1 58101 10298 496121533
1 58490 34608 387394694
2 32805
2 71514
2 2101
2 26186
1 37941 41427 663927005
2 9063
2 89753
2 4659
1 83737 79830 53992535
2 42121
2 53386
1 56827 84118 493867491
2 70747
2 29990
1 41675 73606 32372681
2 50880
1 31587 99532 323084087
1 31976 88025 332791564
2 94659
1 5108 89856 168353661
2 65235
1 9228 18851 863244240
2 28867
2 90249
1 52047 14267 221222374
1 67101 92347 727582177
1 71669 55819 618031630
1 59468 93954 54172772
2 31789
2 58421
2 76770
2 73470
2 74778
2 40497
1 66277 25282 393450727
1 41388 84485 660707992
2 11799
2 34095
1 75863 39167 473492761
1 92435 84043 661318960
2 65028
1 13870 78632 100326297
1 64355 88229 340481436
2 46852
2 70122
1 5673 81298 150840707
1 70909 31002 995554393
1 97613 22603 461413377
2 19848
1 774 53030 347689631
2 10677
1 33383 45668 525711418
2 96618
1 16792 4049 242420835
2 99745
1 24653 55120 320605510
2 64811
1 80527 22807 173378376
1 30294 4544 364764768
2 90316
2 6578
2 78284
2 87823
2 39242
1 93715 79760 453679962
1 91233 60215 294294073
1 77867 10754 535848552
2 29683
2 60448
2 88475
1 85215 75699 177051177
2 20715
1 2381 4059 734730145
2 1088
2 33716
1 82334 5933 49689549
1 75829 70652 294574600
2 71025
1 44732 91407 555848164
1 77986 39959 393774398
2 90602
1 49914 23412 899018736
2 32654
1 36579 33665 21588364
2 99534
2 14554
1 45898 35357 492563786
1 4120 96307 36157545
1 10219 31296 731051042
2 50675
1 62343 63612 227933722
1 23075 13680 594368135
1 16571 7125 668834641
2 27070
1 11747 19160 696869725
2 83662
1 62853 11395 549911466
2 80848
2 53962
1 17255 59869 669991129
2 54455
1 28315 19885 163919314
2 58006
1 35196 4250 587616708
1 41294 94363 953109743
1 858 33360 187733521
2 97245
1 50261 60205 74125055
1 40779 21072 650850901
2 78569
2 4035
1 22740 42270 93804510
2 98275
1 72806 52673 195606105
1 34778 11688 169487220
2 64190
2 75760
2 65552
1 19193 76602 894307506
2 68987
1 11179 94866 616048037
1 52421 70692 3725940
2 807
1 32395 99881 600890294
2 59366
2 2419
1 24810 69459 126503073
1 35484 23235 246940213
1 28162 656 592186660
1 83590 29853 56499037
2 37120
2 26948
2 14118
2 95283
1 35219 53427 101141974
1 81558 4305 926416369
1 25637 64023 730499668
2 77288
1 91029 60299 310936249
1 30776 14256 225175440
2 40999
2 63420
2 52643
2 69452
1 9466 82012 202199887
2 19307
1 29221 47409 272041294
2 49347
1 81881 46028 531379798
1 72221 43796 175123590
1 16722 48258 828422061
2 25074
1 53820 52159 329862649
2 96466
1 74584 22685 358624104
2 74162
1 72051 4526 106381628
1 55217 19866 9757461
2 76448
1 4083 13577 277634949
1 99971 92212 218761434
1 72254 61780 749715213
1 52511 66055 623811621
2 20272
2 22500
1 90082 96455 794907879
2 87148
2 77267
1 81534 96702 210926060
2 82717
1 31472 40572 531070731
1 46429 79113 504279838
2 41211
2 6319
1 48556 35120 231082944
1 8768 77228 189125558
1 69987 4776 998707087
1 20232 80509 452527977
1 17989 7736 458397185
1 46918 85312 779054058
1 86157 77833 172307459
2 68858
1 84438 53306 467791524
2 87907
2 41555
2 52828
1 20310 34547 415027971
2 84694
2 28830
2 55984
2 1284
1 26937 37640 367355915
2 59354
1 85979 95804 325465353
2 56016
2 57995
2 8994
2 75851
2 92645
1 35933 51613 267021827
1 37866 44881 908115084
2 48727
1 21490 37963 736141011
1 77167 38457 237632807
1 83198 88556 708929134
1 79860 24388 736646183
1 39655 47899 552320878
1 36624 41477 192441958
2 92769
2 16612
2 22152
1 2998 56043 134810411
2 93292
2 65094
2 6511
1 62030 17767 453274987
1 60864 85065 904806949
2 87987
2 81914
1 68667 40230 930475126
2 28577
2 33639
2 86387
2 92938
2 69037
2 62627
2 19576
1 92347 79189 701546055
2 64332
2 79842
2 13699
1 62028 7860 7139685
2 68523
1 40119 1400 753237012
1 16126 19146 284595533
2 13865
1 49086 15682 23705425
2 27722
2 47770
2 88394
2 41369
1 3164 6022 204353433
1 11899 70944 799018376
2 51445
1 58454 27323 130447406
2 20087
1 76321 73504 172475596
1 52172 88430 730969879
2 88929
2 78668
1 41672 30999 613917762
1 64456 68136 67627070
2 18866
2 49737
1 68674 270 146317147
1 38923 15258 591323088
2 69735
1 70568 68519 258251231
1 90742 9924 975826004
2 76723
2 93193
1 88179 82722 685800535
1 35027 30707 750555361
1 50155 2121 791464309
1 36234 92589 107554563
1 92902 64822 661473274
2 13933
2 39740
1 30657 23744 614871142
1 96934 48748 76262410
1 26409 82766 920278636
2 9950
2 16089
1 33373 5470 795856691
1 7653 69624 140298988
1 22115 32923 328132837
1 32461 20962 969909882
1 29406 57905 229057212
2 9744
1 30768 29834 923346649
1 23922 16739 749562400
2 86958
1 18525 73030 270226787
1 18090 34159 978455940
1 58259 18815 319143403
2 2798
2 98511
2 99871
2 39399
1 98455 5097 341352076
2 44061
2 55571
1 47672 15647 377635041
1 37859 89984 348867165
2 94355
1 48847 65762 924999086
1 91191 81879 95258032
1 29010 50153 776702338
1 12484 14244 843694952
1 45588 20709 186043665
1 79679 11689 154196573
1 28271 17682 994661926
1 53584 23447 169276015
1 43726 46140 26667579
2 95523
2 96004
1 38528 32840 584120266
1 16149 14644 193621666
1 98634 77074 997648953
1 72942 92362 156095602
1 75322 99268 810118170
2 78114
1 41514 55001 350541405
1 75231 32782 52679164
1 71040 45236 730354944
2 22278
2 87815
2 38666
2 389
2 49021
1 15504 61366 780886614
2 35500
1 49913 18804 26905432
1 26420 75410 367886801
1 61073 96636 492610342
2 24698
2 14620
1 1161 27093 501494342
1 3246 87946 754643335
1 74627 39858 492478039
1 96560 37855 844444264
1 26563 42485 111819891
2 57166
1 22948 3943 6635140
1 19615 73558 116216309
1 58406 93643 443020604
2 80698
1 93900 63662 278038431
1 3813 20610 994003992
2 81365
2 12291
1 83356 53663 761809943
1 86204 71123 471899813
1 10851 6978 816373516
1 23692 66262 740710688
1 40383 7768 120589070
1 48715 9698 211745990
2 35444
2 8859
1 86797 10587 936887724
1 2173 57220 574564260
2 57828
2 97333
1 98933 88628 95177375
1 64294 73123 154606377
1 94985 2118 428711256
2 65454
1 79763 8241 3779303
2 33218
2 42608
2 83263
2 6769
2 65050
2 54512
2 95444
2 73345
2 88966
1 59835 55301 560040208
1 81919 68862 144403141
2 65648
2 520
2 54321
1 53001 99862 495148751
2 44835
1 72315 33035 220946735
2 13416
1 51135 88998 25003410
2 76309
2 6052
1 83210 83595 445253559
2 96293
1 24037 71800 741639407
2 65916
2 72094
2 46621
2 93731
2 83481
1 10850 36687 583603375
1 99365 71454 942861454
1 86532 67961 569095397
1 91265 20473 354370084
2 16409
2 36598
2 28466
2 36248
2 85593
2 12313
2 28431
1 74447 99755 748822988
2 94817
1 30660 44946 864454050
1 8022 46426 22653916
1 30989 86042 586836313
1 59542 82926 951467833
2 25003
1 2526 29057 427225039
2 25217
1 29166 20140 951772196
2 64140
2 52063
2 4582
2 26002
1 18408 56904 230359609
2 87447
2 88232
1 36330 6264 689101935