659 494051674
2 27673
2 27663
2 65376
1 48804 33689 343856930
1 54542 31223 558931153
1 37108 65174 737565699
2 38962
2 64175
2 40240
1 25073 95935 202794401
1 71209 45186 178041903
1 71979 85087 229496325
2 56379
2 14405
1 12824 96367 941671030
1 17674 17502 651980567
1 64653 36631 555969437
2 2486
2 42798
1 71825 43044 65149925
1 1975 31500 751571997
1 12932 36919 715227580
2 59642
1 45771 70705 658336277
1 47351 7266 640449154
2 25174
1 92145 98655 920936337
2 49646
1 63835 76931 724093202
1 90717 58732 755826665
1 89433 44938 805725045
2 54467
1 33803 90506 99762681
1 87055 61707 766581699
1 3655 24804 228150528
1 22435 91412 601188467
1 60421 43235 649156336
1 82421 36363 780670546
1 73042 19502 463443068
2 74544
2 38377
2 88709
2 59283
2 32227
2 41460
1 12996 66494 809218832
2 83447
2 66673
1 73280 1317 388445945
2 50528
1 352 55916 885203779
2 22391
1 3432 72223 33451638
1 37739 81974 782034708
2 57464
2 90284
1 93854 86198 255098103
1 91903 10199 799811583
2 34452
2 47704
1 43682 96286 330603128
1 65225 77879 744250878
1 98013 71154 313976119
1 44958 24881 781803291
1 29193 28879 498142441
2 33921
1 41839 54751 728179789
2 57005
2 69573
2 10922
1 3161 7534 809516834
2 83147
1 96245 10331 277731600
2 71219
1 3952 8391 189834873
1 95745 98730 506979469
2 47926
1 96253 66399 71503838
1 15098 10000 915887543
1 26810 49895 6864381
2 4432
2 78580
1 59057 2232 708565178
2 80405
1 13845 75711 296119664
2 97143
1 41948 10810 634226604
2 15959
1 1114 69939 529247689
2 98790
2 91397
2 80298
1 1470 58338 886033312
2 33936
1 94225 9627 278737299
2 1399
1 176 4069 410653965
2 84161
1 79761 4434 637284083
1 70678 75476 928775592
1 7715 56956 75067566
1 56655 68228 955193542
1 66942 13132 259431284
2 35568
2 45969
1 42761 17074 317165128
2 56943
1 1834 25427 920432642
1 75272 20823 380510891
2 5896
2 88839
2 50510
2 37779
2 20796
1 16795 45950 35169634
2 50607
2 81318
2 49159
2 62260
1 91941 48174 336646104
2 35460
1 32714 89036 918448329
2 52374
1 5876 35019 306694483
1 90942 27467 11297019
2 20480
1 45318 34470 821405777
2 44281
2 84230
1 94190 88851 592364964
2 42486
2 32733
2 99033
2 43830
1 27009 18606 645971992
2 32455
2 38188
2 77933
2 17679
1 77761 14291 488227332
1 20884 10261 897556553
2 12238
1 94516 60430 382757453
1 93382 67866 714733866
1 97805 18082 804258292
2 99648
1 43999 93068 585996488
2 64543
1 46110 92563 76482560
1 98448 15807 258313663
1 75347 76429 793472363
2 21980
1 7436 79087 691382499
1 35735 99269 414188929
2 16818
1 39505 32384 548033301
2 98532
2 26785
1 50495 3200 975990129
2 88097
2 6883
1 70079 17768 904852091
2 18100
1 69194 59473 577899561
2 19242
2 8606
1 40485 18305 399336015
2 47527
2 50537
2 6575
2 66240
2 76437
2 58064
1 26417 94633 585442046
2 18308
2 86981
1 36509 8839 231428446
2 68520
1 79335 65143 696888745
1 75533 83413 675812421
1 57246 9237 301949426
1 920 58929 618820192
1 8020 88914 960408963
2 26397
2 60204
2 41283
2 90276
1 24520 67594 32655919
1 341 36257 8465335
1 44175 38126 33688887
2 44070
2 30827
2 26804
1 31931 79094 112465223
2 34755
1 76977 5877 834188139
2 44889
1 88650 62695 153621935
2 1341
2 13544
1 26929 21993 527959393
1 95986 80187 844362971
2 27303
2 97136
1 10009 59487 594118588
2 69742
1 98648 74097 358081804
1 60578 62866 49666524
1 99337 18210 604596549
1 17441 45093 594088575
1 22660 1138 746992042
1 37382 48914 757605505
2 83477
1 25520 33096 478172490
1 65857 30365 998947861
2 95731
2 87035
1 39443 21342 82397709
1 7756 1241 885108902
2 2023
1 26439 2551 964912719
2 16276
2 80819
1 56643 96504 795695181
2 55541
1 17467 99598 737100684
1 530 69802 431272727
2 68232
2 28155
1 22401 27378 356705470
1 35998 33348 478361324
1 70877 34056 885840911
1 34013 64113 178387980
1 44414 32374 712542431
2 52260
1 76609 29328 45811437
2 29050
1 39572 54152 495982351
2 19671
1 60583 47311 912801555
1 11692 28349 753023221
2 65525
1 97178 40409 938167732
1 48357 77612 697080221
2 87768
1 73208 55884 54974117
1 71400 65641 196429218
1 30259 57555 989260454
2 95688
1 12650 24275 604615929
2 42389
2 34916
1 7944 3639 578609415
1 15446 43331 378758889
2 43957
1 73147 47286 995592193
1 9467 14942 366272598
1 28331 66615 961723796
1 83025 6427 873417247
1 66644 49009 185234241
2 41634
2 48163
1 59848 43381 764594171
2 92330
1 85108 96471 842219502
2 25751
1 65186 76589 36568709
1 2642 49246 888561080
2 12113
1 56694 88345 332246191
2 61789
1 49386 71769 305685272
1 25565 96349 41505743
2 2357
2 79282
1 84276 43260 657051741
1 82244 97035 372372240
2 57191
1 69319 21101 521263655
1 25706 18614 560026935
2 39639
1 91677 93309 473567465
1 39334 92286 567756026
2 6410
1 72041 71183 529791441
1 85566 34747 929560714
2 8633
2 97064
1 30024 52257 415373000
1 93810 96188 708771897
2 56098
2 97580
1 96311 46378 859530638
2 32204
1 62797 23130 811270738
2 90945
1 57633 22032 305818550
1 85540 51368 97305543
1 61139 42452 494139268
2 79168
1 34045 1536 897304399
2 38169
2 45983
1 37205 75470 83888402
1 90949 98225 403838831
1 42377 22591 54951121
2 49673
1 18977 38319 675192430
1 2677 49493 1114231
1 19718 55728 92987839
1 37270 46849 477468427
2 58008
2 87254
2 36970
2 96968
2 48887
2 10442
1 1814 43080 612460070
2 62356
1 9058 32076 362170662
2 52876
2 28091
1 29455 1461 522117429
2 38835
2 54589
2 77813
2 18865
2 21756
2 96918
1 68946 27770 90530457
1 87320 56188 971581247
1 86365 73009 871422837
1 23977 1249 815921500
2 44023
2 93989
2 95825
1 34076 97482 73178740
1 15991 47497 411010630
1 2549 44457 877074327
2 12021
1 97267 72099 77280609
1 59013 71656 321042494
2 43762
2 68689
2 20070
1 59882 67747 689901571
1 14506 37813 911937242
2 60706
2 39362
2 96908
1 79578 65867 504188117
1 67687 33946 614300545
1 12756 91062 40887857
1 44767 9031 413262108
1 15407 52211 352466442
1 60108 88242 229133300
1 28044 70581 485579796
1 21824 44497 455144376
1 29468 46021 488275480
2 93295
2 63706
1 51468 32563 268521800
1 34029 80458 286072787
2 46528
2 543
1 83097 20332 807203538
2 56105
1 76421 88105 983547288
1 66187 15921 581360769
1 12242 12260 734544838
2 50518
2 19691
2 33896
1 23558 75812 471832157
2 93661
1 7698 20154 171712863
2 8963
1 94240 99244 174444598
1 69347 97650 257680384
1 78179 30015 934833940
2 70314
2 71257
2 35709
2 73211
2 76265
2 4623
1 9995 12493 881832706
1 61372 85831 512345404
2 57537
2 75590
1 37963 17543 631890144
2 84233
1 96960 37665 33924134
2 33068
1 72726 79979 337471952
2 38667
2 87006
1 43986 21971 366495636
2 94047
2 36403
2 86413
1 74064 87589 892047961
2 94637
2 19722
1 33350 6844 293289357
2 89870
1 13989 42775 612874885
2 45777
2 7968
2 81015
2 84415
1 51700 64540 586606577
1 80908 86616 292142497
2 94018
2 99913
1 25019 80145 562748051
2 13191
2 41115
1 24041 81426 84551638
2 70572
1 32048 18574 501569831
2 91624
2 58501
1 77688 42217 79571051
2 91932
1 61470 20046 80251871
1 11052 41844 869988013
1 75971 60587 997156206
2 23699
1 80035 50438 582154608
2 72484
1 53780 60948 446343544
2 5369
1 19110 42316 165868087
2 28359
1 11592 6201 221717461
2 12047
2 52365
2 38283
1 36554 36932 402970554
2 39614
2 25363
1 35453 45600 746403662
2 24325
2 45445
1 28731 54561 649760115
1 10248 17360 413829794
1 51369 29838 784088379
2 33408
1 8097 7578 548604589
1 93059 19468 706190275
2 3535
2 60049
2 7670
1 32700 28071 816192948
2 84995
1 12414 16889 274791917
2 20540
2 21735
2 38409
2 54422
1 69915 38818 918166040
1 77688 75287 247324706
2 2243
2 15870
2 75956
1 13709 65301 821809186
2 71513
2 68938
2 1584
1 6187 96929 972579682
2 93566
1 65179 56866 256122225
1 9746 92155 582944419
2 23238
1 95829 60641 408374568
2 32393
1 69302 15384 618516913
2 58158
2 44323
1 67339 62392 733570641
2 15186
1 50572 62739 823308923
2 16595
2 21001
2 83984
2 88971
2 41903
2 16422
1 58282 37635 229891383
2 88680
1 34486 38071 439487489
2 30786
2 64722
1 40344 40337 905090797
1 65401 28886 545504758
2 51290
1 55000 348 155192211
2 31725
2 94307
2 15908
2 11946
2 50109
1 3160 90304 183098113
1 25212 87161 662960928
1 37462 41719 574253147
1 76418 52493 677124918
2 10928
2 93525
1 36537 41417 509547978
1 19495 22237 943596863
2 22620
2 94741
2 75273
2 36667
2 49213
2 99096
1 53535 16590 534985443
2 62842
1 98691 19221 810952103
1 5677 65065 518106896
2 3852
1 79530 50500 728530179
2 55300
2 35397
2 68543
2 73973
1 2192 14925 54648876
1 62274 99059 188302194
2 9756
1 85578 52639 253798299
2 36695
1 21838 89760 954373706
2 1880
2 4585
2 24398
1 24105 24139 898683683
1 33714 84570 431226775
1 26887 80055 961418611
1 77043 14354 242610320
1 69938 23846 316159034
1 83049 98435 418136944
2 44806
2 29081
1 71058 27341 800250650
1 96596 13216 131527804
2 8638
2 69259
1 63011 40005 514582196
1 87561 5787 849758559
1 54811 2935 177261011
2 58547
1 85530 49789 683346786
1 90238 91408 754976981
1 26559 74395 681373456
1 55795 24331 669300119
2 3509
2 91287
1 79504 42117 972472287
1 19671 95234 795213721
1 42547 69566 480212103
2 45694
1 11433 98128 314570082
2 44108
1 64762 46185 417564790
1 26128 800 188897855
2 52750
1 59412 52798 234686400
1 53436 89444 449167481
1 23148 21548 311793495
2 54775
1 96638 8762 161794916
1 66903 58507 192022183
1 65759 37358 116144736
2 42391
1 4131 32707 429261294
1 89418 44582 519058260
1 60919 82760 271577705
1 78626 94360 477251174
2 98366
1 70572 37932 770186066
2 89879
2 57490
1 61091 45545 351076404
1 60201 61837 34048075
2 22943
2 23420
1 41351 58855 111723452
2 32904
2 90466
2 82356
2 13868
1 6452 19879 137909774
1 60127 38147 575970077
1 41759 43068 870275165
2 71344
1 95517 66682 524521053
1 16580 1756 585241118
1 65743 1140 834266852
2 28695
1 36176 18475 156902741
1 55006 48379 728319747
1 84559 66891 35491581
1 24534 75246 394055920
2 85830
2 77490
1 25828 79996 15681877
2 79153
1 77583 29283 757084182
1 10293 3411 746973758
1 19087 19089 915617790
2 72235
2 31234
1 39929 32314 624936954
1 383 94372 574878045
2 21470
2 13791
1 19234 90994 26460609
2 36966
1 38954 30967 797698225
2 70648
1 46218 73695 163550318
2 1430
2 77940
1 8323 80507 742448144
2 38098
1 48456 59444 311273282
2 24420
1 48666 32988 296298869
2 51610
1 83881 81578 925955876
2 73747
2 14302
2 92139
2 44145
1 55305 18995 305093361
1 65125 24100 180274080
2 32568
2 59952
2 74465
2 93382
1 91771 23018 446447774
2 1560
2 81131
1 83304 88168 33604664
1 34088 98083 835978893
1 76781 70473 641046430
1 3154 16159 86814145
2 99760
1 54436 1915 479567805
2 12900
1 26882 15705 583110196
2 12734
2 48135
1 97321 70243 387562811
2 71154
2 69636
1 24740 62355 444853463
1 46307 5712 942774914