6059 449211265
2 24218
2 97448
1 952 47150 491141078
2 76405
1 15360 68901 210142451
2 33982
2 77190
2 27771
1 20932 26579 876337803
1 84744 2055 506332252
1 32878 90827 208293022
2 50953
1 71738 37102 727371133
2 2467
1 89199 68649 550619492
2 86462
2 37710
1 40801 78286 583821640
1 52849 16058 225222259
2 53693
2 1018
2 39122
2 25904
2 51637
1 71950 95344 203254765
1 97710 81263 725707886
2 42103
2 44839
2 38094
2 82702
2 15950
1 62337 74108 245768917
2 78562
2 16642
1 64331 8617 391023854
1 19494 44173 273402049
2 87567
1 11897 13594 274660942
2 37955
1 40857 96247 996484794
2 29364
1 83610 26116 238141071
2 94474
2 1357
2 41272
1 39913 12490 960994710
1 63340 6414 481589648
2 55985
2 58238
2 72565
2 3406
2 57011
1 80275 22344 390239501
1 25337 27365 324622274
1 72224 10852 102098076
1 23170 76786 260202032
2 32688
1 27390 96540 777676003
2 31581
1 66039 58080 986457191
2 29936
1 73574 58418 946408996
2 90562
1 50202 91326 790221586
2 80153
2 19261
2 8888
1 46740 11231 305568230
1 96706 14136 693010094
2 94409
1 91389 46622 414297445
2 9601
1 21982 27183 17849202
2 46343
1 64313 95250 756096785
2 63189
2 19246
1 5176 35900 491683436
1 95170 51176 139110359
1 71414 67243 487161868
1 49454 16899 88183806
2 1800
2 28983
2 78596
1 28639 95462 670501042
2 62634
1 69702 85441 325581721
1 79000 62681 278316419
2 87314
2 33996
2 37355
2 74876
1 93698 20379 232968987
1 51561 56861 272955943
1 17389 23964 358382120
2 45848
1 19479 23442 424318335
2 484
2 60997
1 82673 40884 70592518
1 64955 79864 96450363
1 90099 81811 891891398
2 8692
1 41107 76819 242789158
2 35820
1 84671 25497 205937695
2 76246
1 68512 1410 616594597
1 92374 85537 948618927
2 81128
1 49729 223 746407003
2 39286
2 83134
2 47833
2 714
2 49219
2 26139
2 17896
2 78874
2 92753
1 24349 82007 708623700
2 27112
2 85312
1 63245 20994 447611720
1 78009 67456 910106755
2 39974
1 88914 56281 914964589
2 55536
2 87698
2 76967
2 79707
1 75126 23692 151059326
1 20893 73334 780968963
2 91753
1 72004 23719 450025833
1 22237 55036 189829412
2 33055
1 46630 79432 800797855
2 26054
2 66726
1 1239 95026 483993691
1 57699 39829 51077671
2 22757
1 95083 48304 200070365
2 86214
2 71310
1 33561 11173 233896410
1 76013 25377 529522545
2 57578
1 58925 18574 825449855
1 49111 85800 623358315
1 94916 40197 134650176
1 56882 24001 392971431
2 83452
1 234 61759 124193913
1 68304 42410 264698295
2 43857
1 77464 26078 358259930
2 77181
2 5547
2 13685
1 29937 4585 835190741
1 46673 61919 128664639
2 10324
1 1201 30833 237960080
1 38471 39880 19272620
2 47047
1 27213 88957 920363746
1 22346 59494 738505029
2 33659
1 93178 58797 870687934
2 43417
2 62794
2 54295
1 4126 32142 408560083
2 1620
1 29796 28093 528284016
1 76706 41932 934059378
1 66194 90666 651639149
2 99673
2 18535
1 50825 48713 659759693
1 61219 85333 438363384
1 98711 72062 841302015
1 33556 68473 90188304
2 98546
1 1333 88033 713281017
2 88653
1 96110 40427 26475175
2 55456
2 6202
1 19803 57595 891020224
2 74104
1 60290 6057 253018177
2 26505
2 43375
1 93901 69729 781555956
2 64686
1 46177 95366 449536325
2 19106
1 23839 41167 510307579
1 44285 24348 110847351
1 61920 2173 232547465
2 94868
2 35596
1 31856 56609 366241954
1 91808 98977 375135781
2 84338
2 98610
2 89527
1 96748 38962 450745172
1 2881 93086 894812269
1 53849 17179 118400979
2 63297
2 53671
2 43046
1 32032 71664 246452738
1 35252 89954 900965468
2 64947
2 72546
1 80103 63845 11065457
1 94331 3545 685619921
2 31654
2 48354
1 24003 69715 359470734
2 48958
2 93527
1 1843 35368 441960451
2 93710
2 64181
2 31120
1 97744 49321 540141772
1 10687 6115 263167046
2 62350
2 8739
2 40334
2 71460
1 91285 73515 633735970
1 60642 57113 593798060
1 2983 88060 168206535
1 87974 91796 25775357
1 63380 75138 185114763
1 90212 9137 976713838
2 73514
2 65054
1 13696 48284 733792086
1 7556 99022 933377443
2 37719
2 12371
1 73587 16376 467175418
1 96612 71817 573518285
1 1131 75736 637991422
1 70564 17478 729043620
2 29574
2 16552
2 45385
2 29236
2 47691
1 92668 53024 311349054
1 10333 69003 556651320
2 57805
2 30925
2 26758
2 27147
1 65410 51680 124636448
2 11206
2 96023
2 71601
2 75970
2 82542
1 46714 38508 718009956
2 95115
2 56621
2 11436
1 65614 85108 985347722
1 80432 22996 594326101
2 88341
2 19578
1 80663 4057 757426658
2 10064
1 71189 19927 795768443
1 99194 37458 164273183
1 21286 3718 858248081
1 20987 34772 960489927
2 66236
2 23733
2 38594
1 10739 14612 52783856
2 26428
2 6453
2 34721
2 11846
2 81652
2 66498
1 41974 82762 307313220
2 45763
2 59304
2 50558
2 78221
1 26107 73774 269419861
1 21537 7622 136646025
1 44634 80364 907642549
2 70378
1 77277 1131 1421029
2 58009
2 35251
1 18383 11279 225590932
1 32594 63671 299245055
1 10344 77425 142622775
2 7605
2 63193
2 11226
2 3109
2 21203
1 48231 19478 335463758
1 89236 58407 44480066
1 14345 11233 233650247
2 43792
1 92249 9588 87792971
1 18204 47455 447807927
1 27222 36310 906952441
1 79833 90826 942374332
1 72250 94490 874520755
2 17274
2 60907
2 51386
1 92713 14529 243923308
2 27465
1 72132 35029 929273346
1 67626 55056 577847806
2 91450
1 4619 97885 986579091
2 92743
2 6338
2 58300
1 97175 55610 554764524
1 81845 87116 611539284
1 76623 2743 78722188
2 13064
2 52684
2 63763
1 34940 27893 830701081
2 715
2 99241
1 59522 30107 317238721
1 79870 83991 532734189
1 54993 80932 313759279
1 41461 71502 50403797
1 48590 30526 552306704
1 41142 63669 695798907
1 48606 78563 125490664
1 77199 1960 940431215
2 6030
1 84565 5096 292260060
2 77190
2 24479
1 39454 47928 416504236
2 84373
2 73300
1 94692 55174 236285244
1 36473 69712 364786094
2 84031
2 35206
2 33857
1 54314 76531 469960436
2 36288
2 28792
1 45070 29654 430939678
1 47717 79194 194046943
1 12070 35139 592732184
1 25262 91741 283149695
2 75195
2 32901
2 15208
2 72217
2 40819
1 18326 56913 181748003
1 41676 51152 260091629
2 4566
1 94133 34745 172162763
1 23244 78430 488500427
2 41506
1 93079 75577 535176888
2 528
1 33524 4458 77425371
2 75274
2 15421
2 92087
1 5064 7012 562561239
1 17569 50313 678629644
2 85075
1 88565 1838 693456140
1 1632 14626 414952625
1 28482 78834 898243236
2 88991
2 65644
1 92156 95569 629825558
1 41153 10597 442548886
1 33110 75918 134360043
2 10264
1 9483 50511 885072945
2 47203
2 7176
2 88069
2 31114
1 41497 10613 365016945
1 99865 56103 419428817
2 97228
1 21403 60763 989508884
1 65696 15405 444111516
1 91898 54992 509063710
1 19975 95403 898323979
2 40072
1 48156 62123 196466654
1 58183 80883 226813184
1 27217 71333 585570849
2 41377
1 49920 42696 892578654
2 99573
2 44726
2 19178
1 13002 61668 85924877
2 74575
1 38693 48196 506736102
2 61842
1 74644 85999 845061895
2 2726
1 88546 18162 986574956
2 68248
2 80200
1 3274 18460 947799762
1 13524 48381 720938684
2 81584
2 67957
2 47268
1 82933 51724 370645407
1 24672 5116 426634023
1 25762 36253 608203650
1 40213 29636 10524107
1 95305 61956 295751157
1 14916 4680 423832630
1 73701 22331 325195233
1 791 66308 379575406
1 7455 77602 940675905
2 53636
1 94980 64708 242746365
2 5197
2 50905
2 45969
2 53103
1 68988 11109 297105077
2 37396
2 66107
1 60788 64138 520579915
1 70434 19837 484767245
2 76518
1 59937 64794 903086331
1 25003 50512 772500832
2 22607
1 80484 71337 892650221
2 6507
1 61797 14355 515846414
2 16359
1 3583 85761 60314996
2 20008
2 93935
1 16950 29027 190082226
2 83230
1 89958 16553 970268523
2 62203
1 90780 19278 201245213
2 82816
2 68192
2 36402
1 46572 81335 847952054
2 64196
1 74542 14458 232569948
1 26251 50887 669585664
1 73078 47401 796147546
1 76672 49525 756509430
1 39399 30942 137716807
1 16411 44446 824485318
1 77035 94305 809189030
1 97178 87595 706054056
2 33080
2 29413
2 79135
1 30478 31272 995247804
2 64998
1 99822 35174 889135476
1 27809 19142 783855236
2 86689
2 9846
2 4977
2 49717
2 61276
1 15937 34025 746610391
1 55568 56588 22047229
1 87060 16875 896876897
2 57723
1 27072 23674 630653068
1 64517 9369 933918683
2 89771
2 58931
2 44289
2 49260
2 24199
2 39568
1 61481 76448 654917431
2 92041
2 18846
2 69666
1 51995 60177 664625880
2 72116
2 5699
2 93985
2 83824
2 18701
2 30595
1 11220 13543 278210972
2 14598
2 59735
2 34851
1 48922 50217 519285397
1 98395 98815 427388086
2 40164
1 63218 76072 648322987
1 10624 88960 799122443
1 64047 99852 259782618
2 85932
1 44460 20288 855026169
2 26650
2 39008
2 49347
1 32127 28003 758644334
1 60440 14046 684060469
2 54003
2 64609
2 36481
2 89880
2 33907
1 69462 57525 203061580
2 24515
1 97721 78348 33183027
1 20352 87375 568712862
1 51777 5818 601743502
2 44887
1 52046 46182 604369207
2 40445
2 15931
1 36597 53671 330094081
2 75816
2 80793
1 65905 76928 593886821
2 162
2 53216
1 44315 76353 608262470
1 78502 23861 322417171
1 10361 36112 614245974
2 36255
2 86327
2 58648
2 17144
2 63577
2 14306
2 86494
1 2635 64984 254837931
1 7187 1572 203814700
1 9459 24930 937546282
2 71330
1 33130 20899 949827517
1 4962 51561 874764225
1 857 42056 593373717
2 59829
2 73818
1 56683 79130 550933301
2 66174
1 2743 22137 164125476
2 62883
1 95736 97356 702070713
2 47679
1 60303 74451 760625192
2 54547
2 73926
2 46907
1 90446 16026 44741018
2 6216
1 28796 74904 266175703
1 45317 95339 678970996
2 13021
1 24636 25238 137135293
1 46370 13826 621792694
1 76471 59231 235000767
2 79045
2 96373
1 59884 24970 920287685
2 58901
1 26181 40889 449862866
2 68985
1 41013 33224 329080143
2 1363
2 65767
2 23975
2 8834
2 95252
2 37113
2 37925
1 53465 31696 147577185
2 91351
1 82811 81936 885716803
2 54039
2 57561
1 73581 54300 250761578
2 98282
1 9078 24662 31821445
2 94310
2 38823
1 51657 30588 114486006
2 10100
2 63444
2 59819
2 52176
2 43157
1 82280 3828 737793970
1 91638 5573 44063003
2 41062
1 19528 20313 331245511
2 7029
1 32460 31955 790995712
1 69285 50718 504024093
2 39950
1 32460 61974 726973467
1 85239 58391 694003115
2 74794
2 96749
1 90038 78230 426941016
1 67860 96387 315406775
2 95040
1 26849 96490 473463421
1 75008 93524 215361321
2 94618
1 5925 16309 627960314
2 72555
1 17022 55200 200730509
2 47571
1 99704 67754 2630719
1 11554 6276 276610870
2 76105
1 42157 1420 573275976
2 24682
1 6820 56240 86626900
1 55422 49879 958930020
1 69487 89322 490335684
1 81221 25857 433962540
2 32589
1 20353 17563 413325336
1 67905 72992 275788278
1 24918 12177 244718569
2 68474
2 42036
2 71447
1 9102 81567 388567951
1 55438 76613 359350369
2 72884
1 99922 58895 708776120
1 29742 4775 515002356
1 95987 93762 625188203
1 61444 25248 220638937
1 5386 71212 839065849
1 26195 61333 877170664
1 17171 62862 457876494
1 39753 73220 927834242
1 10821 67316 10737572
2 7043
2 86241
1 7984 42224 659052205
1 39606 76869 302326416
2 3214
2 80400
1 46688 38038 593677648
1 56325 46170 964411639
2 11185
2 43154
2 13211
1 74896 73398 603552008
2 32373
1 77928 57823 740133000
1 57982 43445 308083197
1 67775 15961 175838568
1 41202 19913 989942412
1 7555 96287 92591127
1 33368 54993 212820459
1 49666 262 734222351
1 84392 11888 747729054
2 87282
2 71151
2 89409
2 72740
1 99335 62526 684654554
2 23669
2 66316
1 26704 94121 702188670
1 98025 51833 942457458
2 88186
2 96840
2 25628
2 52215
1 22452 7424 945924370
2 93246
2 23100
1 40577 62812 545305973
1 91927 86713 839268237
1 68868 93540 81896777
1 39037 80099 388582670
2 14090
2 75913
1 89294 44323 284216756
1 37232 40323 265255316
2 86961
2 78222
1 30430 51129 536588605
1 31157 963 399774904
1 44960 23463 454531247
1 99130 59438 561830698
1 24030 38315 274661290
1 38167 11500 138039710
2 29603
2 87960
1 33574 75531 244471181
2 53098
1 65864 52986 846924239
1 26236 15736 960904113
2 80394
2 35726
2 15610
1 3089 80620 148379600
1 64192 44731 146690016
2 7128
2 16570
1 84950 83526 806913680
1 72456 99407 430918355
2 47080
2 54326
2 36546
1 47463 44966 247366150
2 18276
1 64195 80631 126523555
2 66410
2 58008
2 92709
1 91476 48540 808787667
2 3378
2 30209
1 63915 20206 513156173
1 49754 45600 576419118
1 15875 42521 673713409
2 85475
1 22109 25380 806876130
1 43446 87667 938505545
2 69523
1 90418 2811 671675441
2 37102
1 46155 57399 103371168
1 41836 83136 876040185
2 76158
1 8445 13419 907607649
1 64642 21640 30908583
1 86412 24519 438017567
1 74784 58296 322860826
1 42021 5201 870808296
1 7239 13595 887048217
2 85841
2 69820
2 99846
2 43359
1 27609 45374 874621822
1 68327 55060 84293216
2 12863
2 17684
2 54695
1 93239 16358 375469543
2 56768
2 780
2 9277
1 87087 42779 688063110
1 52886 43981 976784101
2 41780
1 97063 11987 472055245
1 21744 28012 61579476
2 57867
2 7271
2 89525
2 91113
2 44569
1 42121 95574 213995640
1 80202 59830 640771560
2 31887
2 18178
2 4200
1 5141 93002 722117981
1 29634 74747 228708086
1 50081 90326 99570067
2 38715
1 24962 73530 628537054
2 70487
2 19034
1 34513 37885 466047368
2 12925
2 81443
1 66111 2546 608140233
2 4319
2 17014
2 54210
1 29582 11255 499249403
2 26817
1 48818 96438 165603909
2 4156
2 45129
1 34451 1634 176098222
2 64226
1 19407 65206 644491020
1 17908 43480 992264884
2 21873
1 96567 47098 803305787
1 23708 24438 865053398
2 39329
2 16312
1 20782 98471 337759771
1 16724 51099 854740370
1 63059 77441 388526869
2 70122
2 17565
2 13869
2 71649
1 98989 87781 863108414
2 42337
1 72715 51633 347735548
2 83394
2 76417
2 56564
1 10109 45707 177645445
1 87348 14961 720906737
1 56967 98314 20518461
1 54848 63360 669346375
2 10392
1 58610 63011 962601403
1 63245 76033 815846950
2 15357
2 33313
1 20013 62262 36776979
1 50459 74395 338001254
2 7092
1 29672 75851 947076411
1 53227 94526 242709984
2 26180
1 20149 36101 652902560
1 57088 57096 558884522
1 59203 22262 822977131
2 28788
1 74505 38781 451629638
2 51214
1 32332 2715 959041604
1 28263 49976 485946479
1 43701 30220 736681183
1 85513 37683 423362814
1 8088 14549 704952661
1 51192 79038 938227181
2 7908
1 77863 57733 637686583
1 27182 94613 21831699
1 11394 8243 749472045
2 76
2 48343
1 37534 88136 88795542
1 8686 60779 347687072
2 26011
2 80761
1 19605 58711 483448531
1 99395 97894 642017015
1 38601 24438 154972191
1 81924 77418 635536012
1 63961 87956 509433473
1 31516 84711 854724739
1 91269 5020 892969433
2 36240
1 49456 97041 690262096
1 27464 28275 148938504
1 28350 27886 698724260
2 68970
2 38484
1 96951 58823 727694655
1 89338 65578 332918104
1 4799 65410 443703733
2 51460
1 30727 81410 511096520
2 74407
1 92930 79350 578942761
2 611
1 20941 26363 975683924
1 79510 2300 384703330
2 8591
1 26781 84522 732877933
2 53276
2 53089
1 26768 16527 224756072
1 92958 62760 675919322
1 68900 66961 969559051
1 73509 75963 201784610
1 16932 53317 86067089
1 559 77690 725540424
2 52227
1 83780 27099 264066266
1 89065 79322 4554707
2 87481
2 88325
2 28911
1 65061 4158 874012456
2 52607
2 31220
2 74806
2 12485
1 85073 93582 791637509
2 60924
2 92368
1 83790 25189 6366432
2 34578
1 20712 67381 239817506
2 82743
1 57014 12723 317247232
2 12031
1 37734 77715 823332184
1 35801 48722 650178840
2 3378
2 78120
2 10368
2 84502
1 51148 61445 382931426
2 46936
2 19536
1 16029 21337 749109460
1 1688 40322 187243028
1 82187 94753 508540204
1 8833 39634 790211998
2 711
1 3790 96208 78239812
2 69397
2 99141
2 80765
1 86803 83707 133110860
1 71972 14183 341553183
2 57912
1 96196 84455 275993651
1 46415 91577 700082627
2 11561
2 80134
1 41359 66982 980965326
1 81597 56413 771699745
2 16431
1 64953 25926 62841078
2 10091
1 56696 84791 919359254
2 1016
2 20214
2 11727
1 75768 76819 142488034
1 26805 22756 375661593
2 47737
1 1637 76874 900395508
2 32479
1 14313 76313 844641194
2 15304
2 81920
1 12850 72175 753083871
2 32285
1 79037 60761 222528290
1 75443 21859 818232516
2 79717
2 77800
2 63770
2 64604
1 12970 21375 599961623
1 28418 68102 266070527
2 90933
2 13320
1 46666 87283 423589914
1 45283 46927 504940253
2 89524
2 84105
1 69400 78839 691184314
2 99500
2 75003
2 84602
1 96321 13521 351400867
2 37474
2 4798
2 46754
1 93108 7419 738135228
1 41180 99923 639471234
2 63581
1 44472 34369 912125900
2 49108
2 62403
1 11429 31424 863984919
2 85797
2 24158
2 22445
2 97813
2 93579
1 15809 35977 600999691
1 89932 83157 962407859
1 39152 82711 814260651
1 12484 36355 902463813
2 47234
2 38155
1 48450 1282 485927198
1 7375 3544 390977966
2 82398
2 73315
2 26664
1 32038 92106 102137879
1 26748 56264 832149529
2 86868
1 85767 48818 681627335
2 3365
1 13268 60512 39409477
2 61529
2 245
2 90293
2 77787
2 31440
2 92255
2 1087
2 87030
1 35791 95380 981711259
1 66131 36970 863222715
2 83662
2 2573
2 62161
1 7613 48677 625145381
1 62418 1318 340862115
1 13099 97160 560260836
1 73684 92483 407336208
2 54633
2 66765
1 76220 66567 427515183
1 98722 10455 962966034
2 86838
2 44298
2 42393
1 33208 39638 21447924
2 7681
2 59801
1 27808 57937 225355610
2 31515
2 76198
2 35737
2 32154
1 22461 94784 896681434
1 98759 99164 575728413
2 1952
1 41293 2716 41376705
1 62389 45383 396124665
2 95604
2 43780
2 3352
2 11281
2 14954
1 4098 39887 881192677
1 25742 23097 284735939
1 99628 16397 966577571
1 32389 99641 368049748
1 18661 84410 596969019
2 44727
1 6773 94202 686583967
2 60205
2 45607
2 79663
2 20384
1 10975 25818 175175887
2 92769
2 77544
1 71664 18306 704959279
2 64689
2 28714
1 71752 83993 28800168
2 38398
1 76163 71445 240221850
1 77594 95959 284504513
1 23070 45553 12995822
2 80951
1 47243 90592 29944955
1 87150 73366 408784891
2 89047
2 92685
2 93404
1 45643 65775 969361261
1 13089 61735 885610318
2 87364
2 36222
2 20130
2 29058
2 31903
2 65874
1 25613 54725 996571876
1 67726 74417 639711606
2 47145
1 40414 67099 526235069
1 61032 54944 729365292
2 37748
2 24742
1 58765 86205 654114561
2 73643
2 36855
1 41622 41611 320501562
2 96336
1 19817 66871 390967310
2 60192
1 12659 72849 722700502
2 7849
1 41282 32164 768949853
2 95754
1 43102 7761 111820711
2 96888
2 25597
1 71689 6259 102151911
2 67200
1 34405 6341 600982606
2 67152
1 69160 1138 854266448
1 52285 68593 788860761
1 111 16945 437183137
1 48220 39046 427403374
1 47162 61441 321198014
1 28535 82821 2394377
1 24632 43331 530538979
2 39122
2 96992
2 38979
2 95358
2 63365
2 64040
2 65787
1 36862 18997 275650266
1 31515 60420 822589697
2 50971
2 17318
1 67984 76151 278449141
1 11493 51276 393736392
1 12530 43697 934978912
1 8270 29267 572410476
2 78166
2 24518
2 23268
2 49322
2 94462
1 62887 68116 720396650
2 56198
2 45626
1 63332 55458 297282327
2 54057
2 19335
2 65080
2 93506
1 99081 44868 870296076
1 55527 39770 889981443
1 4067 60171 973052800
1 6180 47276 872199730
1 43055 51508 979931876
2 75418
2 68147
2 59180
2 30405
2 23088
2 82696
2 63145
1 41233 79273 278674210
2 88095
2 65252
2 68550
2 3934
1 68341 92672 647047174
2 21940
1 46835 15262 622986911
1 41942 91810 633498280
1 78785 20948 268214374
2 59917
2 32278
1 41686 36928 795189158
1 62430 38219 928345974
1 6001 70950 420661165
1 53624 9139 981071478
1 16414 53081 130092757
1 91841 48564 990352276
1 63546 11810 978831356
1 23108 52820 885809893
1 83838 48652 782683598
2 92841
2 42462
1 53673 26820 758635318
2 5801
2 14549
1 71022 1000 990870652
1 47405 15188 638258558
1 88951 13841 43431613
2 15023
2 82358
2 96570
1 48556 46350 857597908
2 47477
1 34095 49095 353219976
2 45292
1 33058 51646 774661676
1 69154 94203 191547412
2 11761
2 63561
2 97484
1 85419 16992 14268250
2 38205
1 26814 36977 760677766
2 87348
1 55263 6822 657506270
1 1593 23889 922436880
1 44479 44099 974242486
1 62098 4647 19689316
1 62398 76820 777182801
2 63254
2 22066
1 78955 15148 872466129
2 15712
2 94964
1 51949 86992 49829831
2 37120
1 66566 27570 514950928
2 98422
2 55572
1 27166 76037 432794020
2 33237
2 71827
2 97920
1 39819 86617 620139817
1 55928 61599 8989466
1 95607 15850 898367341
1 62099 85700 882116647
1 81524 85010 291879619
2 55106
1 92978 82329 559938455
1 69460 68758 553001976
2 80634
2 87185
2 59906
1 38250 32528 932211247
2 43032
2 90892
1 55334 85028 281716413
2 31755
2 70448
1 67181 22066 315217753
1 13935 83628 18874969
1 77219 36138 720735131
2 43456
2 57575
2 22676
2 8444
1 8044 13234 411531706
1 77759 53845 567071318
1 15345 64775 676005894
1 72029 58660 454468074
1 78894 80799 420908783
2 64984
2 97672
1 66961 60819 550881829
1 61571 25128 407072880
2 66363
2 64747
1 91285 16194 35485528
1 83872 10625 516272061
1 75533 57982 34539633
1 87891 448 210111852
1 39846 539 847201781
2 37367
2 71338
2 49352
1 36206 62665 419772021
2 80960
1 78669 770 186938913
1 91977 6969 156720479
1 4637 7276 684566136
2 75821
1 79947 57010 30172294
1 21834 98220 58577948
2 47815
1 33884 62529 888897695
1 87484 97416 35314999
2 77304
1 73170 8211 947758102
2 28554
1 55209 27055 839249240
2 9078
1 38465 10375 621247821
2 72232
1 18581 50048 76108706
1 86451 15944 167510272
1 17146 96241 387566662
1 82631 69772 778001034
2 77035
1 16682 75638 26730272
2 76137
1 32519 52404 674892853
1 56736 70281 845301954
1 37649 65553 186447927
1 55740 16913 211951341
2 11995
1 30259 6957 770926974
1 25529 45967 365448253
1 25554 90202 304924282
1 86289 21021 257886959
1 65087 73992 515458606
1 54065 83556 154643141
1 76097 51897 32954156
2 54418
2 37306
2 39937
1 89652 67052 789339780
2 71591
1 12688 81638 518328102
1 65152 22548 42027064
2 65661
2 82885
1 36509 21122 224362397
1 52637 24322 396573532
1 96616 25128 277912553
2 25877
1 4830 90441 844690382
1 26924 3495 22310529
1 23843 32657 972988004
1 84972 29395 408392434
2 79052
1 35875 9454 828314077
1 44523 98432 605253564
1 62536 86418 520927838
1 64720 1228 972510916
2 38259
1 1862 26228 351734652
2 29341
2 50257
1 16909 82790 58118894
2 49952
2 15351
2 18177
2 46472
1 11734 37202 137725803
1 47677 71203 371654950
2 62897
1 65078 97083 28123073
1 46813 4548 417519085
2 74180
2 44760
1 59975 60881 570154733
1 30474 19669 567027215
1 38299 31795 504152449
1 52433 42883 564687090
1 69133 61548 613332857
1 25530 67484 410687909
1 80722 35977 819696095
2 75795
2 36422
1 34919 93083 421806824
1 785 84865 907543257
1 57104 12189 3304875
1 82273 72227 738969976
1 86431 62390 392184256
1 77722 7178 436286227
2 80277
1 11085 52085 29168453
2 22592
1 82974 12369 887940574
1 38418 54281 225583272
1 29733 74046 621235180
1 64212 17282 233135946
1 28381 25727 873604345
1 23249 17213 628891752
2 97247
1 40748 76030 696733735
1 9738 79650 201229539
1 44124 8626 376232740
1 53246 93440 305708825
2 59885
2 81306
1 99432 91361 170522682
1 30985 80819 467662319
2 59119
2 85775
2 63559
1 48823 8266 960800621
2 79115
2 35350
1 99138 60304 782492438
2 51006
1 157 26272 700036871
2 2675
2 60919
2 45043
2 91465
1 35504 81626 868479656
2 63927
2 52346
2 71263
2 88573
2 70475
1 61173 92968 889687979
1 72521 72959 625631682
1 32321 18331 935610699
1 60975 53176 23415922
1 6598 78701 78498916
2 91351
1 15084 49311 60772338
1 88474 25549 557130638
2 44389
2 65989
2 98643
1 7018 18735 857208464
1 75279 2203 973392188
2 7059
1 11846 15157 331017461
2 49447
1 59234 42935 621994564
1 89966 36792 31041713
2 50588
1 32519 45372 838936822
1 36808 9138 333012088
1 21788 87830 444566861
1 52149 11385 939150954
1 41392 98486 957144209
2 33880
1 50513 29283 889846795
1 56214 60058 229990240
1 60223 98520 206224368
1 7735 76955 149189977
1 21048 59825 909416372
1 44401 52760 841583431
1 30886 20046 509427775
1 82399 88266 419254733
2 82976
1 33804 4980 935273596
2 16760
2 3275
2 90799
1 79858 53334 952439690
1 32595 67298 131350691
2 36688
2 63565
1 9922 7144 54406204
1 32672 15786 186681752
1 32066 41183 21309000
2 59827
2 33739
2 42988
2 68544
2 95905
1 94954 83515 471999580
1 87703 20185 737728132
1 88497 8232 102359573
1 13849 26704 594611695
2 94397
1 70639 72899 941501165
2 36969
2 76012
1 65386 42377 475186441
1 29435 96664 896795550
1 96927 46432 688401305
1 28113 36931 775975111
2 52603
1 70143 83980 330070552
1 80089 80538 689365344
1 91879 99288 796039159
1 27834 11084 945993360
2 16069
2 81387
1 13592 42789 947625945
1 91109 71363 800047853
1 81733 9915 80301730
2 66683
1 75837 55323 203386695
1 95309 93561 913363192
1 56313 9550 934097473
1 71644 64848 554040840
1 76654 66492 989150354
2 36345
1 87070 48139 902770322
2 39347
1 15158 18218 478301809
1 25571 70030 756407634
2 24179
1 44866 20790 458036371
2 95545
2 16235
1 22912 4685 942433510
1 97432 26602 757976165
2 87693
1 23738 80981 215883833
2 91762
1 91661 79516 242563005
1 35020 45174 679471096
1 93639 82391 791388105
1 89220 66267 739285859
2 96324
1 94791 90975 316949619
2 4161
2 89750
1 32478 80540 63224739
1 79185 71699 454692239
2 37492
2 47216
1 78333 8273 737897762
2 9057
1 80009 28754 584497672
1 5307 79175 211276293
2 54231
2 33514
1 58628 85029 56428267
2 98259
2 3299
1 34670 94696 903493443
1 99819 23274 442664291
2 62670
1 42349 32534 52472324
2 55073
1 29538 27616 604344478
1 55140 27273 847798835
2 39896
2 4451
1 10461 95162 896244556
2 77442
1 91156 60492 245161199
2 62980
2 74681
2 46298
2 14144
1 75706 97459 72307376
1 43998 24084 738162896
1 63875 4554 855484484
1 16194 93561 89827649
1 63759 93190 12777289
2 28289
2 1933
1 4623 10814 873718134
1 81139 64863 702347591
1 85080 97405 614244511
1 80082 20268 737619138
2 60998
2 8709
1 50776 71718 161471793
1 58727 26826 370149102
1 86353 60749 991878201
1 41566 62998 890086474
2 63811
1 6783 40681 499525437
1 52343 79773 924852845
1 20943 4553 240333789
2 3387
1 21597 46072 706255652
2 7006
1 77416 97714 541148112
2 67086
1 92147 12397 337905743
2 773
2 92107
2 21647
2 19462
2 51266
1 18021 59128 718975901
1 86104 704 636081342
2 16737
1 29576 40459 80991740
1 47143 33852 718790249
1 82811 51313 816050129
1 41108 81722 382095994
1 72181 3174 391527026
2 19699
2 63761
1 6758 35358 623482323
1 20962 45828 849313408
2 35206
1 90902 99506 384729411
2 38839
2 85667
1 25603 66029 949756702
1 45126 93074 698214123
2 72556
1 90609 27085 987507721
2 25248
2 79396
1 5208 6841 686670561
1 49702 93695 787057097
2 23954
2 46496
2 21095
2 60259
2 1887
1 14749 54352 498316539
2 75228
1 50283 37118 520158603
1 53704 15699 813015184
1 47150 45051 944202364
1 73292 81737 112974095
2 44579
1 46961 40212 738742561
2 69781
2 78757
2 32511
1 14127 40901 612258869
1 57433 57272 507097784
2 14128
1 45645 9212 15515788
2 44709
1 71125 79179 670283706
1 62892 3736 49457205
2 28395
2 75862
2 44974
1 61846 66197 267995171
2 81272
1 45991 33711 98590625
1 58060 48998 959474304
2 40453
2 29579
1 60336 39595 608254470
2 64843
1 24103 46172 575362375
2 94025
2 92952
2 79439
1 64649 95280 817916300
2 59406
1 96233 88460 998967604
2 18985
1 31358 92952 962486290
2 2556
1 95045 7482 50528712
2 18085
2 16357
1 37245 3953 265726100
1 48157 73708 891341399
1 24379 17825 455104952
2 23613
1 41093 54964 140138627
2 61241
1 51886 23916 290701961
1 53617 94953 80843731
2 40633
2 81430
1 87967 40587 635662839
2 91548
2 53608
1 61170 24015 746253039
2 61440
1 77506 90581 425739132
1 45555 30965 3866815
2 36978
2 48160
2 94399
2 51639
1 99346 13970 446571250
1 82423 73136 237780530
2 31251
2 52380
2 81494
2 23844
2 11075
1 20278 42804 847314467
1 42710 8931 531084884
1 42051 41944 27935897
2 81596
2 2807
1 3425 90900 809300130
2 52988
2 75895
2 54382
2 99630
1 18733 45636 271426619
1 33303 80821 368176861
2 81123
1 66209 21701 778854015
2 52048
1 31785 78577 17445965
2 809
2 30605
1 56628 10122 1555764
1 80179 71570 360645503
1 63570 78947 902618716
2 43121
2 59456
1 93887 26271 560859847
2 26773
2 24656
1 54269 40559 510548536
1 32508 33068 534815107
1 96 70259 789862456
1 29565 55495 729267460
2 61404
2 87645
1 46738 58780 120177842
2 21630
1 42354 96184 876995961
1 9925 3084 459421369
1 81546 37151 782343394
2 97524
2 33389
1 12953 25143 876836993
1 75983 76194 185283874
1 4887 52086 621826701
1 99989 85883 813621970
2 81916
1 30073 74082 515828017
1 41243 34625 349685861
1 5741 15144 916278260
1 48633 95134 835006599
1 78580 81747 694185091
1 5771 10510 24449733
1 47179 88972 223732778
1 37759 12423 551853315
2 53614
2 24002
2 93825
2 54246
2 76041
2 59166
1 92656 55384 939493758
1 87623 46919 395274967
1 42176 4099 132534461
1 20427 14303 835935095
1 72735 16994 859970371
2 64694
2 78600
1 79032 67933 121449970
2 53996
2 67624
1 70771 46332 448629452
1 76900 96197 722361866
2 90415
1 82843 56439 305829633
2 65616
2 1814
2 57605
1 69821 68390 979108716
1 5578 87126 172921409
2 76270
1 75331 54245 730894475
1 93150 63861 266817165
2 76555
2 69115
1 61534 58467 134654867
1 2386 86549 209298200
1 77078 45778 491548357
2 54129
1 76486 85188 113317483
2 55685
2 38517
2 84857
2 74062
2 96737
2 64713
2 3094
2 29820
2 39163
1 67678 30217 727634335
2 49985
2 52158
1 88046 73712 141697199
2 47923
1 64515 88229 927045001
2 45196
2 92329
1 11697 94056 570970509
1 74042 53836 250830147
2 46680
1 1084 56922 911690110
1 64806 49718 826645956
1 99345 64709 378221693
2 45067
1 65013 81288 404601505
1 54794 55030 705754455
1 92927 919 951708615
2 5085
1 73307 38049 175204185
2 99956
2 96195
1 77777 78015 754643748
2 29141
2 24116
2 86574
1 31021 1638 561145637
1 10325 82882 721268157
1 54852 70580 865013418
1 89217 49373 265682105
2 29339
1 92971 45193 62040541
1 14109 57077 275523990
2 6921
1 4138 19377 688169678
2 93830
2 46677
2 80459
2 87817
2 90179
2 91059
2 24142
2 36881
2 11911
2 30650
2 28529
2 32867
1 33849 45689 601419957
2 46991
1 9985 66938 592355643
2 90948
1 92079 68628 489950065
2 82623
1 98755 37994 891848637
2 69385
1 86648 72248 65653348
2 92978
2 57172
1 98536 85046 895811937
1 53777 1163 932432687
1 67574 19548 221936280
1 977 27008 907277487
2 2071
2 70678
1 26160 91931 233193117
2 56123
1 62964 27394 948303452
2 77798
2 64205
1 99889 1017 256499681
2 42225
1 79084 17090 927156660
2 84435
1 42509 1548 674499862
1 42164 12531 427737505
1 52433 69586 189165188
2 10006
1 25716 22236 988071695
1 22420 90445 922583144
1 68817 24334 249879655
1 9564 18296 409038811
1 85872 33263 677929206
1 58618 52111 545540657
2 4077
2 69662
2 13677
1 91106 81895 59515878
1 7008 45701 700490486
2 61119
2 51552
1 30183 56112 27933290
2 91718
1 69061 4158 540581456
2 29317
1 75832 24531 425217884
1 1172 87034 66574521
1 96479 23051 829036508
1 1904 97213 194460452
2 57937
2 67016
2 96690
2 41087
2 26301
2 53337
2 45845
2 92218
1 55414 88077 189151494
1 79850 59037 344119776
1 88220 87638 398063358
2 18710
2 18585
2 97420
1 74464 24274 441113877
1 38514 13200 205122263
2 74694
2 86181
1 95337 34789 864759397
2 88076
1 766 64204 256557518
2 91866
1 79866 59362 608186279
1 96330 34829 605601749
1 33368 59278 10726214
1 80563 90763 586258122
1 62198 76256 530371949
1 5416 53959 272261009
2 83574
1 47646 88051 328715532
2 33539
2 96473
2 6381
2 45105
1 75082 8324 471098270
2 29100
1 40927 34566 828558152
2 46521
2 49108
2 51106
1 90094 78813 918874079
1 28339 65922 62912703
2 89808
2 17706
2 96466
1 66144 48612 493328768
1 65854 27215 970650901
2 60670
2 97538
2 20283
1 26218 66262 693657951
1 99370 65530 360383322
2 90864
1 60014 88929 605495117
1 42560 81601 184378732
1 18332 47452 733810539
2 84536
1 63547 56550 878681677
2 98967
1 84431 42997 864690144
1 1312 10403 108509877
2 89285
2 77400
1 90042 99678 165006028
2 90090
1 71384 55405 837778107
2 37231
1 74040 58804 198423055
1 23900 69234 234441532
1 6937 74026 199654000
2 26359
1 25730 50991 970886674
2 83498
1 31748 44638 440615437
1 56236 67329 193706301
1 64548 46892 898642636
2 34052
2 26127
2 60310
2 38255
1 61917 52451 628010755
1 92332 38749 165014100
2 90624
1 59535 69894 119451887
1 11795 69090 756531398
2 57063
2 10584
1 10636 42769 273188832
1 13582 23176 654528862
1 33897 49342 939958534
2 13108
2 11762
1 6309 14091 830901417
2 5285
1 35435 62297 190005011
2 76608
2 92890
1 1265 1180 86160184
1 9650 44819 339031939
1 12614 45874 332453985
2 1478
2 3215
1 50273 65506 844278355
1 88688 88090 481504515
2 96507
2 11488
1 41712 8454 514780615
1 29374 53145 802369366
1 80976 30730 373713000
1 95177 13510 211552136
2 35625
2 36277
2 68580
1 69976 34355 451094474
1 27611 1153 996592557
2 58373
2 46417
1 56559 82853 817294101
1 66840 95928 204873411
2 81236
2 51154
1 10173 35926 561925556
1 2931 98010 282114617
2 68666
2 98829
2 30978
1 39649 90069 908670857
2 55406
2 63159
1 34097 38176 640089067
1 87905 92813 804753055
2 42905
2 39537
1 92779 26777 310194486
1 47981 43899 940930627
2 99976
1 87532 42280 701445136
2 12835
2 95150
2 57194
1 60346 18860 661634294
2 83780
1 93182 56236 532375016
1 65654 54504 783550799
1 53168 25743 802726070
2 68064
2 97696
2 25838
2 28621
1 86251 61117 760790127
1 85069 60931 946529389
2 19450
1 31389 98985 831324476
2 39238
2 41945
1 80130 28351 689636469
2 95966
1 67065 3395 314146720
1 33150 30098 355084884
2 66572
2 60499
2 64894
1 78821 45943 675732861
2 98586
1 26960 8019 335336574
2 78287
1 58023 34850 842444085
1 56015 72496 181976113
2 70465
2 119
2 62530
1 96518 26606 655673619
2 48269
2 39081
2 95473
1 65475 95593 64102227
1 28439 1486 109724320
2 77896
2 69607
2 81485
2 84938
2 90048
2 82771
2 43522
2 3245
1 72700 89877 751524144
1 10416 98383 374594723
2 96810
2 36489
2 42925
1 90626 11067 700185672
2 48470
2 68831
1 93369 64578 992331843
1 66512 46608 658069068
1 3326 17994 393552815
1 77028 55581 160993363
2 5608
1 33191 81153 599695801
2 86850
2 87500
2 23854
2 45438
1 70173 58787 302924975
1 79331 62222 971163874
2 99417
1 6034 23649 748847171
1 27984 34960 591307281
1 30732 97172 159523097
2 96882
2 43285
1 49859 6831 669103868
2 42854
1 48300 46965 650864568
2 83190
2 41324
1 46196 2221 884047243
1 82492 95413 532839895
2 67720
1 32341 75854 396941113
2 28861
1 29540 70065 422456566
1 86293 85584 152214028
1 93147 52719 280241842
1 18495 89114 984836159
1 3673 85536 257204836
1 42 89181 848855532
2 60352
2 81972
2 98953
1 20243 66958 302709870
2 76184
2 42452
2 74856
2 83895
1 8367 93342 259197656
2 68892
1 39111 46761 363754520
2 98498
1 99311 16314 343825975
2 65604
2 6934
1 16245 89280 924827540
2 45898
1 90229 10722 8831278
2 78062
1 31601 91042 762744443
1 24733 23852 851094921
1 26009 78161 616075042
1 20209 17635 162573087
1 84434 69955 765686830
2 35415
2 45054
1 28734 1437 722158342
2 61037
2 6303
2 73839
2 60039
1 25240 74254 535019143
1 26496 9268 598554597
2 75903
1 91941 42062 231435054
1 8260 43833 746580106
2 78144
2 40602
2 29590
2 12089
1 84739 84268 886002684
1 48120 19480 783174596
1 25763 4643 458437293
1 37792 88535 260924316
1 83913 82913 435023869
1 52042 38795 626220969
2 92277
2 5857
1 28755 66331 976647220
2 5863
1 87834 49848 874906458
1 86327 67150 321621420
1 16434 11804 858708366
2 52180
1 55347 25687 323382551
1 50502 70681 182749228
2 80029
2 14852
2 58526
1 5957 1154 573811467
2 44828
1 18123 88946 836734842
2 42522
1 59165 43831 152368755
2 73791
2 14998
1 77131 12914 247602563
1 71145 2703 52523139
1 81330 97365 19877922
2 82069
1 88702 95812 417603421
2 10668
1 99289 90243 423404264
1 49156 78767 459658308
2 95076
1 89902 58101 10886398
1 64939 423 882707653
1 69186 51809 590955885
2 11132
2 5822
2 22225
1 73754 7464 419360743
2 95561
1 99812 8601 237486340
2 10219
2 31298
1 93875 83056 175688708
2 8367
1 99715 94646 904490548
2 36468
2 32725
2 68574
1 81702 9710 265984789
1 60988 59268 691061444
1 84417 60909 938828936
2 23439
1 44208 46887 104161758
2 10092
1 27427 62996 439552212
1 61413 66132 884131920
1 65952 63275 995576652
1 72558 26572 336352103
2 91000
1 23570 57413 231674142
1 89207 81678 312102782
2 33839
2 16820
2 90704
2 95137
2 22849
1 29917 67241 980551692
1 19030 62797 962591829
2 46888
2 74938
2 85487
2 72858
2 11962
1 24954 68029 434292857
2 99950
1 16825 3784 231034421
2 2799
1 46535 44704 522214392
2 3456
1 74437 15570 842329717
1 1188 63037 646151416
1 72746 21120 520427439
2 72643
1 4312 41249 434572957
1 85968 34393 7418020
2 73055
2 24863
2 80504
1 87819 4185 938187328
1 22011 96252 810897821
1 60094 96035 650627268
1 54280 3769 105799749
1 95972 31250 457641019
2 11615
2 45023
2 65182
1 69881 35263 208154819
2 90134
2 74968
1 6590 35724 986887206
2 88157
1 92404 28221 759832322
2 88670
2 60637
2 95586
2 74112
1 37717 43181 721947521
2 82798
2 76840
1 55688 47466 457442816
1 51043 56126 935896503
1 31672 9836 307561858
2 49623
2 10260
1 74307 70660 120401096
1 38753 94894 513876312
2 94827
2 11613
1 99107 24319 972044335
1 17835 29617 690559743
1 19904 73125 422055130
2 48531
2 77257
1 38003 30495 739755805
1 62854 72073 97050678
2 11214
2 35034
1 53019 68026 151192246
1 57359 65791 268206486
1 60583 44016 686715036
1 97002 98251 479265485
2 79836
2 14548
2 96342
2 56477
2 4255
2 15239
1 26141 45905 637809580
2 96889
1 40085 3311 441078333
1 42501 17777 10535515
1 82696 16912 917524957
2 94983
1 40776 17240 957965442
2 45558
2 38782
2 97670
2 3222
2 35463
1 77208 41240 895791322
2 80888
2 69023
1 16526 55097 306401159
1 46183 94033 578474456
1 77601 40184 137134970
2 79910
1 58272 45216 89877159
2 32912
2 27632
2 4441
2 78832
2 33954
1 15215 82792 995226497
1 26292 1145 408940534
2 6363
1 10040 90574 581816149
1 44886 56757 996248258
1 36468 60847 83701035
2 11462
1 12949 35761 65257678
1 61343 6516 367624421
1 56224 85939 119996301
2 43496
2 16599
2 92203
1 83657 20462 954299640
1 87091 39200 411069978
1 67330 26713 191297503
1 65504 1216 256729205
1 69152 84733 162033105
1 31253 98131 857369494
2 84228
1 86818 90776 193363003
1 9241 73907 405992013
1 97862 68517 678879610
1 28229 31945 881591212
1 53282 96 725415028
1 88956 15226 402111315
1 85257 53775 377220729
1 33436 92175 100871911
2 60259
2 72552
1 53395 2002 436553657
2 41958
2 74130
1 44808 5362 552367540
1 4155 56061 262509070
2 45638
2 77095
1 38579 50063 140663171
1 99741 606 10749077
2 8683
2 43624
2 35633
1 15011 3954 379989964
1 43113 12502 898710947
1 19336 2235 220516133
1 87322 15738 37092164
1 12800 5181 384145989
2 71614
1 79735 26308 144726175
2 41519
2 20734
1 31035 49872 481232437
1 2147 58523 17854592
2 53083
2 53461
1 50024 99533 829117219
1 88681 25906 453393244
1 59111 29158 802412686
1 34487 83733 494373226
1 35532 53664 83566695
2 95366
1 86281 88666 6161645
2 2966
1 15610 76694 17734611
2 14839
1 66466 71175 389029092
2 14931
2 88747
2 11478
1 46368 2888 247484656
2 87227
1 28694 46866 273036940
1 81642 97341 159729007
1 47591 12237 695570792
1 83580 89684 784978323
2 61927
2 13817
1 80748 85717 110601451
2 40114
2 78884
1 83595 93956 974926131
2 12098
1 92945 5270 891545027
1 6184 63430 79468996
1 36446 43355 30474685
1 38546 33430 859557631
2 18361
2 51027
2 66011
1 64787 23629 147102432
1 50245 96059 493435269
1 65305 99525 638013843
1 93799 99113 350527811
1 33987 5792 507202534
1 23677 54807 598766387
2 8754
1 94096 81797 87906630
2 25418
2 50722
2 54306
2 96805
2 6739
2 91769
1 71033 43208 848518870
2 81359
2 65104
2 76615
2 98446
2 46376
2 34528
2 25366
1 80631 48330 650361080
1 42297 68609 852943091
1 28286 87231 903277860
1 31332 12048 748248244
2 91423
1 32981 48454 450061980
1 39984 75322 735523633
1 56400 4396 150889676
2 49953
2 43415
1 8796 48312 134646741
2 12191
1 25529 52442 76485068
2 42002
1 67134 17595 133095652
2 78101
2 76993
1 95419 42729 814748376
2 24687
1 40552 69428 460159357
1 1118 97791 200060068
2 2450
2 55479
1 27208 32746 449505007
2 30271
1 62638 68414 42504927
2 8129
1 56184 88508 333830093
2 97915
1 40258 67100 466026040
1 328 70330 780567653
2 67758
1 82534 44966 932419005
2 59515
2 58194
1 42795 36341 14935802
1 75303 85174 914010476
1 6173 46330 768956453
1 3568 40706 735082040
1 5176 74802 925530153
2 71577
1 26394 19565 203109482
2 10054
1 55967 78624 559383316
1 80885 59491 995672659
2 282
2 20367
1 94462 7767 2234049
2 82703
2 31939
2 42090
2 35624
1 83588 74821 527329042
2 73133
1 98217 69584 652897906
2 56840
2 66134
1 97239 46392 271464262
2 59203
2 32543
1 68591 80488 221215092
2 94541
2 46247
1 93981 15950 779165649
2 63658
2 66224
2 12585
2 35453
1 18456 79895 222727183
1 17030 17869 54381177
1 44926 69313 821358015
1 74404 72145 960972722
2 96165
1 62979 56319 558964612
2 35864
1 55785 19987 882275354
1 92292 68568 868472397
1 73643 75777 47930464
2 40188
2 63902
2 36577
2 9796
1 41010 45787 711005645
1 35475 22138 925886929
1 11319 12521 427854099
1 57292 42787 1005155
1 48187 76761 208372710
1 46261 58803 333109994
2 97399
1 81020 93488 567283314
1 53643 78955 63164577
1 87848 22445 928296784
1 79942 68011 539876880
1 46311 10422 765658372
1 81941 59101 110392461
2 3779
2 85951
2 15828
2 29018
2 8019
1 73777 86956 237093489
1 34947 87941 287375249
1 81862 66954 657412583
2 52365
2 3963
1 88008 49603 346908720
1 66171 69472 247384476
2 6519
2 18060
1 28116 39768 17047956
2 46312
2 86464
1 45637 83852 853013237
1 68729 98849 132534092
2 47678
1 57976 72418 582926266
2 44739
2 3327
1 53749 38654 615968638
2 16614
2 6963
2 58246
1 6044 71701 974647472
2 60266
2 89839
1 37791 85377 225181397
1 94010 82876 640254099
2 51127
2 33818
2 10693
1 14882 11017 450416110
2 15770
2 23871
2 13478
1 52771 87570 395279740
2 53741
2 79135
1 7088 62508 648318090
1 50554 11130 5392482
1 72090 47556 484361909
2 93882
2 16913
2 35392
1 90361 90096 556272015
2 17116
1 71084 76301 782723920
1 45458 10285 876022155
1 63642 45190 600403415
1 32784 45231 910770755
1 20128 50842 162706159
2 95992
2 47612
1 56731 7086 293905498
2 76396
1 79586 88721 7483656
2 32275
2 68367
2 48585
2 27124
2 54336
2 81405
1 73412 67844 667680015
1 98806 77855 42035238
2 77564
2 1238
2 23858
2 2579
2 85622
2 69327
2 12577
1 3318 68831 899246137
2 63624
1 2288 97969 483782710
1 71762 42527 309986505
2 7855
1 8923 27226 813983212
2 43384
1 61947 32805 684708079
2 97488
1 5501 40285 770696889
2 64446
1 4771 3407 320577118
1 57444 50270 231327913
1 66900 78981 224220419
2 50110
1 74709 59170 668424980
2 35583
1 77400 21718 729654099
1 93204 35261 176523557
1 20864 66748 583541040
1 54193 66237 234744005
2 36480
2 86647
2 49736
2 18954
1 99849 20408 26058615
1 15763 18339 533567256
1 29487 403 166761331
1 79510 73856 28049139
1 77829 41853 144186578
1 19519 47806 241449459
1 63357 17972 792628439
1 67976 42219 873593101
2 33923
2 20528
1 95170 70379 732953384
2 61590
2 87630
2 35943
1 36298 84851 577671944
2 7578
1 94336 62533 868296042
2 13505
2 72824
1 60040 73004 751150736
1 54739 53304 767319501
2 34980
2 53358
1 36415 67353 658129269
2 33913
1 82082 1236 252311697
2 46445
1 29602 88577 580415388
1 9525 87877 533019863
1 14273 9589 379127803
1 67834 26027 132575237
1 6304 29654 631886012
1 40833 95457 539141008
2 17503
1 11874 1285 228465851
1 505 59542 351228243
2 97308
2 91162
1 54025 79391 352566937
2 71761
2 74102
1 72251 11471 735372343
2 48237
1 40212 40271 870298932
2 94254
1 41815 3697 80012386
2 98150
1 43752 27638 365001532
1 60702 29783 224291994
1 40950 92516 622304617
1 20875 35047 112023337
1 3566 75644 976648066
1 34742 47987 448938633
1 10045 28021 608171851
1 2027 65693 573922634
1 33245 537 860228349
2 73855
2 95590
1 87875 62373 130016230
1 71471 16764 645287877
1 92731 14027 461537861
2 54495
1 8249 7439 805027326
1 62124 65897 562022339
1 16446 64781 418916993
2 77155
2 50154
2 3061
1 29836 4837 909312449
2 68585
1 13119 5755 895659526
1 70715 62936 318688869
2 84347
1 86965 68034 695236822
2 81698
2 82751
2 93819
1 34063 36826 412701336
2 30358
1 4993 49723 153701817
1 67310 33454 598330411
2 372
1 2859 53959 433452468
1 94831 1722 175096029
1 33124 7416 678520001
1 75775 42595 586610247
1 81391 2286 34232326
2 86733
1 80131 37610 944708332
2 16611
1 53831 22344 799616534
2 19367
2 51420
2 77983
1 41878 53563 711416168
1 65627 76604 404003420
1 75153 42243 690891694
2 6753
1 36741 55782 778965440
1 9976 46094 671982655
1 59429 76873 796609622
2 61635
2 48486
2 7328
2 20535
2 99696
1 13381 2415 736126901
2 57878
1 73004 86900 518604697
1 94489 16840 547138837
2 65630
1 77640 23441 451409624
2 47279
1 81587 46339 815327847
1 78171 13528 201884642
1 79714 95690 660736684
1 52379 41571 771508424
2 81163
2 41181
1 53174 17621 83886072
2 80627
1 45176 78358 336853341
1 90261 60704 976491274
1 97592 37512 674711748
1 96286 83491 552960613
2 52300
1 53082 37953 696533651
1 18297 5185 516411822
2 88671
2 17547
2 29580
2 48205
2 99773
1 29724 63883 46586547
1 17527 25769 985966014
2 20215
1 34568 70134 594026353
2 95634
2 57579
1 8204 53292 544468722
2 3125
1 70682 72556 75827507
2 43553
1 10981 45688 748686756
1 38839 91031 340099737
2 28011
2 40132
2 53205
2 52515
1 57972 85521 856693369
2 71521
1 97403 39168 877100112
1 76081 46777 436703759
1 90880 5505 267586237
2 73061
2 88772
2 61752
1 11900 33571 977358233
1 38879 47159 488400948
1 66426 69827 209468263
2 76577
1 34013 28496 320278069
1 28292 49226 313447731
1 98057 10940 388153563
1 10422 24172 908017301
2 63450
2 75615
2 78930
1 8228 38996 811089932
1 11543 84271 93566148
1 71231 24268 657088278
2 36876
2 17864
2 19926
1 29231 48052 243958558
1 5726 12675 750465216
2 7187
2 48422
2 52918
1 32115 89575 853419120
1 49116 84021 969579986
2 32971
1 78696 73618 254843736
1 29720 20238 869016980
2 17267
2 568
2 44696
1 21930 77541 360808636
2 24940
2 24123
2 44309
1 63391 77209 241295253
1 25690 94132 547301671
2 59317
2 47486
2 40388
2 96813
1 55770 3525 943528275
2 2954
1 23279 31472 468120045
1 39304 85302 955235360
1 62629 40550 834202334
1 61930 14284 830480501
1 97374 39995 527491798
2 72056
2 48656
1 4816 37499 890753792
1 7898 43463 780114489
2 30444
2 39924
2 21870
2 86726
2 94991
1 90280 9126 940428993
2 33373
1 11521 9338 34281496
1 72105 18328 692949480
1 65524 46358 342442315
2 45391
2 33741
2 18465
1 40428 23945 781769071
1 64167 89567 662659227
2 1363
1 51563 23043 890270565
2 11231
2 30182
1 43184 8164 168675379
2 5497
2 46369
1 26491 58485 143385377
2 81273
2 28578
2 37230
2 19098
1 75316 81299 923744145
1 68567 46493 376005191
1 537 96472 430518340
2 66486
2 5287
1 68334 97585 161448975
2 34807
2 90275
1 57061 49160 956319289
2 95562
1 41791 88454 350311725
1 99908 58725 834341671
2 45597
2 77611
1 136 63946 457069731
2 81889
1 43674 50590 733654799
1 85839 65612 757265463
1 81982 3799 458947566
1 36119 93358 780275634
2 49098
1 91252 70355 837773665
2 79996
1 28466 86391 704770051
2 65903
2 59259
2 35405
1 69904 81248 547787489
1 10804 53439 432265523
2 825
1 16358 73714 438573159
2 88319
1 87416 13098 447509721
1 75249 26685 168803797
2 13860
2 158
2 21910
2 11222
2 19767
1 34143 39322 558344505
2 82945
2 24815
1 1524 70300 770487735
2 84188
1 61327 8756 173856580
2 55080
2 56062
2 95961
2 7913
1 37808 68039 947633189
1 86139 33423 430410411
1 76870 36885 203679304
2 75231
1 52349 6172 191608764
2 5232
1 18079 27356 381225074
2 16259
1 40171 67097 857508412
1 23095 6215 771252119
1 65966 11623 562146089
2 73236
1 19989 38568 280646223
2 60757
1 18330 50276 326718286
1 36675 43317 788532858
1 36488 50231 752231921
2 69568
2 46318
2 485
1 37211 66961 555473717
1 77992 39835 5413123
2 66081
1 69949 65057 400034403
2 17530
1 91646 26965 121530844
1 99120 70014 135838764
2 15908
1 44135 53146 837356879
1 45871 6481 679901023
2 3225
2 29304
2 59179
2 52544
2 26281
1 80977 86847 480517445
1 49772 9675 309462433
1 66541 76671 479883211
1 55060 31104 56054449
1 68474 49367 521688903
2 93332
1 18029 69695 519653201
1 73065 45288 670406332
2 4876
2 71303
1 30126 69017 491597614
2 69576
1 24746 24860 483578793
1 74268 7243 51580468
1 37543 62382 132417438
2 50750
2 25465
2 75221
1 62210 51387 973265120
2 32163
1 27325 35968 825978391
2 75129
1 94238 62217 219548475
2 80167
2 7712
2 72575
1 67811 46305 370665106
1 75159 75280 642963557
1 97754 9852 642324540
2 12509
2 90964
2 60971
1 81351 34946 361125219
1 61331 55606 662931066
2 62240
1 44896 54578 788556951
2 88070
1 80735 55534 684133651
2 5919
2 45024
2 14771
1 12603 17022 547017308
2 83141
1 80526 60668 657065715
2 64422
1 16089 84413 946836906
2 93614
1 45087 61557 735067699
2 71322
1 41918 28117 319908879
1 69224 18138 886448636
1 59709 55067 659667581
2 83557
2 66049
1 90316 23683 862373555
1 41313 13704 870203564
1 99994 37724 795565531
1 21253 80198 95857392
2 38930
2 12834
1 20536 83778 848273308
2 3893
1 76198 24927 884121740
2 20304
1 52239 46887 4996131
1 40516 49277 536543525
2 57424
1 97124 95026 557558726
1 60286 17324 606011882
2 90512
2 96524
2 87264
1 88908 98444 665387658
2 99282
1 89552 79464 630229608
1 64068 19202 629442994
1 60141 7725 985885027
1 41409 71300 795131882
2 51215
2 65844
1 2838 98547 274033989
1 72604 77648 560169029
2 21343
2 59773
2 44811
2 43705
2 70402
2 20302
2 87857
1 97565 65077 884042134
2 10767
2 79113
1 33673 4085 583776559
2 69017
2 55918
1 59156 13942 73518234
2 83452
2 27469
2 46999
1 43677 71724 985032417
2 20635
2 33872
1 19734 7254 326085404
1 94772 82648 366806223
2 90584
1 93504 71235 140654595
1 59898 91122 541650284
2 29175
2 5014
1 16131 95489 447845514
1 2702 69858 173046272
2 30568
1 47980 24885 237674442
1 58111 59109 539455662
1 64568 88691 670562487
1 39136 44756 943881207
2 87403
1 47795 14124 108319100
2 69141
2 48101
2 33864
2 80595
1 52788 26973 479266030
2 56976
2 58929
2 42803
2 55524
2 45659
2 37905
2 78172
2 74619
2 43741
2 58798
2 81998
1 22322 67921 334934367
2 51509
1 7436 46096 624360881
1 69265 95266 520795567
1 52944 92432 980955597
1 6630 41399 589600430
1 20672 74671 982153945
2 74487
2 80362
1 47582 25760 584762335
2 94970
1 9294 13582 286153709
2 16504
1 15643 40177 37028068
1 80599 41157 155886476
2 63233
1 94643 25768 957253895
2 31435
1 54612 29087 672092680
2 72570
2 22725
1 18068 58321 118955383
1 59481 37259 332953144
1 32730 20065 623798897
1 39346 87577 191127270
1 84691 44698 64733884
2 58836
1 83465 78858 151318221
2 77695
1 97685 50501 944837121
1 17407 45316 54797944
2 54121
1 41083 61246 179531309
1 45722 5523 197054791
1 74479 33895 437186715
2 30067
1 14878 56493 125688217
1 26480 32060 725748982
2 26471
2 24708
1 62084 8044 298507601
1 65113 64171 51562532
2 89812
2 54503
1 60923 44401 105416511
1 70155 81065 949840517
1 53169 67009 543738272
2 4915
1 48266 82095 792935706
1 84653 95189 597815420
2 38472
1 74032 60084 749238726
2 66447
2 16560
2 76721
1 83565 776 435041168
2 35700
2 79002
2 40478
1 32372 31576 396327466
2 63813
1 68750 23027 735913112
2 83100
2 22712
2 6115
1 68468 13378 271268978
2 41290
2 39667
1 2774 8727 244606222
2 29246
2 38167
1 79380 30787 363894816
1 17411 80531 631179388
1 90056 49500 845818449
2 27839
1 24347 61549 586067643
1 44131 19483 973735493
1 38015 86382 591631359
2 92955
2 44559
1 68141 43664 300128508
1 38926 22680 154246685
1 21796 85863 63296779
2 37252
1 94072 59105 805577311
2 36214
2 910
1 36178 67383 472427257
1 23666 17481 978792571
1 56933 60330 386850612
1 37918 62727 926713384
2 9158
2 62585
2 50809
1 36820 1561 704666186
2 22341
2 20914
2 72461
2 92739
1 59891 39458 645174743
2 87751
1 95567 35873 965184622
1 83177 46742 360299647
2 46486
2 10026
1 8849 74223 947156187
1 60850 3261 928849842
1 34091 47267 898239518
1 72685 62715 244417302
2 10323
2 84574
1 12423 47027 723068204
2 46736
1 69340 93368 775826215
2 19105
2 98235
2 5381
2 5851
2 3262
1 71479 81020 924969199
1 26984 1167 961089229
1 84580 68985 923550515
1 63497 49093 19330541
1 65426 30908 748584896
2 71235
2 840
2 11679
2 19347
1 69704 47848 354609990
1 42867 98215 587542923
1 1653 69973 893183495
1 91476 81656 635342229
2 45720
2 29124
2 48556
2 65585
1 59554 84564 690042753
2 43600
1 26804 62053 87934334
1 30841 42466 745105405
2 47049
2 70102
1 91150 51008 456882119
2 61906
2 64193
1 58128 17281 892381667
1 98994 16999 216025037
2 83531
1 58865 66240 8785741
2 19400
2 23463
2 63932
1 7152 94377 454242144
1 54912 62492 138568647
1 58748 480 757577122
1 34380 26073 886780232
2 39999
2 79367
1 54626 27937 972078713
2 9690
1 43097 485 823442587
2 74971
1 73057 90362 969467985
1 37110 44261 533680328
2 51078
2 93008
2 21110
1 42217 95552 3060040
2 40626
1 97640 13060 847591378
2 3975
2 56522
2 57258
1 19216 76750 213959497
1 35670 54521 424850344
2 44251
1 70103 21132 527895980
2 82305
1 70077 15757 576041427
2 70019
1 85606 64296 436005314
2 97739
2 51666
1 31387 85246 356281799
2 7655
1 18109 68293 867469132
2 99947
1 91358 4005 928940346
1 2017 26609 908248855
1 29153 96171 666132743
2 75448
2 39126
1 23792 53894 846429357
1 94601 2912 186877462
2 27555
2 96262
1 47310 75994 900579818
2 52058
1 89793 75110 37672795
1 95913 20403 642326937
2 9719
1 29338 1235 764381403
2 44342
2 66805
2 97661
2 56987
1 19730 17619 967416032
1 2884 63317 36841127
2 62046
1 95255 78389 642096466
1 22571 89910 771309486
1 70167 89256 837339106
2 34996
1 16947 26070 551927546
2 13912
1 17292 81437 491752218
2 61987
1 49265 85402 928286510
2 40226
1 28166 49879 644021965
2 7358
1 30282 21861 249455487
2 73034
1 9517 31255 77234252
1 49636 23756 865963906
2 68541
1 24341 59038 837962412
2 98637
2 770
2 6581
1 61215 72594 872124227
2 94194
2 21198
2 91290
2 1584
1 23315 63640 662294208
1 39273 50493 89546451
1 97192 59409 844942805
1 46772 33199 707204620
1 36828 14943 355345316
2 55110
2 79457
2 58020
2 75136
2 93793
1 16276 56501 758146160
2 68123
1 2407 85303 192514635
1 98232 54116 462095689
1 2322 92041 919688707
2 66606
2 98780
1 99051 53089 409898959
1 49488 45251 605218781
2 6979
2 58
2 27219
2 11330
2 84690
2 66275
1 43388 5248 444376492
1 63638 13718 329582209
2 69420
1 18913 26313 853481084
1 61887 39775 878855583
2 56889
2 15816
1 33152 86018 323176064
1 7786 20639 79593019
1 88456 91953 663830992
1 79422 46642 752780656
2 12151
1 92518 65276 754775067
2 39475
2 26139
2 30063
1 76955 96840 227522853
1 24225 26494 464982540
2 99721
1 80496 94911 471654445
2 85725
2 23842
2 46749
1 63442 6756 949551428
1 32061 12306 494875392
2 41727
2 20165
2 24321
1 95292 47702 190699829
1 49334 76658 613636145
1 98203 72570 981890895
2 88586
1 59307 21197 702098307
1 55803 87823 38729582
1 80770 86556 442001407
1 63801 27714 331739726
2 3713
1 74378 86648 703298023
1 53300 50846 214374800
2 73931
2 9779
2 53656
2 22482
2 75820
2 37872
2 48900
1 96868 74944 118506038
1 20872 81182 795509439
1 85131 10353 10034306
1 66124 82210 78505141
1 21354 67682 439264296
1 53417 754 657883538
2 49571
2 72333
2 19656
2 39401
1 57355 84170 5974235
1 45072 61739 22734730
2 28595
1 82662 81513 989661100
2 6100
1 18374 37376 838835827
2 67805
1 5190 32161 744097246
2 83224
2 1647
1 52701 89021 410843138
2 56474
1 85292 31253 548923566
2 39546
1 61228 44084 648676575
1 23881 1652 223354565
2 31372
1 7113 82935 505913564
2 48165
1 70903 41247 610988329
1 73123 59190 34496348
1 81805 14079 385016697
2 73827
1 83362 76053 444686878
1 44212 90567 852733970
2 89481
2 90290
1 25997 99283 896889787
2 18798
2 97459
1 24620 23540 776861897
1 39836 24475 165988739
2 6880
2 32044
1 65232 65887 244874249
1 54754 93979 789728067
1 15290 86328 893910420
1 43489 20684 868742865
2 8384
1 71141 45373 459209719
1 33034 79857 977322518
2 20757
1 22071 12143 251702191
1 44138 69462 884033910
2 87766
2 3558
2 23648
1 53793 88582 909760114
1 46115 79838 640241027
2 2872
1 18192 48319 343327230
1 72505 5936 410902927
1 53530 32970 144937551
1 97450 33426 970318512
1 8103 83440 430081546
1 83688 36740 580487738
2 19237
1 71404 69891 333926052
1 43194 5340 407312349
1 50220 80567 954688482
1 26554 77432 674097398
1 55211 57056 398060737
1 16444 96388 436652682
1 58963 32249 357201923
2 77615
1 83153 46178 426130221
1 54230 23746 449266067
1 81947 38781 124893694
1 55967 61420 583404066
1 55136 63608 270634085
2 86859
1 21373 37133 175250604
1 32383 51103 567947103
1 37375 99455 417699704
2 7613
1 26959 48570 111398975
1 21309 85187 971912796
2 52560
2 80227
2 90930
2 57912
1 13455 1183 812985164
1 34184 16267 474756069
2 80059
1 72313 21212 223676428
1 74727 78751 671177877
2 93924
2 18001
1 96741 72715 608811931
1 25533 70366 911867054
2 17691
1 55575 67208 693763989
1 56605 78866 337662808
2 62996
2 49514
2 37139
2 10626
1 78701 25772 716050564
2 35206
1 61933 30168 537925854
1 23446 91497 113868861
1 39238 55616 739564344
2 43602
1 39542 41893 437867074
2 93817
1 83911 61552 66671948
2 61035
1 87797 66559 745212334
2 72588
1 4305 64237 277195623
1 38067 60162 743451070
2 57890
1 2762 4902 566854939
1 6525 22956 314682878
1 38024 36524 883650408
1 67481 18196 532107132
2 73527
1 57452 84175 623780106
2 47309
1 81848 44775 623380056
1 57210 40358 396844538
2 90465
2 41237
2 56389
2 87344
2 42369
2 16560
2 51747
1 36169 14021 632147833
1 39492 99107 976664469
2 85287
1 94680 4661 281358964
2 16194
2 76446
1 56168 32827 599305543
2 79899
2 25043
1 54102 54558 13080651
1 58372 95316 928736677
1 50430 49385 763376470
2 35338
1 46586 19591 655672377
2 50806
1 14643 44394 534712283
2 19101
2 3719
1 26616 82456 286358242
2 42114
1 97726 99257 492727410
2 59935
1 68494 84154 167102768
2 51842
1 54652 48504 437208235
2 44565
2 99559
1 93712 93239 345144037
2 58144
2 79534
2 14046
2 22334
1 1400 66086 559382201
2 1307
2 67111
1 54078 29621 461037309
1 2546 23685 527132540
2 25970
1 77369 74869 463279128
2 43122
2 22
1 38498 81047 147737097
2 4422
2 52454
1 68483 52649 492535601
1 69878 23557 243553118
1 52503 76466 496925766
1 64299 50948 561423989
1 30339 44238 350112298
2 92517
1 40854 53661 399012137
2 75731
1 26301 34859 751831816
1 14153 45310 131450562
2 92147
1 54058 66881 624999333
1 87828 82947 242695008
1 90042 74084 797347203
2 25291
2 46374
1 77695 76152 376821561
2 34771
2 88935
1 10721 62250 317562626
1 87901 40304 358097296
2 27591
2 10469
2 90217
1 48978 99841 394743910
1 49250 96146 224965098
1 5228 49544 731469555
1 24648 72088 262697154
2 47005
2 40537
1 72925 75227 364116518
1 17949 97535 706923484
2 12624
1 48852 42824 416689478
2 70801
1 75377 96997 611431294
2 53849
1 16636 20813 978313165
1 78723 67709 304242038
2 95041
2 36461
1 94330 55700 707709219
2 9434
2 74948
1 90622 7267 279755841
2 4390
1 40367 62703 983216253
1 78397 88430 747546868
2 73934
1 59725 18771 175420188
1 32997 9313 36687303
1 90892 29025 742411512
1 72690 6828 58977413
1 64772 84981 723785005
1 47451 67457 880931956
1 75182 14091 15450845
1 30496 85240 657714389
2 39503
1 98727 7800 633762810
1 80739 33255 372597726
2 35318
2 61822
1 2233 51237 530812562
2 11991
2 50098
2 24899
2 74868
2 66111
2 98464
1 66198 8776 248419351
1 86346 79361 887206016
2 94520
2 28079
1 89447 68114 800463287
2 50665
2 24457
1 27388 44212 333826568
1 65899 63157 881425285
2 95940
1 85128 42477 705789046
1 37404 27980 643780449
2 40644
1 38656 46889 496794848
2 78706
2 82364
2 78562
2 744
2 92504
2 93948
2 60986
2 86185
1 66793 97992 19177219
1 19542 39071 254826253
1 56700 85020 214275619
1 25540 26685 877773899
1 6887 59426 806711172
2 77377
1 54508 98548 135153118
2 89142
2 96505
1 42050 46134 271272372
1 65809 90168 494911912
2 88770
1 27007 89536 424223472
1 42612 59764 54892946
1 95328 40902 238924041
1 27057 76699 726878575
1 79315 77887 506727592
1 56132 84822 965314207
1 88235 44613 364512071
2 98802
2 28163
1 67778 27212 900016564
2 63511
2 54263
1 14593 76001 239854430
2 1449
1 33840 15184 420027700
1 70952 30650 480820219
1 90433 77143 574379312
2 64489
1 58866 40219 970708723
2 86739
1 82028 31422 14067126
1 53333 69234 211952949
1 82489 29370 825050999
2 73611
2 27590
2 70304
2 90825
2 79461
2 4032
2 99748
1 59114 35676 651940153
1 95443 93880 370919936
1 70731 49805 929888546
2 1163
2 10537
1 97849 64947 767105313
2 3744
2 38650
1 12276 17309 298519144
1 6660 81775 389469888
2 38719
1 23382 31599 552731791
1 42669 21711 331072890
2 78119
2 2127
1 56722 83299 892984462
2 61031
2 3342
2 73343
2 79721
2 10426
2 83492
1 28596 67711 781769101
2 59153
1 68120 61984 417514794
2 94944
2 92668
1 52330 38943 422151984
1 30978 88967 807753430
1 25726 2184 680987681
2 74380
2 40167
2 20630
2 4483
1 21075 88660 273991429
1 24135 8039 933515806
1 66786 81413 839055439
1 19737 7822 635931950
1 69236 64077 179346470
1 82535 81424 992867689
2 33038
1 95418 41528 935805192
2 95397
2 57797
2 30018
1 51357 68308 570626629
1 87167 72782 884137383
2 50250
2 32117
1 7513 57718 705467341
1 10265 18296 584635274
2 22764
1 42326 55076 821004608
1 1989 50990 314957497
2 64255
2 73008
1 67042 80137 259664731
2 66956
1 28357 58862 522977511
2 20765
1 34142 57041 757614272
1 54890 71573 684981959
2 82301
1 64378 71985 721868162
2 49668
2 82057
1 81252 67694 215458716
2 18012
1 99825 42741 478368609
1 22788 4388 905084109
1 86192 21032 154139469
2 22675
1 55769 94203 65010221
2 5045
2 95037
1 96480 38611 612153422
2 23199
2 14807
1 53232 74680 922738945
1 71640 12390 352608130
1 13795 33236 212318095
1 45966 32683 252026087
2 63352
2 220
2 5266
2 35833
2 76701
2 58224
1 47174 80390 144158489
1 46404 53276 303882865
2 39309
1 76888 32041 607328877
1 18434 51290 771023896
1 69025 15607 549994361
1 80162 11532 516621212
2 9226
1 64340 39107 200010108
1 22970 97721 874070258
2 46015
2 41045
1 26607 7228 41537821
2 53137
2 41035
1 98468 41039 36278781
2 97076
1 36 24780 779720738
1 22531 90137 833265059
2 64343
1 1296 19171 893323990
1 35237 25347 368358139
1 7313 20356 19143604
2 61513
1 87230 78947 260036137
2 78389
1 98528 69714 761101346
2 60450
1 4587 35171 982302451
1 1392 87569 565836631
1 49448 81729 538705393
2 9951
2 91486
2 56403
2 53390
2 74978
1 64136 25518 416099080
2 99330
1 63522 87620 668439273
2 80159
1 88696 32535 690388893
2 12819
2 76469
1 44422 66641 43275119
2 52470
1 33963 31381 104944426
2 74553
1 69551 37174 441405660
2 67583
1 34253 50594 410040054
1 7775 1219 935746277
1 46720 68885 314631660
2 1613
1 99482 36559 419036461
2 69749
1 32909 69642 647957366
1 11295 52655 581957138
2 22733
2 21938
2 28134
1 68177 44811 688891812
2 43665
2 46095
2 73400
2 90148
1 10577 67566 45813230
2 66100
1 18465 66824 561178894
2 10369
2 2004
1 9468 7747 213357278
1 10172 55923 847182383
1 76783 80730 927279887
2 80756
1 99491 82958 67020817
2 33929
2 73057
1 87663 53084 741550163
1 3817 22636 651593756
2 88073
2 52599
2 14334
1 1258 83460 106909146
2 11304
2 86574
2 50170
2 12497
2 53551
2 54305
2 97134
2 24365
1 85806 48619 436028042
2 42092
1 74003 79240 870524888
1 11104 39943 150748930
1 15762 18162 506112079
1 54924 17581 676221583
1 70698 60599 193876438
1 8177 41538 330653968
2 34082
2 94681
1 31782 82941 270443921
1 30979 98213 397345787
1 84672 35071 574724198
2 23684
1 92114 12013 929387386
2 50559
1 57616 24219 55989637
2 11736
1 84857 90015 957639614
2 58771
1 80202 37205 926782601
2 14194
1 70097 87616 994525514
2 80464
1 54515 12496 574738323
2 21009
2 29151
1 83110 44729 227885204
1 94725 86865 915786195
1 47044 87235 686243051
2 95194
1 69856 21988 439377614
1 26165 22749 825651072
2 77023
2 10875
1 74053 41311 24167761
1 26544 68923 115256194
2 29647
2 27054
2 24970
1 69644 93970 14799637
2 95977
2 44417
1 59452 23280 129539447
2 72208
1 84450 93382 143987536
2 37218
2 52158
1 1315 3930 796741887
2 79121
1 96858 2361 297241967
2 25250
1 54156 20217 965240128
2 93574
1 29436 58956 298021282
1 70906 46845 860362798
1 58133 82490 933199395
2 20502
2 16577
2 43647
1 26158 73559 841042470
1 97495 79649 903305348
2 81107
1 40786 18262 63550643
2 71187
1 7027 75306 385192809
1 67126 70541 624341365
2 13521
1 53641 55475 750548120
1 40988 88417 934987165
2 64759
1 64611 58199 368417645
1 59281 44385 541983264
2 83028
1 48207 83535 471154392
2 66270
2 99243
2 30269
1 11927 99860 650883335
1 37699 84294 739303461
2 96040
1 81904 94703 157909891
2 61853
2 47150
1 82204 46407 613206956
2 13080
1 30491 70785 452353274
1 26274 93977 436661516
1 6007 69730 733849947
2 22162
1 50725 81578 917520782
1 75555 25134 851757899
2 63977
2 83507
1 36888 88735 293007065
1 95554 86757 363417611
1 36475 36028 301225321
2 54786
2 2257
2 41610
2 52950
2 16283
2 15831
2 33019
2 14551
2 50588
1 62474 96677 533730290
2 68159
1 31143 99604 324037310
2 96954
2 52256
2 39589
2 83786
1 99787 51253 465231465
1 64447 60499 988087560
1 26061 154 148104652
1 33399 35269 407243937
2 16756
2 30066
2 22679
2 82229
2 46466
1 38760 50454 520051882
2 59301
1 93444 21642 750593753
2 96202
2 58451
2 79646
1 17467 26258 152826388
2 94075
1 15129 94529 921811564
2 26115
2 2952
2 26226
1 13192 75769 418808259
1 23519 92359 954458086
1 69186 38083 876788905
1 40309 75687 382392747
1 26562 57139 678034120
1 93631 79811 539013815
2 70584
1 90379 20986 160513850
2 48160
1 80521 62579 72266385
1 51786 16726 858888891
1 10474 49880 29224338
2 51893
2 63282
2 59287
1 89359 99029 969986607
1 29038 22639 366198120
2 61723
1 80159 64206 469764416
1 90982 37084 328870770
2 54093
2 67493
1 35251 59014 85093725
2 25388
1 77262 19122 179477418
2 58778
2 53151
2 17611
2 94402
1 33107 25320 754709793
2 72339
1 3220 58023 697411341
1 22136 32777 587532529
2 50296
1 45585 74017 179382313
1 94446 30158 406109295
2 95783
2 5571
2 83720
1 31145 37679 527046235
2 19098
1 72498 49749 198041051
1 41211 46345 811833787
1 81783 39621 142408790
1 42247 14695 186846119
2 73854
2 84513
1 2351 98416 962575202
1 69009 70883 464433782
1 56855 18814 518835144
1 82816 59847 353097293
2 73027
2 38181
2 99575
2 71271
1 87035 26686 759943215
1 84045 95629 164532073
2 53588
1 28045 75015 355638422
2 23430
1 31227 70426 146052356
2 46157
1 18816 39893 549217571
2 64230
1 66364 57955 788118913
2 84384
1 59088 37533 892311676
2 12433
2 5786
1 32371 8753 905668417
1 80541 58231 206267945
2 58589
2 40805
2 71872
2 40263
2 45441
1 9965 27633 22686177
2 56763
1 4736 36829 860484781
1 98881 86440 755009543
2 39330
2 70779
2 17760
1 78249 99114 32666025
1 61251 56814 415495151
2 88666
1 36230 88842 389097930
1 74194 58947 247650969
1 24133 2343 55993750
1 85056 26133 491265978
2 39264
2 93326
1 8526 98130 95027120
1 12374 38493 181079846
2 73228
1 33152 89300 622344807
1 38402 91163 278773387
1 86958 29865 75017903
2 9809
2 16000
2 9468
1 33510 29546 62364354
2 15268
2 26707
2 73526
1 4275 64723 441998206
2 72740
1 38108 53327 355037996
1 52166 5023 421975192
1 33009 15 750653776
2 52400
1 33703 94737 712113598
1 9560 1433 645514859
1 18415 61543 409699494
2 83899
2 5357
1 97097 73471 551959607
1 43723 34698 613360308
1 15623 7652 395757948
2 12072
2 90587
2 74281
2 14395
2 75310
1 21971 52365 424895981
2 32652
2 50376
2 77416
1 76784 73695 551247025
2 38458
1 35424 63155 759713254
2 52456
1 71066 89883 814131164
2 34921
2 98558
2 41441
1 82519 92337 615711257
2 89390
1 51587 93167 285754234
1 91762 14031 425296061
1 34976 29218 378620576
2 48698
2 64007
1 65153 83171 224112914
2 25153
1 17103 50574 416122406
1 55767 59959 904380392
2 78918
1 48182 71785 98950289
1 23607 23501 407905327
2 8351
1 16826 20835 672392992
1 60337 30868 59201026
2 59296
2 27057
2 49503
2 78830
1 81963 54944 832259122
1 76187 25870 457575132
1 78700 21321 132569310
1 22105 3264 10770879
2 91616
2 79418
1 95349 64637 33069373
2 30978
1 80110 49988 717175197
2 16585
2 41196
2 49366
1 27874 47749 649360782
1 84180 83556 243167570
2 95569
1 25903 42972 320458195
2 89401
2 16250
2 97197
2 48920
1 61011 15855 537928966
1 38133 6979 235435090
2 84469
1 58701 37120 51977723
2 60130
2 30484
2 45301
1 35012 40404 354298296
1 86848 41818 883612580
2 30893
1 89341 60301 693598819
1 57407 77509 495667084
2 89492
2 52491
2 56693
2 6585
2 26075
1 4195 67642 558083148
1 45262 68166 59815903
2 93808
2 5982
1 28746 1175 36932119
1 94675 88892 285751332
1 66177 98990 124575572
2 86374
1 32833 17742 734311663
1 24084 94435 660079901
2 17179
2 33053
1 94566 827 253261785
1 35451 91892 462800282
1 80524 60439 708464161
1 47814 5385 18042964
1 89544 60766 301752139
2 8737
2 54781
2 71975
2 82390
1 98298 4759 446591079
2 35573
2 40966
2 4784
1 83134 81794 642401026
1 19532 55439 917943315
2 62856
1 85760 78339 688960609
1 35018 53941 690928373
1 68564 33656 438980361
2 84066
1 29156 63316 488357479
2 22131
2 31802
1 42032 77170 364933111
1 54083 22842 678269407
2 6428
1 32567 28218 888813603
1 34834 30626 609153563
2 11406
2 54772
2 98133
2 66520
1 77281 59464 809963261
1 97110 9139 205797277
2 1106
2 1175
1 76772 72802 523890677
1 50061 42870 306073774
2 76120
2 3975
2 56065
1 78226 4235 16529904
1 98854 68196 717394421
1 85966 31702 739014445
2 43424
1 4833 72507 101681693
1 50380 12520 460663759
2 57208
1 62821 31564 136967346
1 75647 7129 494950270
2 8278
1 50627 29884 741845563
2 17852
2 73963
2 78829
1 66239 99494 128209876
1 8282 22890 80485163
1 40773 91269 474427844
2 24288
1 68870 28343 675844525
1 44131 44066 583906119
2 35012
2 67822
2 53286
1 71292 39819 157889687
1 64350 72043 59946097
2 80010
2 74763
2 71415
1 27275 94292 657983564
2 99547
1 91004 94273 409908788
1 30067 52344 903635842
1 88764 57571 69714265
2 59350
2 89123
2 42038
1 19100 8434 516634678
2 21007
2 26675
2 8485
1 69210 40033 889727482
1 19356 82997 338444954
2 81196
2 19107
2 90784
1 44138 84005 642806048
1 88422 92459 268191787
1 73268 6785 523446823
1 88734 36671 53882400
2 75255
1 520 68010 225171616
1 85371 82569 291636411
2 88293
1 90183 29628 774685479
2 89516
2 19293
1 54026 48341 747251021
1 65948 6273 691678542
2 3579
1 89395 14074 598930777
2 57795
1 44238 44288 631119412
2 72191
2 30539
2 8632
2 2592
1 91547 2547 329917956
1 1351 42100 40021434
1 26548 31012 769622000
2 57759
2 61360
2 14794
2 3841
2 49668
2 98396
1 35914 31359 70160823
2 54478
2 95345
2 40152
1 82717 15609 480442495
1 80796 21091 642556710
2 34258
2 90097
1 63356 7414 559097823
1 86186 34002 125364090
1 72606 45230 988029080
1 69246 88797 464780402
2 38401
2 63156
2 53830
1 56395 65498 996228508
2 41258
2 78239
2 29009
1 96868 51212 86587924
1 79083 25254 655596439
1 92413 12771 185105173
1 81051 97595 470504526
1 65435 43589 585796863
1 54611 49836 527363812
2 21266
2 87769
1 42310 44146 950187542
1 56653 85053 976668331
2 76175
2 62269
2 37906
2 256
1 2063 3977 859952915
2 14953
1 89480 4555 502211020
2 76936
2 27820
1 64746 94867 665154262
2 30447
2 5937
2 9925
1 40667 16801 107439865
2 39529
1 84154 29831 226989629
2 12452
2 51898
1 41488 45603 29466436
1 39042 72877 255753545
2 65133
1 53108 90113 9082614
1 12418 78674 980100840
2 66171
2 38767
1 72051 66177 290622608
1 56598 41140 52311241
1 51303 26250 55134830
1 78875 56671 761900537
2 5187
2 22655
2 2951
1 211 27645 818238928
1 43908 6878 479216952
2 5107
2 981
2 50781
2 69777
1 65726 85852 751449452
1 14888 78617 805047774
1 19879 99661 37988634
2 97875
1 1332 64213 467179797
1 74752 84237 403618289
1 1051 22630 59065442
1 11830 70700 854285582
2 70985
1 39156 6024 536377016
1 79545 59276 756067205
1 95866 90970 703869277
2 18648
1 92711 2492 362244679
1 24398 10954 633766310
2 93581
1 77747 29459 112300438
2 67215
2 22543
1 40693 62358 579454263
1 93302 60403 764624446
1 18568 96384 710705588
1 84111 15859 58441353
1 94297 6989 360213129
1 98232 36077 59892682
2 71658
2 12885
2 91186
2 15166
2 81486
1 85870 83978 937657867
2 92322
1 58191 63314 284289819
2 66525
2 73299
1 87235 5967 690028129
1 10192 48977 98322066
1 1283 60809 407987824
1 91303 11193 913140072
2 7098
1 43195 94165 114209675
2 23773
2 33309
1 20237 75560 362500931
2 64473
2 96031
2 41316
2 27208
2 62077
2 8296
1 57368 69707 702415332
1 77126 11174 108149007
2 28756
2 86962
2 64939
1 57218 71886 839330386
1 19367 60013 84195556
2 41491
1 11487 6342 627487668
1 13383 82053 122572873
2 82927
1 60117 88638 510839578
2 38685
2 13320
2 61243
2 59097
2 8043
2 61
1 2337 85214 164343351
1 35321 67379 777331417
2 1050
2 8245
2 1728
2 31326
1 15488 87119 95447324
1 16928 5725 723389352
1 68796 67838 436542534
2 40326
1 79932 8658 52199494
1 12771 39250 809166435
1 3898 24998 703941346
1 20838 72361 283893128
2 53785
1 54295 57275 782192121
1 45832 5448 225364859
1 99812 2906 460392945
1 6241 43575 36973929
1 30563 36802 386933791
2 7615
1 75996 9871 620252111
1 54670 76715 750541008
2 45506
1 55385 38377 921459273
2 98661
2 72396
1 8198 17498 791341186
1 77685 72644 804015158
2 60785
2 86409
1 2592 88907 553115270
2 995
1 44683 98803 6929823
1 60519 57993 935421087
1 86 36541 619307866
2 16216
1 3383 98645 493454497
2 78655
1 60257 57437 246303503
1 18927 77899 625701746
1 59502 99464 57909299
1 21046 71689 123925042
2 32136
1 98905 34328 172169579
1 91107 21780 480513108
2 95003
1 6288 9997 785454961
2 14110
1 15314 13635 575344076
2 5530
2 37992
2 57491
1 87178 12504 778714531
2 58329
1 70374 57817 517298121
1 84665 20537 509821648
2 38524
2 86061
1 31506 462 128406916
1 52100 33244 249012520
2 75082
1 40953 61191 961783190
2 75733
2 87108
1 93790 28797 7791696
2 76784
2 52920
1 22393 94417 166935205
1 8207 3926 550498629
1 21128 92758 348853430
1 12549 38966 370325692
2 94926
1 3582 31400 740027406
2 15630
2 46022
1 83419 63729 72486869
1 5017 69160 656976464
2 70360
1 3872 30984 584561012
2 47355
2 58399
1 33839 98309 222166188
1 30914 15170 889724143
2 26156
2 18561
2 4235
2 78902
2 2128
1 57398 18623 752066437
1 26358 78468 702436613
1 99161 41301 357280647
2 36983
1 74980 89681 485989327
1 87886 4323 492919879
2 33038
1 5301 54909 933735243
2 12633
2 39395
1 15232 33246 857369978
2 642
2 8791
1 3183 11894 380112120
2 16238
1 85022 96938 784388874
1 19829 83991 130985947
2 93664
1 29157 90523 430760859
2 69578
2 21166
1 17732 82604 586594167
1 85808 17069 758269717
1 5890 91626 519303296
2 3297
2 73061
2 37084
2 16372
1 13593 6434 678215246
2 51234
1 23053 53167 82785243
1 678 31566 365168052
1 97486 10064 715258559
1 29655 61612 324944480
1 8065 57285 183193179
1 1950 98488 628111449
1 49391 47741 843146893
2 10986
2 97111
2 99774
1 90596 57377 673125449
2 32383
1 2771 77504 167519104
1 58722 808 457647660
2 3585
1 34995 92171 822113224
2 16434
2 13595
2 3198
1 73708 48565 950974432
2 99347
2 66384
1 87025 79560 76153092
2 43350
1 42761 34339 39655000
1 41458 4932 361427692
1 71511 98132 179951187
1 85144 31020 999296803
1 32885 5763 756887876
2 12112
2 12027
2 59570
2 39552
1 68513 78656 363907699
2 21145
1 23727 44374 401092649
1 71819 76142 374593047
1 61325 13522 85584117
1 19424 45102 202646624
1 90855 40672 600575436
2 28786
2 56252
2 55102
2 80343
2 51941
2 78718
2 50261
1 14179 66168 125089248
2 67805
2 47005
1 99891 46458 325471061
2 17659
1 42416 65981 283327102
2 82857
2 91477
1 97617 50629 89233278
1 1325 55821 411391650
1 41654 93992 242583287
1 47150 79686 496372466
2 57487
1 45119 28224 926668897
1 1554 68756 358491699
2 3029
1 16063 54679 445844257
2 23248
1 43149 67226 116589737
2 50056
1 70609 97050 464344524
1 54492 90082 444385965
2 48503
1 56829 89322 155669455
2 26565
1 35452 80959 864244379
2 40622
1 25758 11915 159115778
2 6612
1 80427 17868 146859435
1 35313 19997 251140579
2 69227
2 71965
1 95457 63581 637421623
2 15861
2 67858
2 49560
1 41768 25191 393363367
2 36347
1 2080 72699 48802535
1 27314 11493 47721829
1 35587 96768 174545252
2 10777
2 71567
1 72551 75547 464356452
2 25159
1 60903 76799 188698655
1 59911 90373 28138821
1 73668 70925 791526143
2 6507
1 57090 1186 663064900
1 91508 47532 904997039
1 78872 17144 584917880
1 25499 12884 144692109
2 31773
2 60542
1 24505 23624 553461673
1 47456 8032 569587414
2 4921
2 3595
2 695
1 52540 31600 628485057
1 9083 19362 621846977
1 40566 96740 892522037
1 86059 59572 443549636
1 17689 52304 64440198
1 38615 7103 786344265
1 19958 71405 293461830
2 56316
2 99054
1 28783 43081 557858020
1 65088 59376 534550394
2 21784
2 4661
1 77203 6958 515437937
2 57252
1 93245 20374 989223709
1 65319 4132 873637033
1 32268 84439 412122204
1 87316 460 254241819
1 75605 27109 250787354
1 87385 61312 955994606
2 46704
2 31203
2 97391
2 41170
2 20349
1 15146 56088 787867493
1 64303 77600 458158076
1 88024 14497 32801470
2 96208
1 90238 10491 880121819
2 21639
2 73913
2 80726
2 8530
2 23776
1 83864 66882 44804549
1 59686 10640 644020684
1 17097 99704 275799964
1 82764 57394 485949462
1 34999 60186 208039206
1 61408 44891 654559261
2 87
1 71897 84052 539677747
1 34015 92550 177006602
1 17188 25262 555564897
1 86784 28571 915698646
2 25345
2 52961
1 29901 71259 440763983
2 50618
2 82607
1 71036 52507 19401892
2 3348
2 14790
1 63480 31430 632294034
1 80726 80570 83143124
2 2674
1 21375 74334 815272669
1 989 52873 225088519
2 62426
2 29949
2 37581
2 60223
1 84648 22691 42365835
2 75825
1 84117 94890 468417057
1 50255 14353 712484058
1 58621 3117 824135260
2 44227
2 25409
2 72655
2 4589
2 74300
2 40278
1 943 55707 610201700
2 97045
1 89592 53081 273760896
1 10636 24566 352842818
1 15851 17919 283152333
1 86770 81031 301879352
2 84740
1 34690 87310 785393473
1 72953 87391 978071813
2 66676
1 24112 96396 349121175
1 52479 31117 720091447
2 74228
2 15386
2 96955
2 6026
1 84384 87960 570148813
2 78172
2 53477
2 80762
1 39136 67479 388398686
2 89592
1 85054 78967 941210712
2 16
1 5143 96695 85274036
2 82158
1 47215 86595 648062721
1 33342 97954 712289377
2 88051
2 95892
2 79196
2 58782
2 41829
1 50029 78093 745023654
2 68281
1 48933 27688 196453018
2 70352
1 98267 2998 269542803
1 74024 99372 591279190
2 56891
2 81771
2 50201
1 97234 38951 943920770
1 63897 35538 54435771
2 44117
1 78931 41136 4169213
1 29870 32910 667266413
2 85807
2 80296
1 65563 55039 407872523
2 36514
1 65403 1293 573505108
2 97745
1 30543 84151 561808873
1 98624 2367 761896844
2 47204
2 74432
1 67782 96582 652297540
2 4804
1 5963 56330 916125918
1 23547 98215 692503838
1 47621 92446 667416212
2 62356
1 3770 24951 269586839
2 47604
1 74749 29968 406947632
2 3850
2 66959
1 79706 87785 139182769
1 81791 64719 597741305
1 77191 17107 132591582
1 83474 71423 832671815
1 34581 69690 387135127
2 61437
2 44466
1 30245 10870 350283118
1 75105 3905 417517960
1 11025 23352 311618915
2 12027
2 63765
1 13719 24421 762182075
1 74358 17140 883895251
1 74132 97512 1262857
2 4599
2 72951
1 15064 11421 16182445
2 19420
1 27353 58719 750458729
2 24434
1 76883 42971 194464263
2 1981
2 68260
1 78663 5660 55883468
2 46349
2 26201
1 48976 64958 267387833
1 40884 8660 808233825
1 48716 47962 844339037
2 31269
1 31748 29495 212622902
1 55356 76127 773739525
2 47673
1 49599 5742 277334559
1 56568 969 354955133
1 98650 98525 357863637
1 12746 18566 157253694
2 71890
2 58939
2 48704
2 80378
1 48953 78219 284222248
2 7680
2 56595
1 7040 17169 15074006
2 19059
1 46502 23126 415916939
1 4025 30595 269859310
2 52565
2 5426
2 84491
1 87139 52508 812566221
1 36574 5553 192068903
1 10916 97710 300908670
2 95618
1 49830 81804 483456329
1 92114 49909 240424232
1 10788 13556 276799050
1 88419 27250 613615102
1 54529 23489 320612772
2 63747
1 63486 75728 584705949
1 24254 13273 535712853
1 52311 92059 25986703
2 98234
1 10102 50518 19809969
1 85828 50230 221856467
1 42538 89274 536703395
2 86859
1 35859 97402 201889671
2 80543
1 13563 64085 450625693
1 57007 31480 442242514
1 60614 82056 661658414
2 17281
2 5058
1 87075 21809 564637904
2 585
2 52951
2 63689
1 54689 8217 547092126
1 59024 40256 990608224
1 24319 40429 753526229
1 25423 26639 787849382
2 88805
1 66236 19417 554327234
2 92138
1 9976 55357 496360393
1 29860 60815 708855291
2 65550
2 28841
2 89119
2 44250
1 69536 88926 473902334
1 15927 30388 531436181
2 63207
1 88260 42557 129999213
2 32985
2 52792
2 6208
2 18135
1 40255 43990 354483379
1 38428 79793 594409889
2 70737
2 20764
2 50533
1 62882 54307 268972811
2 39799
2 39755
1 56101 81140 140576143
1 30151 46807 424525361
1 38700 50251 254850876
1 40598 6517 986677823
2 12543
1 77431 36819 529483475
1 54260 23151 159654892
2 87021
1 29771 49040 11431028
1 71587 93603 743875199
2 68562
1 59918 93697 416238259
2 6234
2 27047
1 92646 15431 850610099
2 82387
2 39090
1 73665 38704 760792968
2 33396
1 68731 78352 362615047
1 14032 86024 143821714
1 12389 91119 161682710
1 40641 50899 569756199
2 85800
2 12736
2 11899
2 47398
2 38609
1 84602 79702 151597945
2 42739
2 64848
1 8036 93950 537830405
2 49207
1 73741 94097 453669449
2 89401
2 54375
1 5699 843 39200166
1 63294 59178 413904901
1 58267 39710 20836835
1 54805 48403 798277381
2 89023
1 1405 93145 353825046
1 25695 69409 47172178
2 65192
1 58041 19876 112153540
2 9789
1 46248 5923 357724774
1 29969 17900 589851001
1 57894 47924 7592499
1 96675 4239 173253613
1 81301 71026 973542517
2 70347
1 85025 76091 120861352
1 96173 41127 668212481
2 62933
1 78333 5107 565870716
2 14990
2 54242
1 63589 9543 201263712
1 4860 66283 119371990
1 28575 5352 821882705
2 47833
1 75418 46274 976146660
1 95432 37956 561175178
1 65394 80140 982040449
2 17585
2 97637
1 38717 12754 40131298
2 96495
1 37922 84503 235250151
1 94346 69334 24402536
1 45737 84825 997944840
2 84392
1 31775 1806 750705279
2 99001
1 58822 94116 377462579
1 24854 59129 229443760
2 49998
2 11006
1 21483 16961 223049171
2 15750
2 29547
2 36159
2 84587
1 47214 94692 942649404
1 85360 76043 266511954
1 88766 78763 254908319
2 7805
2 73322
1 46303 26912 626536725
2 96109
2 78374
2 39345
2 55676
2 91360
2 7143
1 86894 65045 224401143
2 48477
1 93125 83865 168167077
2 93369
1 31665 64229 418227370
2 7345
2 27340
1 88690 73615 355283591
2 64690
1 11490 69989 325921028
1 31497 50273 784851966
2 19525
1 17481 73001 63250971
2 21921
1 42731 73967 687473374
2 28460
2 55892
2 23896
1 86672 99286 221302332
1 82645 66587 34694287
2 44156
1 48122 1398 727452727
1 97241 8219 922277794
2 17260
2 30527
1 50158 46217 744378529
2 21760
1 39477 29076 276628389
1 28390 72490 773278317
2 64073
2 19221
1 13702 18220 850192194
1 61213 14067 904838375
1 71521 61159 543724626
2 95285
2 98823
1 21512 53171 388639501
2 27415
2 40469
2 67955
1 83112 39278 518591375
1 7034 33685 866279317
1 7179 85788 7827346
1 80687 95078 934573662
1 72453 70065 145519512
2 43101
2 78607
2 55734
1 84258 71789 204107695
2 62250
2 78371
2 31072
1 49787 33690 132031004
1 65798 97132 929561184
2 74472
2 41248
1 43214 51963 591961490
2 68129
1 43316 6059 554320539
1 84164 72554 211090053
2 99191
1 30004 21426 243536377
1 27089 61330 664049948
2 10701
1 79658 68614 437846038
1 40521 97108 561248269
2 60817
2 29940
1 81840 67452 143162978
2 84231
2 73968
1 66615 4581 28832051
2 9166
1 70786 2093 916408927
2 98689
2 14181
1 44626 85451 196516958
1 32449 43024 513125746
1 70455 26083 262353772
2 21817
2 66899
2 27663
2 44723
2 13847
2 18451
2 15597
2 68769
1 10510 45024 442833688
2 23694
1 15149 31399 856082340
2 92077
1 10259 17847 998240729
1 28017 49219 24089842
1 41908 75865 798460736
2 54692
2 82365
1 11224 12894 319281158
2 11357
1 79064 32985 581561883
1 8542 67065 71586752
1 71745 10774 684054177
1 4477 62928 677501944
1 91133 29668 414231645
2 71779
1 34221 29947 713227531
1 74635 52836 636800249
1 32782 98425 424000547
1 70274 15091 12582667
1 93296 60393 434192316
2 76151
1 31035 96520 898191578
2 34274
2 10914
2 77882
1 81152 81338 833541069
2 80499
1 99018 11468 357895761
1 79453 53078 38266507
2 29468
2 79451
2 34976
1 84858 60380 109999990
1 49641 33599 226864788
2 73381
1 9772 14593 366600640
2 25811
2 46116
1 94615 89489 689500971
1 5454 87218 827714825
2 93641
1 22642 6647 15028676
2 22412
1 66618 98265 904366222
1 85587 82245 131702862
1 20272 76334 993204733
1 60512 98553 587624843
2 16101
2 97338
1 80884 22986 884061281
1 25559 69644 814891613
2 24962
2 62577
1 32223 50454 862044300
2 21270
2 97442
1 76999 54571 359938843
1 51156 83246 766795808
2 54669
2 72325
1 69394 65112 609000285
1 78598 14035 267926812
1 33933 17484 847874073
2 54333
1 96033 67574 432220597
2 47120
1 43319 62229 187569801
2 30467
2 89384
2 26163
2 37052
2 98961
2 30255
1 92049 99693 541110154
2 68768
2 48322
2 54273
1 77920 70288 211444033
2 58667
1 98966 45729 708378922
1 67796 48841 445192475
1 70921 94132 255769242
2 93384
1 58991 32767 272291701
1 44676 36207 390912928
1 45646 49989 822972281
2 31700
2 5968
1 81724 64271 593321749
1 1794 74071 740596428
2 92248
1 83403 80613 226840477
1 80677 79595 673138557
2 69163
2 48850
2 12814
2 2654
2 28666
2 30348
1 13206 72321 241418092
1 24030 74095 247429126
1 91790 95954 575956932
1 67528 1718 697184769
1 75526 42460 73802256
1 84386 63737 325510972
2 15332
1 61353 25528 140333004
1 83776 52390 221216031
1 55097 38536 926801003
2 85799
2 87556
2 30142
2 27474
2 83669
1 40119 51716 247131019
2 25815
1 70421 56180 27559517
1 40602 8575 698176507
1 51412 77092 147826602
1 96059 89450 433017868
2 34466
1 33855 72534 47550587
1 71360 96271 244080910
2 60984
2 92193
1 76732 7136 92330455
1 46905 49208 911848252
2 77348
2 86083
1 80135 48779 742280713
1 72086 83112 209075785
2 51291
2 56182
1 39510 10671 708739878
1 52731 35919 876154915
2 56447
2 7495
1 18821 41929 273448302
1 69218 25157 126415121
2 10477
2 8371
2 33888
2 23814
1 45353 79009 387014546
2 8353
1 58089 25307 925768837
2 49460
1 51272 71114 7034597
1 56939 35924 250098574
1 33787 7860 570250639
1 53735 43101 796537412
1 31784 96829 555856502
2 49573
1 94770 87864 869021704
1 29943 77342 520464236
1 72045 27958 670030451
1 96700 87962 965160077
1 18240 17823 814132077
2 43401
2 99628
2 48925
1 89464 16557 441446796
1 7539 25917 155776782
1 28922 95077 812127500
2 33935
1 88780 27163 425043222
1 88187 1768 141164233
1 95855 79322 670484292
1 21843 41632 808422696
1 69265 16013 365472895
1 88530 12756 857446619
2 9470
2 38549
2 20865
2 38848
2 92375
2 4661
1 65736 48461 830551042
1 55616 64554 231200626
2 12648
1 70559 98484 571903691
2 65789
1 59139 95874 759557798
2 46904
2 22339
1 15100 15918 95319077
1 70903 29558 685488358
1 99072 23752 628146085
2 1920
1 53743 62801 373630218
2 28142
2 23247
1 21692 19639 535685978
1 22927 60849 624488861
1 71717 80536 104346273
1 20289 66069 181074306
1 86575 99027 659938810
1 89539 22836 913732941
2 52868
1 81440 18113 469378343
2 26101
2 40381
2 65879
2 85088
2 34552
1 50096 39348 886401005
2 99163
2 46918
2 47866
2 61592
2 16558
2 90940
1 63507 86104 615025346
1 804 23141 958200823
1 84271 3761 374233103
1 28618 79979 402217074
1 92759 33133 652782408
1 83242 79997 790659064
2 35580
2 647
2 12486
1 2565 21433 561835648
1 39305 92127 981653298
2 94479
1 90675 54988 462573935
1 10758 66561 669425780
1 19315 80843 690026065
2 56341
2 89233
2 13708
2 88083
2 69490
2 4015
1 24891 5860 719115974
1 83097 11787 204535801
2 61295
1 62558 98285 158196181
1 3718 43510 636717744
2 3943
1 72467 37447 389277155
2 23473
1 72495 13928 400952213
1 90445 71559 63968804
1 58133 6730 386227217
2 76685
1 55640 39346 540869764
1 28292 9278 828372908
2 42743
2 29747
2 49602
2 51343
1 68282 49734 774989052
1 2040 61715 118566888
1 8918 68872 965416266
1 48090 657 696227561
1 16424 7428 823570851
1 30214 7774 963051406
1 35564 69637 360044530
2 6043
1 43032 41184 366127839
1 30380 62901 376031239
1 52399 56913 922402537
2 38412
2 56881
1 88990 54374 852453308
1 56891 33334 651697009
2 92278
1 14722 50521 719734433
1 74392 20938 342538418
1 85249 9341 720406581
2 78223
1 15160 28545 587907312
1 80945 89777 683199417
1 70773 38880 633858551
2 3608
2 57794
1 95199 49998 566669469
1 33472 68912 534136076
2 17121
1 716 2997 285923869
2 36520
1 25041 96551 230333518
2 97330
2 77919
2 7814
2 13876
2 31710
2 68659
1 61235 15512 357523791
1 5273 69969 257349966
2 74496
2 64291
1 58610 52737 17388462
2 79904
2 76079
2 57465
2 34839
2 91097
1 10476 19337 514993654
2 33071
2 37929
1 82639 16862 341915314
2 45934
2 1224
1 26999 64930 803075236
1 42355 78071 888288165
1 48455 11217 24152723
2 9328
1 37068 29510 955183720
1 41632 47343 9410550
1 27780 71531 571076228
1 16709 53999 285041611
1 49916 31760 666879595
1 43994 76019 508014314
2 877
1 35111 65949 960179198
1 90528 32543 641090627
2 24520
1 94835 55473 577460037
2 69934
1 8442 43807 987106450
1 61449 12027 373062327
1 77034 76373 450555282
2 2216
1 26062 41487 791188239
2 35858
1 17769 77014 281301786
1 80648 77949 892357404
1 2514 28516 471946770
2 63953
2 99832
1 68256 44052 512603657
1 64784 32844 583950829
2 61002
2 41351
2 95527
2 66388
2 60107
2 33356
2 18595
1 44095 17457 227787578
1 76501 67055 655973168
2 10445
2 75284
2 55307
2 96365
1 32608 52476 107538048
1 42158 79925 115854942
1 29209 11238 508650093
2 58323
1 78293 36076 463143822
1 55280 20611 376910472
2 87033
2 36582
1 73414 11079 655302520
1 27001 83348 856571679
2 69255
2 10326
1 85862 51188 122652894
1 89326 38430 984935567
2 11526
2 57821
1 35854 74982 685799011
1 37433 94555 823812051
2 72174
2 91516
1 20737 55461 511308640
2 98486
2 57727
2 33870
1 78461 21275 304000067
1 75040 14793 738222452
2 19315
1 56771 49254 442854221
1 1356 14841 315736015
1 50901 32065 717643395
2 89518
1 58860 96856 99720952
1 63063 41781 38366149
2 68675
1 40401 79649 103489875
2 42036
2 98174
2 38715
2 69139
2 99458
2 52795
2 68790
2 21128
1 30387 77538 657499224
1 65242 90177 495437441
1 29636 68594 528035956
1 96649 16708 775836407
1 54080 796 274638951
1 5661 26148 580914505
1 99787 24988 515290805
2 21883
2 98164
2 53933
2 36024
1 13909 56551 662720012
2 77889
2 73370
1 4206 45647 617149741
2 67744
1 37493 39222 420825654
2 99407
2 49603
1 40232 60021 973743041
1 19260 29034 497491763
1 1860 36487 86686719
2 96710
1 73786 53011 391882130
1 76101 59362 579902879
2 63194
1 41344 95243 922735262
2 10502
1 80507 38882 120095663
2 87433
1 33033 80849 693813548
2 71124
1 35201 7817 578088533
1 4397 34729 747707057
2 18436
1 57206 25651 524720782
1 90102 6170 251268312
2 7354
2 23467
2 89869
2 40754
2 89907
1 49126 48543 18732549
2 70189
1 41593 72961 545618334
2 30105
1 14482 99659 718894457
1 12649 4730 228311113
2 77574
1 22408 2383 290716177
1 94793 32366 422994096
1 79149 25300 627123322
1 86972 38048 168587763
1 19131 12068 535847680
1 23620 93222 588903971
2 26180
2 56890
1 15376 65043 106539044
1 81055 14583 398413124
2 38806
2 71168
1 9986 88671 868139947
2 57798
2 92431
1 74012 32744 222183928
2 40656
2 48145
2 13475
1 93503 57776 704072687
1 93684 64022 898017118
2 82505
1 46592 70830 184609772
1 10650 13172 442708312
1 14546 6968 905396234
1 25537 62054 499554
1 15847 98230 853607706
1 18629 47046 966364786
2 91714
1 51227 70655 172981371
2 83240
2 24052
1 78323 77217 817729557
2 68229
1 61709 91631 333733098
2 87510
2 99032
1 97740 56577 124692891
1 14789 66991 863630860
1 34177 3945 825732111
2 84616
1 66906 63225 205260432
1 58028 72719 125169333
2 41766
2 16325
2 74378
2 39292
1 79076 90820 307212672
1 96538 76107 455819519
1 36112 46159 895292253
2 78914
2 3452
2 5462
2 93588
2 1642
1 12056 25598 810156241
2 42664
2 12481
2 99207
2 65394
2 70324
2 48308
2 16018
2 41739
1 98278 19303 356645743
2 5778
2 1064
2 62512
2 46216
1 79320 22765 264919083
1 47927 34603 436133903
1 32641 41413 140355572
2 37140
2 98761
1 39341 97318 249473809
2 69396
1 51332 27998 794158446
1 11801 62720 540662173
2 74836
2 95070
2 6865
2 47704
1 57663 73504 343498685
2 34198
2 14525
1 15969 72319 561401087
2 946
2 25513
1 70166 11968 727372084
1 95923 14478 152421266
1 8963 71512 488123992
1 72251 64891 465340025
1 77597 9842 921779510
2 20170
1 452 5054 105444156
1 22337 24588 782502419
1 39999 24434 84193188
2 31600
2 66882
1 83587 8349 672312476
2 1078
2 14023
2 38770
2 15123
1 3488 63770 13549175
2 57940
2 72780
1 12902 57314 478088113
1 36827 78732 683101812
2 53173
1 60865 98791 142728368
1 53333 34902 15846750
1 35601 26251 681077908
2 23977
1 30510 44079 774402009
2 53556
1 65641 72927 109518245
2 43414
1 24351 78229 8904321
1 24411 87371 828714303
1 60777 9536 189033491
1 80383 5461 613713186
1 34960 44631 687801908
1 4587 2627 482673670
1 49139 42961 301120212
2 14358
2 32939
2 25664
2 5051
2 15127
1 22181 57104 497258320
2 94760
2 74186
1 86951 6948 373481328
1 80445 81907 205049732
1 43039 77047 965341823
1 7798 38166 94408572
1 94177 5828 470873960
1 88024 91478 978183822
1 62695 73800 96434827
1 80330 55529 96596574
2 51404
1 69837 79612 587480765
1 53807 49707 317384965
2 57680
1 41720 7881 36406232
1 75778 28564 79744367
2 9742
2 41964
1 95220 80197 79404383
2 74834
2 97674
2 40197
1 89316 48752 277380409
2 75729
2 7509
2 23405
2 66438
1 55785 71292 358511159
2 87901
2 48380
1 41367 97069 446848413
2 73808
1 20233 1062 446376466
1 28417 22047 745690263
1 71721 84170 45496391
2 60776
1 40187 65854 796257021
2 50039
2 43647
1 18984 94155 287011398
1 30224 86119 433749004
1 54724 44995 78657081
1 98519 78143 347209102
1 33157 71356 98630675
2 14297
2 59801
1 98555 82561 501972516
1 18905 36606 27682049
2 34767
2 89661
1 17424 5734 55292212
1 47290 65324 837242098
2 59081
1 48916 42200 424210750
2 52151
2 12112
1 40830 29593 841733398
2 24206
1 1428 30561 388723563
2 79726
2 87341
2 53213
1 52115 28458 823032080
1 78032 68711 553406505
2 33689
2 87275
1 21057 64275 64335755
1 11656 43571 561471706
2 58396
2 25091
2 3157
1 67116 59355 129199922
1 53592 80331 346635191
1 25358 5045 47624164
2 39596
2 52489
1 14157 41159 803915555
2 61782
2 94352
2 14630
2 68239
2 20079
1 11026 49769 524172437
2 95621
2 64850
2 25003
1 16217 671 905410860
2 49852
1 36914 86168 330170796
1 70316 62325 950532493
1 98106 42207 327012209
2 52832
2 17314
1 34668 80997 82341956
1 33126 59887 378097830
1 11709 77044 67101852
1 89127 64041 352220141
1 32299 10350 254130640
2 65977
2 93335
1 72200 87802 283951476
1 65401 70622 447621767
2 6995
1 89241 21221 33152790
2 37892
1 98921 11054 891825914
1 53683 77223 231487411
2 52101
1 57335 66670 140346209
1 2022 95360 334847884
1 26431 44119 730144260
1 94824 79222 93413986
1 18860 59660 352442035
2 88761
2 85349
1 33616 73748 416093867
2 17876
1 87180 68428 433830268
2 54185
1 69307 41892 799793015
1 15773 50518 777720352
2 75596
1 14607 56512 509123428
2 23780
2 65279
1 18186 75868 979846491
1 5592 66413 210711575
2 68467
2 91059
2 61810
2 40860
1 41880 29731 7549572
1 63384 48611 850300765
1 71575 40876 195061372
2 46388
1 47778 2019 27729166
2 6413
1 89489 14072 704813072
1 7494 36811 682471885
1 39205 83106 15264401
1 30307 76421 719496896
1 13745 56905 459717221
1 16135 97721 553409704
2 6935
1 20030 16714 884111166
1 52620 77084 976838979
2 636
2 16414
1 18851 76555 293301505
1 13842 45102 863728134
2 92800
1 59591 56870 37326070
1 85755 3384 261253605
2 1901
1 5960 59013 840494426
2 74994
1 11452 4291 61534230
1 4347 98453 143682055
1 81525 16305 760090707
2 74591
2 66283
1 87172 35332 774301556
2 40781
2 14007
2 41750
1 87162 71782 662109891
1 99598 95875 735952251
2 76778
2 12954
1 27419 32763 620922521
1 43340 42798 83014237
2 72175
1 2548 72111 462228719
2 89865
1 68156 19635 841984482
1 48231 70192 311472873
2 88624
2 9550
1 49041 97718 791994412
2 55116
2 48
2 31088
2 14960
1 14327 83254 927055743
2 12494
2 68929
1 85257 42964 937754636
2 40767
2 68242
1 47171 96607 883747947
1 84363 92383 386281273
2 44271
1 48368 60313 407574206
1 66751 80174 453455416
1 86937 24346 551974981
1 50463 352 509321451
1 2385 93148 290884610
1 29215 33679 633735499
1 72353 44795 661388796
2 83061
1 30295 95747 837040104
2 18162
2 82961
2 94909
2 37782
1 25030 59389 348983126
1 67664 96302 721626653
1 32381 60280 90459664
2 85875
1 60510 66413 801425755
1 70026 93492 496347717
2 10343
2 5622
1 23689 99285 473238438
1 86131 99812 37745599
2 14696
1 42939 45976 656334745
2 87348
2 68695
2 37726
2 83300
2 95781
1 42376 90455 898376983
2 90846
2 26948
2 57841
1 12868 16656 126283914
2 72812
2 56048
2 3677
1 70688 62712 166383772
1 30331 24466 424161383
2 48572
1 87258 33317 635139881
1 17613 60127 469370901
2 93225
1 73027 85105 957537914
2 25346
1 54264 20343 702926349
1 32625 24616 526089547
1 97834 46185 464904617
2 85051
2 58219
2 64307
1 86220 29787 615721028
1 51939 66683 770945209
2 80749
1 90669 61453 522314178
1 11055 12673 836636656
1 3954 97454 574611167
1 50662 44911 332653477
2 98994
1 75389 20943 665848528
2 78630
1 80408 92290 572772141
1 36171 94696 882733125
1 86170 96076 331211200
1 82058 80635 563382022
1 28024 20337 95012601
1 43072 29764 262066240
2 83380
2 59442
2 68033
2 48371
2 38783
1 19107 66613 265482806
1 36992 6026 69696100
1 23558 91535 152535792
1 41695 1008 957996760
1 40896 23877 843620178
2 83908
1 17786 67525 487851450
2 53229
1 20696 71069 35701875
2 62210
2 58289
2 36123
1 5646 84028 467756329
1 2863 6654 298402862
2 96247
2 55398
1 49471 75418 952300863
2 92999
1 11539 60748 998676650
2 4823
1 17195 67384 845154722
2 37905
2 47868
1 39738 21356 332905232
1 92596 2529 57918447
1 87720 20285 512952773
1 86917 35067 396876076
1 78706 20165 848555219
1 32170 1473 83547980
2 26802
2 56815
2 92929
2 42146
2 39508
2 4366
2 63809
1 13893 93504 69072861
1 73051 14604 387758169
2 28188
1 26574 80589 966886929
2 63404
2 67339
1 47448 24191 260005399
1 42147 71847 266624712
1 13009 81885 387531133
2 14348
2 18200
1 99102 5867 779698140
1 75548 83801 848957365
2 45884
1 84067 48260 377332613
1 94532 12744 580528260
2 27476
2 92416
2 56047
2 84961
2 49365
1 87879 96899 214606606
1 38281 62923 823138738
2 59681
2 82623
2 33254
1 69563 86616 897736893
2 96979
2 41743
1 12998 6175 841043416
2 50550
2 78298
1 62407 15457 836875680
1 58988 36573 10266430
1 63181 19624 986166384
2 10600
1 93049 47122 56231900
2 74135
1 89492 20602 212862342
1 37547 34422 454042049
1 28318 36498 208694685
2 55857
1 68077 11658 488813777
1 8761 24383 358712694
2 45985
2 26621
1 37858 63348 485713654
1 87088 99214 248869858
1 4206 22136 429959143
1 90297 86815 817078547
2 40854
1 53210 79021 90480568
1 22403 97336 51027879
2 41590
1 74089 7991 429425262
1 21782 14740 463557212
2 91908
1 6967 87401 330847920
1 89998 86320 608320402
2 44828
2 33877
2 67943
2 21038
1 34601 21970 990272394
2 95699
2 83857
2 45617
2 84206
2 5544
2 5043
2 17337
1 68882 36323 760781264
1 16281 3133 737508147
2 92308
2 65849
1 11481 54119 874452923
1 72193 53767 557094052
1 64854 32714 761148275