394 133723799
1 68586 28053 613375883
2 46541
1 1630 76741 866971740
1 92209 43368 375950890
1 94033 14989 507903591
2 55429
2 66425
2 25434
2 23285
1 86165 50780 842193708
1 59759 56616 55680534
2 38052
1 31780 18647 634377023
2 52835
2 26485
2 13737
2 75641
2 27058
2 44300
2 34441
2 94217
1 81663 7709 612912511
1 15768 62525 634410716
2 53576
1 69057 92942 73077457
1 54194 18710 862639732
1 4932 26179 462090831
1 10390 16835 446769840
2 43037
1 63246 55074 839657272
1 97328 62437 181458042
1 78133 54413 729985199
2 60744
2 75687
2 90545
2 14598
1 62707 96626 229217122
1 54591 53250 142747476
2 22196
2 1103
2 66016
1 56450 54846 542311866
2 92692
2 44472
1 72782 42866 45591497
2 9842
2 33410
1 22596 73829 454523670
2 26335
2 11528
1 78803 881 329036032
2 59685
1 41213 68067 723727774
2 27626
2 90284
2 10496
2 33519
2 59772
1 64265 48963 754609287
1 70464 4552 318098438
2 5254
1 62674 11322 725676155
2 60554
1 62163 50484 248185123
1 96069 61027 292612269
1 65801 48521 989661268
2 92156
1 91928 46543 230928477
2 89861
1 89586 15355 393443671
1 68527 30546 55744268
2 88613
1 14876 84199 687872224
2 32201
2 36986
1 77728 13345 316282949
1 29701 48392 586096439
1 41851 31525 881757316
2 12276
2 63753
2 88271
1 64415 68187 776348782
2 94411
1 17036 79924 234963717
2 31449
1 18619 74725 760432012
2 15556
2 12144
2 83802
2 73871
2 32296
1 49515 30208 46966907
2 81769
2 58189
2 60776
2 67298
2 71703
2 3171
2 20922
2 41132
2 52113
2 47953
1 7099 39736 262383712
1 68437 4421 284169230
1 86183 5922 458512842
2 87138
2 57963
1 17685 62903 465940562
2 22441
2 79283
2 86270
1 30056 51765 834313343
1 58436 66304 357677552
1 99771 32967 951230662
2 6039
1 91619 54868 998198729
1 59636 82762 320567609
1 88660 59921 522699836
2 82296
1 93115 84254 752379503
2 22271
1 55562 31936 254416206
2 18014
1 28433 59240 664402843
2 35647
1 49810 97596 375777149
2 58837
2 81173
2 9572
2 60199
1 53691 80246 246677054
2 8959
1 74485 32595 418040426
1 25627 34701 61417240
2 91041
1 8913 17372 239931841
2 34795
2 68679
1 20128 77218 243826448
2 48413
2 6074
2 10437
1 62039 42811 263176058
1 27926 96933 342180245
1 42443 91647 149394587
2 38453
1 24698 19011 555953957
1 79141 75376 478124989
2 70958
2 73545
1 12418 40553 36721921
2 29428
2 67970
1 93908 82084 90582478
2 89287
2 50848
2 79240
2 1246
2 53763
1 53429 20658 826912912
2 92400
2 87845
1 65261 73515 963231240
1 80114 97740 893741132
2 47639
2 54091
1 87208 88223 903589570
2 16390
1 38938 51586 292418686
1 81131 32 405643146
2 64437
2 71672
1 5452 2161 855120303
2 41887
1 38027 82872 97361316
1 53689 64938 468616056
1 54231 67403 843902257
2 24111
2 86278
1 62033 74743 581767435
2 10692
1 64136 14183 590056655
1 14367 72230 966276142
1 76316 3221 473298596
2 56842
2 15124
2 93837
1 33765 8219 647770931
1 83721 74043 955566251
1 84046 83806 732314961
1 49361 28826 183476863
2 41898
1 47586 62608 47258674
1 99173 94022 201383905
2 34645
2 46614
2 33687
1 91128 81662 471109879
1 84335 46365 128175116
2 55088
1 48262 16922 746105384
1 51236 30090 400089602
1 26257 98297 102103838
1 65681 13275 775371381
2 25025
2 49233
2 54302
1 32583 796 43455228
1 57963 33280 353720296
1 58627 82540 673226812
2 76147
2 75586
2 52228
2 35459
2 89196
2 75289
1 43389 42967 615937195
1 56770 48630 821315611
2 17198
2 19809
1 23694 74849 488451957
2 55807
1 73996 77598 213250544
2 5187
2 65325
2 61137
1 77109 64678 685528104
2 61402
1 70094 38744 867267393
1 21691 720 410923561
2 40228
2 97910
2 42332
1 43624 67892 134775121
2 15720
1 55762 53255 130916452
1 25525 33843 808611016
2 83667
2 55695
1 62480 40994 860513627
2 2323
1 9745 47609 247944772
1 75317 70801 486598096
1 4184 63093 256944529
1 10644 28937 376726061
1 21719 12294 529486080
2 43407
1 83917 22927 325921978
1 8513 37008 537260899
2 33102
1 91797 23657 728334415
1 25649 27970 699441643
1 19421 39072 617622929
1 81350 63848 663428617
2 12728
2 37588
2 6699
2 90678
1 28578 10118 450166098
1 95696 45126 99037225
2 53078
2 44210
1 31941 74946 53399546
2 89898
2 61002
1 31823 23016 48216665
2 2684
1 15761 53938 26831872
2 55970
1 86633 89660 961873230
1 86726 87407 408668927
1 89665 69443 478361582
1 65753 89125 366957813
1 34777 57286 506698088
1 26141 91715 279278142
2 6597
1 41297 37444 321742073
2 18555
1 15258 16290 581471304
1 56922 2793 700938084
2 37739
1 68945 30229 774060834
2 21058
2 36062
2 83116
1 79333 78922 712242212
2 43200
1 45248 45255 930212419
1 80296 95234 220779293
2 19852
1 34285 4819 448428012
2 86624
1 82827 87414 614043585
2 65989
2 85249
1 73678 72576 8012937
2 53677
1 91297 38190 782148278
2 89127
1 38197 16491 95747693
1 8583 23822 685479022
1 94391 53846 299022799
2 11601
2 94116
2 29309
1 35825 50764 447423831
1 27800 99695 760046614
2 60574
2 49402
1 59682 82970 775249344
1 84448 96950 783861731
2 22672
2 25362
1 77077 14922 588339086
2 1872
1 3226 19693 768187672
1 20513 58343 410796792
2 31878
1 81599 33605 620300900
1 76741 46291 177544389
1 37703 65391 762583966
2 23838
2 89266
2 17349
1 98191 55891 617271633
2 44392
1 11888 95350 378842616
2 3478
1 4863 81490 994195987
1 6222 76338 345160903
1 45150 74491 546631965
2 56055
2 21073
2 53277
2 17144
1 30834 98637 879688780
2 77302
1 50111 87739 921624041
1 91428 40836 154635306
1 22752 64103 807341834
1 32896 65204 627729111
2 50892
1 74111 59008 683999147
2 70033
2 37013
1 1892 16993 477228200
2 21423
2 89176
2 85209
1 14787 70827 319821288
2 7858
2 96480
1 90736 76860 835248414
1 35716 63038 551605809
1 35222 89710 493361499
1 8393 34782 968526134
1 71281 12434 1349365
2 39608
2 26625
2 73922
1 98724 85375 49678378
2 8775
2 14516
2 83512
1 95114 91466 283793226
2 55492
1 15167 93596 27456255
1 99374 59507 556936432
1 90376 22009 403835476
2 19819
2 36505
1 95537 71257 338195850
2 29124
2 14719
1 98196 97347 462028691
2 39822
2 61808
2 183
2 95478
2 79604
2 89319
2 16314
1 22025 91557 453725768
2 93151
2 10957
1 96130 10668 12350747
1 68118 51296 59539073
2 43950
1 55618 35804 165538595
1 83191 78082 740690738
1 85875 12117 921888729
1 3775 17844 388849170
1 80699 69021 470391004
1 52931 31441 955986994