1830 517104248
1 68263 70251 847517599
1 30949 44293 531544703
2 26964
2 79362
1 72705 65645 156664221
2 1027
1 69010 41874 489989069
1 8477 12789 139575699
2 22141
2 23277
2 66865
2 84342
2 54906
2 86678
2 86871
2 74163
1 85256 81064 363284985
1 55057 39828 657520564
1 7989 39785 862680058
2 55339
1 79307 68208 507528205
2 64548
2 50479
1 19046 54361 21623445
2 37035
2 88669
2 30937
1 9859 69336 144030561
2 8315
2 2767
2 43241
2 21529
1 61628 7210 274419526
1 79344 17505 735819337
2 38517
2 72016
1 76421 66059 592510316
2 98109
1 35250 2336 192938257
1 53627 26497 807559684
2 88954
1 14011 53868 843284453
1 74306 18431 466286668
2 40392
1 93555 10283 482925195
2 71391
2 42823
2 10574
2 57359
1 49037 93623 4986020
1 14981 30864 23505905
2 73720
1 62865 86461 572192079
2 13350
2 11504
1 70904 81011 220623335
2 29050
2 7153
1 74086 30180 57676926
1 1558 89677 552182971
1 36852 89576 366692784
2 66452
1 8682 48427 494531537
2 88406
1 44046 33187 238044000
1 56984 55901 944788562
2 35245
1 357 30924 976284855
1 12004 38251 51887237
2 33907
1 74258 59000 146485042
2 98660
2 53013
1 73231 82310 937353849
2 53748
1 43550 66722 876188658
2 56938
1 27944 71900 308690578
2 8509
1 13930 22258 857550168
1 64555 65813 219884019
1 95342 62600 857817468
2 86219
1 21329 759 134069649
2 12958
2 89749
2 93282
1 17676 67567 891072486
1 30348 21673 444280316
2 45195
1 46644 3272 480782195
2 86659
1 2341 67066 516661827
2 58048
1 72904 82741 931884801
2 80305
2 57690
2 19236
1 86936 94301 578829011
2 95890
1 58418 45107 718999045
2 24864
2 69572
2 93539
1 37410 80046 747362041
2 26015
2 40065
1 45670 63252 437446132
1 66358 7239 84733218
2 71046
1 31408 67260 747785925
2 79566
2 69302
1 1182 42271 893084951
2 5520
1 61886 85501 435764529
2 50383
2 49475
1 91755 89801 710488829
1 50466 19113 336690424
1 57821 12063 838411681
1 28933 23349 706983981
2 93584
1 83421 18473 73433830
2 18872
2 98443
2 5323
1 39562 70965 472024601
1 81870 57778 40038639
2 6200
1 2032 19758 441116
1 24665 18207 567173570
1 43194 42464 295609227
2 74163
1 31085 50532 147429489
1 74811 9020 539363340
2 281
2 34832
2 46925
2 46879
2 25006
2 28345
1 57220 86429 830990487
1 18582 19775 653970918
1 84757 68777 61770600
1 89713 15420 614717037
2 40927
1 17528 60463 915136328
2 70672
2 96396
1 10073 39369 647049159
2 65847
2 5220
1 15067 52871 586004890
2 25359
2 93721
1 32148 37059 516921144
1 23221 80558 295555290
1 46102 88493 225896182
2 46689
1 55157 35943 5916888
2 23352
1 64526 96721 620760243
2 68276
2 35006
1 78142 95476 212583650
2 58871
1 95191 15532 102480498
2 63488
1 95929 77294 212339554
1 19878 67368 58175548
1 24664 90715 891219036
1 8983 50273 565803377
2 74603
1 65235 56600 822138704
1 10028 49038 718427008
2 24222
2 64106
1 22777 27273 510694687
1 95892 62890 907939995
2 87460
1 12714 13906 943559846
1 3971 32770 35627886
1 95621 13780 617635933
1 23304 92748 275422289
2 75959
1 95389 54308 276536892
2 20181
2 49462
2 98912
2 28363
1 27372 6140 901061241
2 27416
1 82602 96786 122074775
2 53586
2 69850
1 62156 22180 467217004
2 15847
2 43370
1 27257 3919 953049216
2 95752
2 23437
1 70810 21716 799340573
1 30606 97976 598317617
1 6738 36681 328556729
1 84002 2480 247292597
2 89090
2 85906
1 5736 71532 827419256
2 35741
2 56764
2 59501
2 91688
2 77480
1 35516 54490 765379983
1 52945 29686 610364785
1 99113 97671 307639600
1 86607 88505 885333455
1 24541 93201 676667100
1 69574 12222 414460036
1 69890 20418 285451254
1 611 9170 448997679
1 51617 58926 74520462
2 33819
1 77673 88309 23914101
1 79034 72056 403040585
1 96569 99930 38732924
1 69145 73577 816674147
1 28856 4431 339297982
2 83249
1 59711 9286 190397757
2 92750
1 19602 84579 948507448
2 21384
1 21723 64681 851200408
1 4892 92316 315224075
1 25890 70952 476013817
1 86362 78262 773430131
2 5433
1 15334 94291 836232393
2 93711
1 70274 22462 959984793
2 79004
2 97466
2 52720
2 18923
2 56861
1 60564 67535 529724106
2 81931
1 59806 14164 907952828
2 87035
2 76295
1 60430 48593 277662506
1 20487 27337 234628006
1 56842 78929 48608084
1 8100 56594 179067900
2 21096
1 76747 25812 661878192
1 56998 26307 629358237
2 72923
1 5964 73193 834574404
2 1726
1 76994 52938 297004558
1 92309 10565 386262177
1 74283 38951 890688659
1 5124 91947 184662313
1 13194 21019 825355836
2 69176
1 34154 66575 109401772
2 5233
1 59044 35625 411028180
2 27749
2 24872
1 77958 33223 576003015
1 39315 32533 513737983
1 24524 85401 592281756
1 80778 80793 760008085
1 8904 32529 960168652
2 26340
1 2754 40357 526411941
1 59487 14243 766144903
1 86822 83051 52522246
2 62688
1 54263 88891 513370277
2 29031
2 53389
2 98154
2 16040
2 78774
2 53905
1 29834 58833 727216470
1 87116 41936 998519746
1 61638 13064 17834909
2 29596
1 19309 87525 981126877
2 73185
1 97924 9966 902953426
1 65438 49605 867956000
2 41730
1 20931 39358 250888862
1 29345 39541 860429682
1 68578 21029 108934260
2 44728
1 42025 77746 97923907
2 67050
1 4942 88782 211149938
2 28615
2 22083
1 90539 54002 181743530
1 88585 39044 884519032
1 67144 23692 989119783
1 24447 22234 341471996
1 2114 390 281635021
1 19115 12207 584877649
2 61375
1 25620 74033 98364330
2 32347
1 75219 92824 322207860
1 89121 9341 348614383
2 31707
1 17092 17868 841585315
2 15954
2 42412
1 3189 24894 140856146
1 83264 93777 306002857
1 76781 86138 36069551
2 43111
1 96494 23121 607881728
2 96604
1 63107 21762 285376088
2 89229
2 72238
1 15785 85163 19557322
1 34596 12535 965541257
1 86809 62286 145141501
1 61453 96209 119864730
2 16061
2 27357
1 70981 15159 993415252
2 69677
2 39257
1 59568 43746 523531081
2 67078
1 93644 45977 902469228
2 11798
2 12056
2 88989
2 34613
1 56196 83003 692146348
2 7211
2 55755
2 9749
2 95457
2 10026
1 65703 64936 245603882
2 30960
1 59197 46285 35903604
1 62504 58657 904176823
1 39560 26230 322965431
2 92573
2 48267
2 83222
1 55970 74890 794157514
1 48250 82534 498165005
1 54568 61485 791461883
1 88782 41086 732198597
2 60252
1 42130 81895 82550401
2 71740
1 24210 19355 396623599
2 30996
1 18224 81794 943782895
1 78306 11983 4892376
1 95891 62690 810353133
2 9631
2 21571
2 91700
1 13250 37640 426084282
2 40614
1 70379 31988 130856771
2 39243
1 38724 54216 351175313
2 1443
1 90171 17554 178603440
2 12262
1 34363 23410 399747846
1 52980 71686 215901306
1 36407 96397 309449763
1 22651 88715 786247380
2 13103
1 72916 18104 352974516
2 35462
1 33146 8654 964620032
1 71443 32256 103561031
2 61961
2 57094
2 7213
1 49598 176 316598365
2 35862
2 36171
1 56966 85846 922654549
1 23429 30132 378017000
2 55189
1 29206 45097 439805554
1 42254 16703 353657007
2 21666
1 49003 61998 751012128
2 17180
1 35674 7869 429561735
1 37962 23063 891733242
1 12489 54053 413422724
1 85637 82151 286361470
1 93877 50203 179326490
2 60238
1 22088 83569 476073199
1 9420 5808 157932481
2 86762
2 74198
2 4260
1 94965 76717 800535541
2 87157
2 90841
1 69789 74324 877135882
2 86793
2 42021
2 22006
2 77522
1 27880 58451 275543486
2 26290
1 86365 1397 710096091
1 94901 34205 776360131
1 91551 11113 137071729
2 66472
1 10482 73108 324635755
1 76093 55760 885520094
2 7951
2 30157
1 79636 66876 337721679
2 64445
2 16607
2 77759
2 59466
1 18054 91466 280542690
2 21944
2 57581
1 37763 55507 52957045
1 45754 87656 919032941
1 17239 79377 49041462
2 81140
2 81671
2 18973
1 55119 98670 775952636
2 56866
2 56481
2 78715
2 98940
2 92226
1 5082 55731 572309230
1 39816 10245 509779967
1 25429 80530 289320639
1 18198 48933 534979726
1 8357 42838 261905977
2 37567
2 71992
2 62084
2 80601
1 9470 8114 533036502
2 18914
1 75530 57682 82776413
1 41301 60956 602981571
2 12333
2 71989
2 20291
1 64247 35178 224205698
1 59907 92667 72312693
1 14567 80527 368279400
2 6815
2 95708
2 25642
2 42455
1 43859 74473 551795197
2 36654
2 14653
1 94977 99156 824764217
2 74115
2 85282
1 39520 69266 827820706
1 3717 18063 400817914
2 96374
2 33476
1 2182 26721 891920245
1 59118 43577 295582339
1 43318 30926 412455482
2 20289
2 6671
2 33774
1 74635 49425 690416446
1 61854 77756 560545504
2 51285
1 82002 27858 179683330
1 87797 6513 449234067
2 22011
1 40053 8481 798692483
1 51150 71787 799416247
1 11146 3764 690571411
1 22379 27768 475974280
1 45449 90676 617778569
2 54167
1 82227 15734 824539752
1 98726 23487 786147572
2 66747
1 26739 64595 500437276
1 3669 55355 582170614
1 6693 82990 66376026
1 26825 67124 385246162
1 44782 34725 382765655
1 16025 72952 576643975
1 7544 88734 179997524
1 49961 53332 997941294
2 47120
1 73761 44138 438188624
1 54210 35361 884190303
2 53556
1 46636 23312 529281395
1 93523 18138 694084946
2 36705
1 67413 54311 106584562
1 18725 57304 180974643
1 27146 59789 548077
2 5216
2 79292
1 43089 7366 914035903
1 73606 81761 837253273
2 65938
1 22371 39630 588026567
1 46881 97425 430656340
2 28627
2 92524
2 90956
1 91351 31692 61617230
1 10635 50185 536296770
2 94597
1 47998 21461 774401558
2 13730
1 33805 31625 801343767
1 12900 53902 235071509
2 601
1 99843 65949 381498977
1 65945 48342 811661552
2 98978
2 39146
1 45288 92218 615871644
1 26349 45988 494111130
2 31963
1 7632 46270 408889399
1 71768 91859 344280351
1 89410 2435 707004518
2 85516
1 1508 28337 92581438
1 43727 56934 436469009
2 64213
1 93510 71368 721909884
2 7825
1 88448 73954 391568881
1 55318 31010 647440313
1 48355 44909 926374569
2 97741
1 17932 60270 572920313
1 28866 46034 56249567
1 44661 65026 297557554
2 16422
2 582
1 95693 47975 964816784
1 48440 25457 610704498
2 52749
1 48452 56481 704456311
2 86468
1 44878 74696 430176954
1 13206 90049 149758125
1 92228 17393 481919119
2 74772
1 37309 78856 470548820
1 85329 47173 435665637
2 50191
1 72876 8345 494975809
1 76665 5390 508077709
2 19939
2 41851
1 53431 43675 785019263
1 24387 71508 538715715
1 85435 93834 776234796
1 25604 90918 866429100
1 5127 87137 115232208
2 4426
1 82264 47545 276951214
1 9441 26807 760234261
1 86073 30944 663415887
1 54988 55495 772903087
1 59446 85872 165008437
2 26778
2 46443
2 97602
2 31122
2 44380
2 4177
1 95583 2148 11211193
2 99643
2 18015
1 95475 68675 863145571
2 29686
2 12234
1 54166 58607 842984135
1 691 92088 711638164
1 14172 8755 785266756
2 23743
2 85884
2 32171
2 84403
2 17336
2 91850
1 6674 30025 741373
2 73969
1 98800 12194 969366025
1 34959 84091 604748795
2 41608
1 36541 47362 641643785
2 90983
1 92464 64493 766579228
1 90602 87265 507280701
1 93142 72622 888013454
2 77921
1 77517 57462 895385836
1 43038 8058 909511899
2 80237
1 94389 46951 81630804
2 56873
2 94203
2 11461
2 30999
2 78450
2 92751
2 47581
2 15001
1 41117 98867 226108337
1 53586 87520 19725830
1 95816 2279 187909536
2 79222
1 9235 3047 366964021
2 57878
1 70936 85178 189598023
2 10077
1 12738 84567 609023733
1 5895 82920 532677727
1 77928 46981 850687325
2 26382
1 29884 64098 333758058
2 49836
2 74902
2 7616
2 28745
2 26430
2 89104
2 83237
2 46392
2 87404
1 2753 25577 845458617
2 80139
2 44121
1 66583 27810 213157896
2 67771
1 97438 59691 144958398
1 96949 94183 871785648
1 21125 36426 506061493
2 5581
2 79114
2 72400
2 55591
1 38461 47760 866012620
2 67992
2 36383
1 82332 73619 949457468
2 57113
2 19073
1 16130 63741 399810259
2 86392
1 86538 44191 192942118
1 29328 64126 472596279
1 22219 79265 173929501
1 30011 4756 366549340
1 88999 38554 622048830
1 77710 48937 91223356
2 16298
1 9645 65350 172050752
2 42929
1 5061 20564 941186196
2 37364
1 36390 94184 434097769
1 93269 568 998207472
2 18083
2 77658
1 39417 6610 556073732
1 84039 44588 56740364
1 62636 61682 711419181
1 18893 76153 166672548
1 88747 11541 554891879
1 1253 94006 665052857
1 25282 12506 106352037
2 77995
2 67755
1 64846 44644 615314174
2 85668
2 82279
1 99096 42905 419587745
1 45981 64686 365095308
2 24766
2 41007
1 14783 15876 731295966
1 21518 62965 129138690
2 50307
1 4912 20098 448433727
2 94552
1 67457 92936 526675243
1 65343 17449 433172187
1 1000 90819 859339245
2 5627
2 22529
2 29521
1 96207 63515 906535461
2 18472
2 65255
1 49627 70658 641578251
2 36923
2 47910
1 60520 50314 203787008
1 80043 67900 27978581
1 53337 11915 442830862
1 22946 70424 897932604
1 48093 81450 925936905
2 35290
2 7399
1 48577 64154 535482852
1 33859 97251 431332556
2 73322
2 96497
2 16552
2 50753
1 94722 59506 679494198
2 63828
2 18608
1 68487 36171 282998337
2 33768
2 35710
2 72933
2 83476
1 84672 3523 417756755
2 24560
1 19873 75333 211170423
1 68162 1141 833330959
2 99983
2 45046
1 49674 42683 399049738
1 57716 7840 878358634
2 81551
2 77058
1 72954 63266 415185213
2 51046
1 54610 32179 743087639
2 37694
2 32305
1 80185 69404 570788154
1 13185 11709 461095957
2 3308
1 29453 86704 684814100
2 86929
1 97607 67243 278334166
2 39950
2 69489
2 23566
2 45501
2 69265
1 15076 1347 256905183
1 20253 23641 807375450
2 60615
1 42519 33805 628785885
1 23650 12254 730647899
2 2050
2 72416
2 68071
2 46668
1 26111 87603 159522113
2 52348
2 19251
1 26374 15883 575322603
2 90275
1 40027 58269 473746779
1 39667 91997 886885243
2 17140
2 560
1 17278 98575 234609984
2 60279
2 17208
2 19442
2 36124
2 63550
2 68527
2 72127
2 69878
2 36073
2 92417
1 716 9020 418884813
2 13424
1 67231 47342 776045819
2 31541
1 47676 97685 813740874
1 68031 84507 987301877
1 89884 49529 346314528
2 64222
1 62640 43371 715563193
1 56577 88250 645725000
2 14233
2 2734
1 95647 65086 28573821
1 12634 52911 428067792
1 68072 48962 541050487
2 31397
2 95522
2 47373
2 49914
2 37682
2 34495
2 64089
2 91112
2 36891
2 64527
2 77062
1 45264 26453 592051484
2 87926
1 37401 98660 702265196
1 37091 11538 181673997
1 39254 23589 474646354
1 20992 22687 279800822
2 51109
1 50505 62884 752789822
1 45142 47542 418874108
2 55006
1 74922 8300 142489676
2 42661
2 8225
2 75710
2 65377
1 21650 10056 1694058
1 54171 47906 448498532
1 67286 65800 617888574
2 56560
1 25277 57668 577375059
2 6057
2 48959
2 64622
1 62225 20287 577377507
1 2006 59605 47332122
1 31383 42243 435165480
1 57318 25066 174015694
2 28591
2 547
2 43793
2 51199
1 51442 24238 602108897
2 57452
1 19219 17775 717579339
1 51111 37412 916077481
1 12946 19046 288989835
2 14524
2 25867
1 51062 33775 180552265
1 37660 98788 655320791
1 726 39024 10124174
2 66050
2 42449
2 69760
2 48013
2 14318
1 37803 30023 984800395
2 19945
1 35231 16750 177489457
1 64509 30114 370101864
1 35276 32856 514920449
2 38172
1 92355 84816 658152851
2 64737
2 62843
1 82374 84390 510229229
2 29060
2 31235
2 89218
2 6270
1 5681 27064 513876358
1 10655 25652 128519593
2 22929
1 70776 56209 144822443
1 13174 99590 938804366
2 17248
1 4233 77964 108683755
2 46292
1 89460 85482 857573215
1 34163 97003 23138238
2 83261
1 89359 46609 733915310
2 93111
2 30073
2 81180
1 79160 91109 566777420
2 59096
2 55082
2 74374
2 27267
2 65192
1 19968 88158 371879878
1 55389 78477 268975486
2 50980
2 66320
2 57917
1 88596 40996 470792694
2 76229
1 85018 24429 967302290
2 20058
1 15487 68313 562416885
1 70180 26711 941023514
2 31887
2 88878
2 56993
2 79541
1 36678 51482 238167956
2 16012
1 9802 94401 753885833
2 94220
1 4569 77531 651969948
2 41390
1 99907 13651 899581290
1 28777 3299 479123221
2 68045
1 49022 28305 687557305
2 17810
2 97729
1 67954 63624 969741577
2 80633
1 5557 64422 572694239
1 24536 20098 214697982
2 65352
1 65296 61615 883937466
1 18587 12736 17511568
2 41045
1 83550 46703 306559741
1 58323 60357 511010181
1 67645 16875 866770686
2 84347
1 30537 18932 555527463
1 94806 75859 990046835
1 70608 15085 174911151
2 24958
2 75791
1 50611 64305 319555270
2 60154
2 19315
1 25441 35315 531174116
2 15361
1 42501 99373 485098450
1 49059 25720 47038052
1 69371 91620 232957733
1 51392 75999 838281411
1 39500 32989 294569959
1 81966 4057 654461813
2 67169
1 25605 21153 859726363
2 64334
2 87156
2 88451
2 22419
1 76493 23736 496659193
1 64049 44141 825922100
1 15248 45757 45110192
1 22121 37805 541088799
2 58590
1 85085 11192 561435937
2 53033
2 67846
2 77208
2 89267
2 9099
2 96178
2 61395
1 11570 51041 740738792
1 10105 84504 699303331
2 80392
2 16148
1 74336 30350 806881255
2 15226
1 83324 45630 76008798
2 78363
1 43119 93362 113546652
1 35051 81369 564636516
2 27933
2 51821
2 53606
2 61721
2 45024
1 49506 45358 979774257
2 23584
1 26134 75898 702463241
2 81957
1 39022 31073 182045286
1 98087 58282 597416099
1 52790 85604 588406213
1 92169 44095 869055332
1 49725 93210 419746648
1 70480 80350 115822271
1 81367 67442 48957180
1 8321 22595 532132778
2 77952
2 13145
2 55831
2 53828
2 13645
2 79756
1 14821 22168 934270476
2 21439
1 30012 91736 52591260
2 58500
2 18279
2 71145
1 12005 45986 945967888
1 45804 27031 603255335
1 6375 84311 24006563
1 44587 62128 131527087
1 72166 85883 197142964
1 85021 60078 193569318
1 34844 42447 353841236
2 73295
2 10171
2 86692
1 99132 5954 431058945
1 83146 50862 804226643
2 90124
2 59022
2 80409
1 67035 66667 121980376
2 33614
1 74076 92933 780929521
1 38941 75462 176968815
1 30547 46726 673160576
1 43351 42918 205516049
2 3277
1 95913 66260 49460993
1 12054 65909 616652570
1 94315 82675 915293699
1 85150 42981 824579386
2 74155
1 3609 32931 393797122
2 45656
1 60726 98471 438936733
1 88103 86702 382533607
1 21121 6440 965285493
1 19401 17094 489162851
1 92411 98870 454671785
2 68102
2 18507
1 74907 25008 420316173
2 71403
2 61876
2 2739
2 3198
1 28897 99207 187577446
1 2940 14404 195432225
1 17196 3271 586925431
2 21996
2 78317
2 69944
1 79437 1385 106416135
2 64897
2 53974
2 90705
1 56519 16482 858716408
1 58979 51400 913536359
1 47183 75686 111091051
1 42048 35269 704316609
1 35456 7543 536556708
1 25792 39838 215704865
1 99405 45572 193422487
2 47103
1 86948 37325 24272376
2 27579
2 39339
1 81659 2114 717300726
1 54809 7474 707983069
2 95076
2 17631
2 96325
2 31477
1 33844 48019 594670491
1 39309 75951 171819191
1 78708 78323 181299005
1 83955 27232 180311226
1 54557 92915 173615998
2 87403
2 68515
2 66810
1 80318 64670 713446526
1 88655 564 8553898
1 15771 1616 649480861
2 57154
1 73037 54310 802203128
1 47011 81268 943485005
1 51557 82882 41180090
1 98717 37901 1432158
1 57862 99187 239447866
1 65767 92942 317942950
2 96542
2 64573
1 30873 70348 698168691
2 40637
2 99545
2 54407
1 5018 34197 817974480
1 48479 51560 592298727
2 85284
2 25248
2 25343
1 36129 4370 123738352
2 46875
2 81442
2 73058
1 76586 18216 532503660
1 89480 60007 427908428
2 35162
1 31718 73413 977352500
1 74543 27969 978281526
1 22418 28663 21666583
1 21969 94101 456119634
2 37615
1 62822 98048 927860670
2 73249
1 89300 50109 159177740
1 98143 63448 316648627
1 5108 85423 324414758
2 65033
1 42852 9800 766832750
1 60860 96991 168598613
2 74136
2 67116
2 74423
2 80321
1 86880 95314 38424254
2 58945
1 29572 73423 982189728
1 24457 42963 673099319
1 28434 71679 60422770
2 527
2 62625
1 42963 51243 748410989
2 70756
2 97282
2 11627
2 79121
1 69017 76278 712364305
1 5546 68627 685582433
1 4677 23392 295462386
2 54079
2 61024
1 46229 53946 945118220
2 51410
2 45154
1 29165 33435 889616606
2 31081
1 19132 89353 943908693
1 94764 24510 771142017
2 98354
1 16610 48553 979019248
1 76028 55440 657290988
1 90256 30218 275094717
1 39758 84107 669449688
1 53891 14194 306275720
2 57706
1 66680 40047 289602374
2 46953
1 27178 42007 15690588
1 80879 33636 328973650
2 86655
1 79078 28050 287196742
1 13866 42186 50346430
1 42590 27248 508106531
2 6356
1 82927 19252 389395153
2 79473
2 46125
1 5369 50868 615007170
2 85047
1 91889 94395 842907042
1 75534 38840 157070719
2 82154
2 95268
2 11546
1 56777 5216 212498493
2 36052
1 27673 22129 837115545
1 96896 88638 427080891
1 23202 25455 918909222
2 83045
1 35019 76055 297193028
2 89418
1 60968 75560 669216615
2 83
2 46287
2 32935
1 34351 47227 912126136
2 45913
1 65192 65548 29024712
2 69437
2 25110
2 34107
1 28952 17884 115309473
2 17680
2 20253
2 35434
1 570 6681 394340264
2 7820
1 82209 76082 235460565
2 30260
1 78648 96579 770189330
2 66007
2 37538
1 39734 34954 777802647
2 85586
1 53519 77798 277390693
1 68490 16509 730265888
2 48133
2 79548
1 25799 70270 107948450
1 84357 83438 811011264
1 43517 92109 820885328
1 65841 60958 831611008
2 39258
1 91061 60667 667484770
2 85458
2 11870
1 82344 91687 134686661
1 90722 10916 802936582
1 47039 17181 755849271
2 34790
2 95023
2 92659
1 43261 91048 936636446
2 97690
2 31642
1 74850 89035 514174152
2 5211
1 97358 9641 623722826
2 5552
1 82104 35133 711203532
1 23600 62446 172510548
2 64907
1 60718 63576 576889553
1 51175 59161 210696711
2 4795
1 65064 55901 542111296
2 50958
2 92268
1 58065 86658 759529164
1 62667 31395 484597475
1 94900 83470 567088884
2 74466
2 44731
1 93851 7828 718487100
2 20841
1 2930 46134 653656619
2 95745
1 77019 44299 275817499
1 11530 39744 565315854
2 30620
1 11124 65083 170375538
1 27796 27008 467820368
1 70459 41087 669234191
1 47437 38250 80090342
1 38363 18258 647840155
2 47076
1 97617 24015 750227767
1 82671 1379 934180754
2 15023
1 23573 67366 827139866
2 55578
2 44827
2 96750
2 71554
2 51254
1 73176 54144 299051189
2 13257
1 35527 64415 895106016
2 74901
1 97134 81250 338860634
1 46461 8981 536374026
1 11980 38461 496160762
1 61784 15269 880587585
2 87704
2 43284
1 61408 19685 748559506
1 72114 82465 811139411
1 37080 37438 622720687
2 54756
1 94677 23245 246366798
2 32283
2 94696
1 48887 5950 230807740
2 6410
1 54932 33982 680825915
2 59456
2 89898
2 40443
1 15460 31531 685793911
2 20610
1 84730 84154 804072128
2 16172
1 85675 10179 437220984
1 13071 31096 561395151
2 31004
2 21628
1 27838 41515 795912830
1 51103 49911 899898910
1 54071 33271 868349930
2 34715
2 81093
2 63294
2 32440
2 5436
2 66719
1 15074 87556 515531436
1 38870 9057 978693201
2 68208
1 41730 68375 3946003
1 11683 63890 926032712
2 14668
2 70239
1 75600 11223 918878060
2 72087
1 40133 59422 685942941
2 46287
1 9417 50383 802979963
1 73328 40434 385581591
1 88763 29680 30236441
2 98850
2 90881
2 74220
2 60988
2 621
2 57921
1 6720 16314 174390803
2 36482
1 81211 57296 605836279
1 46112 14194 268697744
2 32216
2 79636
2 45457
1 81885 11493 813660576
1 14517 93947 9529408
1 52618 53414 358000683
1 46719 81282 954261294
2 98317
1 28565 81305 644156181
1 41657 75206 650170344
1 88047 92037 9598076
1 76731 59962 332669121
2 80509
1 83291 3066 140846417
1 58797 78045 791561189
1 77614 64534 561692028
2 43903
1 34348 95540 86483928
1 89043 44271 614759285
2 94630
2 97703
2 1784
2 18735
2 38687
1 26376 20345 715829546
1 593 29506 220393217
2 29588
2 19981
2 88034
1 70400 93389 308066472
2 35810
1 87598 59127 275335527
2 19545
1 8509 80451 586931357
1 89086 82225 711578675
1 99760 66733 154716595
1 42662 58047 517919620
1 99144 39102 904360815
1 53756 52583 891311209
1 24741 60023 217105982
1 41369 28274 900336983
2 65586
1 94337 36922 532875962
2 9050
2 50820
2 10004
1 38428 79738 512970384
2 22069
2 66291
1 5737 14462 645990919
1 16265 89740 191471166
1 83738 38165 280702319
2 70454
2 98563
1 61755 58438 69591684
2 94805
1 82145 25848 305204303
2 38276
2 17063
2 22996
1 83731 98774 855871132
1 48583 31714 979944682
2 59055
1 66488 27292 146646459
2 57122
1 53197 13533 503026040
1 35932 61904 429485801
2 63174
2 90824
2 39990
2 8119
2 39550
1 90599 16089 301326420
2 56065
2 77386
2 91927
1 28792 30166 9375046
1 71596 19012 246313263
2 53197
2 54487
2 71951
2 36691
1 36583 27830 538399316
1 85091 49253 982560095
2 69375
1 3815 91256 644232357
1 6293 54110 459082928
1 15569 56387 230013058
2 72961
1 76385 87278 913433804
2 76884
2 42606
2 24192
2 8258
2 52953
1 13741 17753 546446597
2 64860
2 18182
2 1667
2 15850
1 75550 81233 938753342
1 65989 16325 228380196
1 52866 3168 88098214
2 77947
1 846 66564 114843615
2 36899
1 62913 4661 379620344
2 90184
1 94749 21377 878815149
1 74457 85345 758618453
2 73211
2 55736
1 90080 50981 249636524
2 24846
1 31852 94214 919311914
1 6656 66298 224680801
1 56164 29421 942943357
2 37046
2 75625
1 72121 95562 511527813
1 30654 9093 116326105
1 62766 87344 46205332
2 4350
1 60872 14284 639946414
1 63118 50930 144804666
2 78914
1 26694 72272 992792573
2 81600
2 37615
2 88574
2 70400
1 87642 42046 203867242
2 37391
1 75865 23365 541967164
1 69704 5521 254531617
2 38736
2 58736
2 47535
2 86183
1 8093 18366 534216911
2 69064
1 20963 35178 175407488
2 91101
2 35854
1 79037 66949 458186737
2 89095
2 95681
1 58240 81430 242657389
2 28398
1 16081 75833 874098135
2 21552
2 88836
1 93626 26365 937426357
1 53804 66999 675178595
1 73284 85907 529930680
1 41333 91304 326446692
1 6010 93542 251642096
2 50968
1 44666 13729 81043107
2 25961
1 7500 77627 530988914
1 57455 82798 360834289
1 77334 50018 756300742
1 19388 47594 409021535
2 61280
1 71904 52455 238671701
2 8223
2 42684
1 73274 1577 567972521
1 385 29702 216315931
2 27724
2 39571
1 51992 90085 468061696
2 33126
2 60051
1 95317 76838 12725876
2 14079
1 95990 28052 328012017
1 37340 92379 143405098
1 59622 79504 804523474
2 97367
2 88279
2 95697
2 64520
2 24818
1 16943 85002 246073312
1 31710 96330 585954970
2 80445
1 44199 67689 405071115
2 55923
1 82003 31861 685802159
2 15102
2 78722
1 69029 41583 516486397
2 48355
1 46807 50877 706733736
1 42925 17178 552023705
2 67133
1 67002 23813 79123217
2 33332
2 16504
2 49340
1 53036 64873 900380340
2 95131
1 40329 31387 294995393
2 54035
1 19189 90347 65430728
2 64713
1 83668 31034 832421306
2 35956
2 37745
1 92826 38209 559176213
2 25796
2 97571
1 81676 59636 285063364
1 60777 76302 586561319
1 7442 60288 3596257
2 11564
2 38417
1 15972 81884 494754309
2 86891
1 8434 5617 107554038
2 26922
2 49986
2 88691
2 99106
1 99017 8635 892917707
1 96430 55689 969775510
2 91742
1 5260 13940 366106312
1 52904 69986 797994835
2 79052
2 6257
2 623
2 60389
1 46522 96149 801066385
1 39470 15401 713512684
1 85276 63939 625012332
1 69413 52236 659824362
2 89084
1 5672 49121 187151904
1 22514 31754 18006567
2 63217
1 77128 27024 347227946
1 73186 45783 948882383
2 5324
2 65660
2 32128
1 41323 34766 39164720
2 48310
1 93165 14652 673799638
2 33837
2 61765
2 11560
1 81196 59055 125112005
1 2789 1478 235368804
2 60523
2 65847
2 93938
2 63013
1 10481 55780 920803061
1 10865 46954 949821136
2 54928
1 14845 13523 80349692
2 64850
2 58970
2 83396
2 71716
2 54088
1 37575 79826 379636108
2 9976
2 66517
1 25534 38277 287868039
1 74218 7697 882305952
1 42648 67349 444166333
1 36461 72452 285234059
2 89454
2 39885
1 52748 30978 312826981
1 68314 17472 224074382
2 15279
2 24899
1 86488 73782 921175441
1 23998 45286 311073857
1 88493 35720 982854678
1 40166 75682 952807117
2 37119
1 76129 83204 714566738
1 18590 9444 263332370
1 71724 78158 202506949
2 97581
2 20605
1 87496 60829 191830016
2 40674
2 59069
1 72662 35163 278556242
2 96139
2 1778
1 55126 81793 369005340
2 47366
1 32360 37495 69132596
2 1748
2 93318
2 72860
1 23405 22115 127929004
1 64391 66658 144404248
1 35856 46286 211672299
2 56782
1 17687 63403 630771927
2 37541
2 98208
1 71577 32546 659254720
2 97768
2 70486
1 74098 97133 812855045
1 46674 91224 523467402
2 64007
2 80288
2 28777
2 48389
2 20196
2 85208
1 27513 15197 316017579
1 30776 23507 567020285
1 70637 66640 477482215
2 77241
1 39976 4621 920962952
1 30818 34012 2656225
2 92459
2 40064
2 35659
1 92476 78755 933261946
1 69269 79877 843711570
2 54195
1 82936 44856 813094820
2 26023
2 78960
1 65686 76383 790025330
1 82921 52269 993353011
1 83077 22703 563509050
2 45543
2 38393
2 64753
2 15347
2 1565
1 87433 20049 796037210
1 20414 49067 552228955
2 89273
1 58187 24692 846161786
1 49039 97141 691381413
2 38935
2 60554
1 47033 15073 390777737
2 91943
2 2203
2 35694
2 98869
1 79093 41422 261740734
2 86294
1 80895 64499 699719718
1 12661 68656 993740303
1 77345 68946 233266543
2 99834
1 32153 96968 256998125
1 20033 24758 533045511
1 32889 39728 325016009
1 56004 61754 471333391
2 83585
1 42019 73335 821807868
2 41630
2 37873
1 50422 98271 643381715
2 13350
1 49619 52133 766345319
1 51991 92116 951001025
2 36237
1 67415 6238 581390549
1 1283 70752 378184930
2 6650
1 67394 96886 846702200
1 72360 71082 537066305
1 611 1851 185855851
1 49093 65502 736414277
1 74155 39386 451680214
2 51948
2 81695
1 38229 29962 552366441
2 37898
2 1278
1 11406 54238 213492155
2 31947
2 88231
1 88735 60991 732215871
2 35975
1 38273 15178 900299360
1 89572 7151 388448250
1 81836 58672 701478657
2 84251
2 96447
2 6532
2 20241
2 53700
2 59410
2 27372
1 30833 73961 912938003
1 84166 62031 682707257
2 10130
1 49360 97974 772829447
2 45400
1 40896 90170 383042663
1 88175 15890 226727177
2 41052
2 81853
1 50330 66621 762850667
1 68757 46643 202251399
1 92470 4774 407217048
1 91427 48337 732462882
1 45744 40289 716646101
2 600
1 11525 80830 930922820
2 91806
1 22650 15036 127258857
1 76298 13433 410666072
1 42790 17278 763603477
1 43203 7847 506707994
2 27713
2 18916
2 84158
1 49336 37831 686648093
2 79774
2 76011
2 17077
1 54565 69286 186585993
1 41524 3970 600183282
2 2324
2 67318
2 36579
1 39689 13354 4039096
2 59798
1 71052 17767 494102872
2 52829
1 222 55229 668135329
1 73468 19882 992296492
2 55023
1 18647 16431 280005090
1 46403 92838 107611438
1 32187 24820 755521794
1 41392 45498 238804486
1 55630 18150 343119561
1 83412 7305 16347176
1 25866 39926 416716920
2 76928
2 48832
2 81286
1 66722 61348 892290287
2 84172
2 99871
1 2490 88354 678136485
2 75661
2 93329
1 95841 12062 642618625
2 25573
2 95541
2 2518
1 8512 56309 24874785
2 89205
2 7155
1 23556 61006 838760456
1 58484 46675 46380787
2 13029
2 2533
1 65815 69600 797670467
1 74700 93636 478595028
2 46047