2803 246416175
2 97104
2 99728
1 77117 58698 160136874
1 54630 65981 256858209
1 43146 9871 3785648
2 63458
2 31114
1 26892 25397 720761254
1 24988 34400 23949330
1 31532 18833 294603777
1 44452 11365 427397908
1 97170 18752 235643104
2 33274
2 33991
1 11920 96668 975650878
1 97163 26168 910614160
1 18283 41895 329705420
1 92661 43673 840133726
2 41086
2 88575
1 19622 49790 409362725
1 9307 65856 961009051
1 71526 96375 921619360
1 35778 92584 153487377
2 97170
1 63010 70858 517965016
2 48215
1 4873 89556 781279014
1 86975 2000 895302743
1 2980 66944 123503137
2 16358
2 28566
1 39470 83552 166827175
1 51828 27773 892128358
2 4698
1 22979 89147 281230685
2 25241
1 75711 52456 28230348
1 58708 93692 428969370
1 96560 17229 601952656
1 74849 64949 791169936
2 23399
1 18158 78721 673057306
1 68547 97250 84574491
2 38898
2 86955
1 33611 64929 485712730
2 90946
2 14095
2 52463
2 16103
2 5723
2 871
1 24662 41737 309127341
2 67890
1 52051 7386 810031960
2 18935
2 57270
2 44077
2 43971
1 77525 35679 15543486
2 15478
1 98568 36811 48773615
2 19722
2 11304
2 48720
1 53470 43702 602205065
1 97890 24337 875878022
1 75956 5524 530544368
2 92054
2 36077
2 42171
2 15741
1 66001 65025 260961786
2 39821
1 71309 56992 782533125
1 58789 83412 744065514
2 84882
1 85023 31687 603752676
1 1081 44440 48356101
2 59624
2 39564
2 24922
1 88012 90590 101175901
1 33696 55126 409605469
2 81042
1 58064 3890 229558951
2 43263
2 21704
2 82423
1 35027 55759 217419266
1 53064 14623 792173819
2 74217
2 78999
2 66658
1 34318 83834 202770778
2 90702
1 95123 43507 668447355
1 21249 72252 567181602
2 66261
1 86947 82253 568989637
2 93301
1 63566 7627 557494690
2 71781
1 98443 28578 31080969
1 92686 5942 614848368
1 64375 90707 409920594
2 20137
1 96937 95321 125659447
2 98329
2 94242
1 48834 15859 94221792
2 63929
2 88829
2 19623
1 35848 64694 295500715
1 18330 82154 750038762
1 20186 12837 387615523
2 5521
2 62303
2 86282
2 41211
1 62210 2798 48662645
2 32193
2 33471
2 93517
2 31520
2 68178
2 16301
2 55626
1 92638 64652 159963294
1 86250 55636 653428617
2 47792
1 96344 9908 410937050
1 55565 80306 658349135
2 48295
1 61035 47281 560585896
1 94646 37099 746172438
2 94916
2 12898
2 7135
1 88881 17648 706999031
2 103
1 29486 2672 482656430
1 83688 76463 444696468
1 41670 11134 651623089
2 37025
1 94567 91734 967758170
2 11853
1 73903 91242 724458822
2 51959
2 94332
1 41382 68370 434268338
1 49174 8361 983750719
2 17441
2 28990
2 65460
1 83855 1412 300423415
2 67308
2 83021
1 91166 8731 433579355
2 98102
2 30449
2 21379
2 68300
2 94059
1 14693 23063 321395519
2 58828
2 51196
2 69895
2 35145
2 28010
1 64822 51540 335042444
2 59455
1 44212 18469 194115801
1 6454 25057 990907594
2 49035
2 70594
2 82544
2 45751
2 27774
1 28497 745 817488318
1 389 39425 944407736
2 9554
1 65118 3235 756305597
2 30768
2 98946
1 96122 64431 583520002
1 1295 93860 922852540
2 20329
2 50295
1 41702 36452 764556077
2 36933
2 75780
1 51914 86501 425851466
2 13852
1 78488 20508 313651833
1 83779 65687 840278601
1 60400 36015 279836558
2 79430
2 66173
2 34752
1 32786 70378 57106311
1 54664 61713 883126981
1 26879 36706 600419200
2 97385
2 9686
1 13392 4161 360996608
2 96558
2 11268
1 79688 25134 134510047
1 6396 25413 575374480
1 61577 38694 447593895
2 96964
1 82149 64422 842125273
2 72353
1 56735 29867 919823607
2 81449
2 84722
2 77982
2 15007
2 96156
2 33065
2 48677
1 92364 82908 874206086
2 5888
1 97175 94175 999745823
2 40975
1 25005 71832 282914675
1 49473 54412 437575699
1 59078 67771 175723507
2 82168
1 12294 29754 232707001
2 48577
2 89110
2 19125
2 52442
1 15936 6185 850043739
1 42012 44890 614176590
1 94078 96739 961988559
2 76310
2 33960
2 684
2 52708
1 22834 14000 316525721
1 97272 34731 578611670
2 73428
2 21852
2 96865
1 66636 9145 400046575
1 57591 61886 643706819
1 49377 74317 92312425
2 66897
2 42572
2 45747
2 55557
1 8946 80334 233515106
2 12994
2 60140
1 75291 90370 336459618
1 46656 81268 91448513
2 61527
1 50263 11082 265748333
1 97267 76121 938579606
1 52322 95226 140936095
2 6264
2 72466
2 94554
1 62026 93023 697952311
2 76901
2 64272
1 21451 72396 258991131
1 17322 37108 593854229
2 49638
1 18364 59135 142920152
2 77831
1 78244 55411 439673028
2 9889
1 27485 40808 89978816
2 32192
1 7600 85626 872622022
2 8033
1 32229 43840 550983631
1 96590 5644 658191513
1 57687 42044 958599759
2 84328
1 60209 49120 466668267
1 132 50126 71341746
1 82946 94621 130984262
2 7752
1 28520 60457 631665465
2 56305
1 26577 99262 24926144
2 5698
2 75904
1 48529 47539 185611707
2 1630
1 43456 75034 84550397
1 99576 47380 998176991
1 23611 35029 883976806
2 55452
1 26960 81505 651564690
2 52432
1 23031 70850 241263967
1 64620 32265 342663945
2 89405
1 83676 7728 662569522
1 20182 78579 922630968
2 92806
1 44590 11944 284280942
1 82471 14017 304369193
1 39757 12455 937225842
2 91883
2 33868
1 49797 91743 57115639
2 49249
1 3199 73347 417944482
2 19080
1 96899 20444 907548361
1 56197 38468 735224673
2 31519
2 77560
2 86257
2 84200
1 36677 88547 461736501
2 45095
1 49186 66136 584221546
2 96840
1 65656 95615 361159408
2 91398
2 94256
1 3091 51290 683037909
1 57510 29129 651385257
1 61244 98739 445545539
2 69914
1 19519 99208 625115836
2 85904
2 55388
2 71628
2 98766
1 32094 11768 873847536
1 79871 80091 462545978
1 21545 23680 447699319
1 53008 20265 642352577
2 87828
1 62673 90014 158760251
1 93545 89328 955234376
1 52381 13713 35268521
1 50906 87615 48690320
2 31526
2 1720
2 92795
1 19017 76193 603042620
1 38122 65208 900572215
2 80287
2 89521
2 37996
1 39618 86934 233954043
2 65939
1 64441 22717 249813352
2 88472
2 17090
2 82916
2 43065
2 75676
1 91460 12662 373313033
1 57346 17804 483363177
2 93073
1 93129 28548 22771364
1 41832 82977 206071863
1 80954 89053 604394796
1 46547 75534 263462437
1 98464 28042 476588047
2 77351
2 42095
1 46127 78613 280646009
2 97706
2 48598
2 71290
1 85450 34662 587271368
1 27224 38417 808094854
1 12737 73062 583157348
2 12711
2 22564
2 43252
2 1012
1 27826 77782 645092476
1 22940 77862 670204178
1 16512 66698 195560935
2 7215
1 4850 37237 856145573
1 55911 59587 459302580
2 14765
1 50528 86670 284724555
1 2599 25829 67315599
2 88109
2 41935
1 48946 60811 650368305
2 78835
1 79383 53692 248798211
1 37287 15866 8289175
2 47034
2 55285
1 94530 78530 157178489
1 42135 28147 162613040
2 70402
1 18973 64991 831723337
2 7543
1 28774 18805 493083941
2 77340
1 91618 44568 306753473
1 63992 10449 267885108
1 28962 55180 982121635
2 5528
2 94988
2 26288
2 90394
2 10209
2 5875
1 12699 38644 888465220
1 63448 20959 169985200
2 59868
1 38021 27265 96357046
1 19754 3216 75661995
1 38382 36440 305051466
1 3842 71396 158632943
2 32703
2 12030
1 12062 70144 771608097
2 69251
1 98639 82730 677736257
1 6619 58507 934128345
2 35749
1 55334 90842 477680832
2 99671
1 31910 15971 511323431
1 40084 14837 886344658
2 69719
2 63732
1 39181 79650 758498857
2 38856
1 58173 4042 101065726
2 31234
1 8592 17321 879121548
1 18004 13325 716016214
1 92678 52315 525767494
2 92287
1 26895 44763 386682392
2 61843
1 27239 54108 317213441
2 20185
2 28151
1 27336 22503 611605841
1 17547 70862 459272492
2 19611
1 88760 15502 758393396
2 14789
2 56689
1 36069 15705 688302066
1 58687 10580 652925393
2 10553
2 68091
2 55532
2 66184
1 17023 77829 103720341
2 33
2 96872
1 58813 2100 908413866
1 1907 41805 438769831
2 71207
2 28165
1 26160 68221 507471551
2 29137
1 86988 7137 61553494
1 59630 80765 174368748
1 83282 62836 929848386
2 85000
1 99753 96868 701622333
1 8086 16730 502805891
2 18698
1 14080 31874 921204593
1 90806 88158 155923059
2 76191
1 17291 30135 868545283
2 91549
1 68076 41394 61844882
1 63488 7541 313534610
2 61667
2 54427
2 81421
2 48138
2 59094
2 15834
1 59096 81804 405954148
2 80989
2 69413
2 83922
2 93581
1 39332 63009 84283219
2 17857
1 26881 22632 915601917
2 15412
2 12968
1 77041 91007 394777446
2 95653
2 73386
2 60547
1 75397 66086 352392289
1 808 31362 22660712
2 30256
2 80321
1 18568 75776 972919515
2 86790
2 75949
2 62566
1 58741 94522 731709030
1 74838 77965 486124225
1 90783 99181 937362364
1 11216 428 634813157
1 11665 73342 480590529
1 96363 37138 756682935
1 92682 36210 275088034
1 24951 92794 511398713
1 41023 87741 671618630
2 46418
2 8420
1 49538 29169 471472120
1 72902 19178 703586421
2 55276
2 77312
1 84697 72910 108199108
2 80963
2 88552
2 60347
2 44382
1 88551 69129 511484598
1 88229 99287 856525571
2 53349
2 92401
1 32301 97417 551832194
1 3621 59520 623322865
1 23392 89519 972389700
1 13736 48273 744757409
2 90736
2 40946
1 38056 50900 459667534
2 29713
2 78456
1 44205 91182 434621607
2 49394
2 81214
1 68799 71860 108451571
2 99924
2 72447
1 9341 36444 827196693
1 75344 47230 602670624
1 83215 97776 609181483
1 59271 79260 679387748
2 68372
2 79974
1 12154 92952 512699404
2 5394
2 18462
1 3807 51000 554801553
2 52187
1 98916 5473 234957838
1 22665 73277 683561804
1 96437 21020 728831742
2 11212
1 10363 47181 889496069
1 35187 22245 423263744
1 30843 81714 816437611
2 11099
1 82602 44295 326449453
1 55882 32951 978690137
2 52182
2 45629
1 28594 60167 605681084
2 34411
2 38384
1 37961 11361 706810122
2 79697
1 25821 33273 103873837
1 78745 9497 749825617
2 32112
1 80232 19387 148432876
1 90353 33180 494954297
2 37639
2 23495
1 911 73416 756539216
2 32025
1 2047 8261 82987825
1 29230 76380 307189218
2 29317
2 13956
1 48600 44252 914736334
2 41040
2 17366
2 77452
1 49509 29880 452706235
1 87371 81054 705749202
2 8579
2 35010
1 23354 36464 53063370
1 25904 55921 755238770
1 26370 59995 326526845
1 91148 30430 250317071
1 9972 162 521383391
1 68360 43145 535846425
1 70155 662 939822052
1 12154 59003 996311335
1 3721 25090 651119337
2 48372
2 99224
1 86596 98517 55796365
2 11808
1 45785 54378 28232716
1 40791 555 855172499
2 57789
2 35857
1 65229 58801 178647937
1 67393 70857 687782979
1 95393 80548 747424685
2 89423
2 9227
2 53091
2 81405
1 54117 58084 626580006
2 84272
2 92367
2 31169
2 73796
1 29525 77238 700734396
2 33852
1 24778 25205 239282739
1 37205 97144 253654640
2 58781
2 5233
1 70495 76539 905700328
2 30450
1 35095 26506 852195230
1 32443 25121 300548085
1 8679 6593 584506264
2 18422
1 42091 42858 903708720
1 33842 11934 362712574
2 92944
1 52371 32362 914617291
1 49834 95551 40884613
1 9814 79875 487142818
2 12606
2 31667
2 39127
1 18550 27421 842684190
2 35693
2 54186
2 92864
1 92164 44662 456192867
1 50815 6590 419089034
1 60025 88225 419245582
2 14209
1 92815 20678 787476592
2 17680
1 43102 52717 522393367
2 58912
1 55947 90428 903834718
2 58508
1 27710 20505 661312161
2 78426
1 69352 55540 631268861
1 22157 45521 710427770
1 77589 34590 836520421
1 21985 63766 238915825
1 24882 61816 722769305
1 41790 13797 224910012
2 27944
1 62903 41834 44122191
1 93630 89981 290437769
2 17594
2 56621
1 90889 69507 772039285
2 64928
2 31625
2 34477
1 12204 52459 533386240
2 91695
1 26495 8871 253455418
1 65096 89809 49709088
2 25246
2 55651
2 76598
2 63646
2 78872
2 23317
1 75503 58363 43198539
1 45255 22966 158066485
2 51435
2 7517
2 35952
2 55586
2 3048
1 34991 85052 320582808
1 95039 13277 127795805
2 49424
2 97158
1 25981 21400 331347205
2 58914
1 9249 46230 343502723
1 51016 59925 221842666
2 42628
2 90520
2 41129
1 73721 59941 194034824
1 22143 35416 136289739
2 72953
1 54769 69544 988476807
2 48613
1 1300 73609 594816143
1 25194 5560 288474546
2 61619
1 17928 25988 508923463
2 54469
1 13680 83345 115133353
2 16477
1 44847 89229 981485883
2 78492
1 4201 62940 665465366
1 79308 7199 877760784
1 33611 84471 944540156
2 26386
2 89310
1 4112 84279 310705296
1 37100 70020 677813750
1 86782 73749 808107526
2 38917
1 30417 66145 352609215
2 49650
1 11357 23599 762016415
2 64935
1 14195 63964 49942394
1 15362 66169 202524833
2 54897
1 72123 92351 549878417
1 46478 54045 199110586
1 29610 2501 453322282
2 27458
2 51931
1 16128 76721 477738396
1 22277 81009 237453158
2 19631
2 50759
1 54097 88566 984494498
1 98382 77418 535649825
1 27011 71319 988070122
2 47672
1 91695 21523 337896644
1 30588 43394 822124333
1 47463 48167 97594573
2 63506
1 22842 88909 219146776
1 63216 16677 358758628
1 79738 87776 350217112
1 15933 46373 605871407
2 17595
1 5853 45802 74525971
1 94733 28771 859028943
1 22938 19492 903538393
2 86959
1 6268 3561 980993922
2 17413
2 89023
2 89092
1 86963 95866 905596657
2 54042
1 45210 47050 427329415
2 97220
2 27392
1 96306 52386 17462203
1 64769 44167 731997470
2 62111
2 50852
1 8637 86251 557136941
2 70238
1 35609 86098 551920587
2 29542
2 19609
1 89399 9231 854741901
1 71933 68886 926804874
2 83239
1 33638 62963 563064763
2 96893
2 11208
2 82736
1 37323 57949 640108049
1 82424 29898 900137826
2 95437
1 43080 64694 427737115
1 2459 12350 803260537
1 7645 91634 231965095
2 40336
1 97790 99051 219065832
2 99588
1 87843 56773 759414146
1 14846 23716 448047770
1 62355 36429 637637122
1 50767 69035 375523948
1 65462 20831 486586957
2 26022
1 87830 32489 634657698
1 86733 30172 171704507
1 5568 40857 5120185
2 10976
2 44909
1 74987 20379 151323174
1 27960 4347 293131002
1 90010 21200 359347962
2 5230
1 70619 54008 689568079
2 13828
2 6571
1 63070 86181 443934738
1 73378 77555 784453325
2 80547
1 49405 27271 590779009
1 16715 27558 830809911
2 22764
1 95878 10435 279071499
2 40604
2 45800
2 78466
1 26779 88268 315292121
1 17455 85886 751893358
1 50295 81818 444542391
1 33330 76270 171240143
2 91679
1 11225 8645 915947153
2 71493
1 6903 44412 771409389
1 13568 49904 620749563
2 40068
1 8550 16784 725904823
2 14015
2 93532
2 55919
2 47164
1 61184 25325 381179087
2 28583
1 70472 87801 517986189
2 60877
1 56008 82855 113918831
1 66224 75708 433568084
2 18579
2 12812
1 19982 37104 62380386
1 46076 26102 789828106
2 29400
1 16088 74179 469995098
2 37297
1 17938 14671 185579321
2 49771
1 8329 47552 923427555
1 30071 51671 791299729
2 2403
1 37882 17620 81412338
2 42299
2 40779
2 9612
1 96965 32263 737000240
1 5099 45194 263075628
1 70144 1262 6696604
1 15244 4080 554100178
1 80674 77940 158216220
2 88674
1 89362 13979 570412745
2 10174
1 97102 73532 654030075
2 21786
2 95548
2 7761
1 83838 31409 925922442
1 19816 68405 390436810
2 14196
1 21421 82775 609095391
1 26572 10917 614573985
1 40829 87801 897405282
2 47566
2 15555
1 76797 29523 331882423
1 73750 53858 933053759
1 56562 62758 668348483
1 66752 17823 185123445
1 92691 3560 144556629
2 17704
1 97122 72064 653976018
2 55874
1 90139 88257 252093538
1 38203 91761 490020762
2 69268
2 12842
1 17334 7969 50395532
2 65968
2 33305
2 53715
2 76265
1 65301 54694 722952179
1 84045 64615 650451277
2 77738
2 27494
2 79207
2 36024
2 23222
2 87097
2 30023
1 96366 79023 490409132
2 89848
1 2483 57770 528319472
1 63334 35623 372687647
2 67981
2 56219
2 36936
1 30962 76715 214037271
2 9156
1 26201 19444 418120521
2 40131
2 24968
1 55854 19737 473401837
1 97555 85785 129898272
2 26309
1 96645 82403 205200451
1 33973 65918 417242680
1 1098 80894 557522334
2 51591
2 95607
2 40189
2 39574
1 78777 4631 415349102
2 53974
1 19285 86426 234162787
1 19720 29602 830095142
1 31043 29010 478933326
1 37611 29634 498750658
2 78661
1 44571 15871 430301238
1 10082 34456 801531969
2 7064
1 24200 67882 929034252
2 62952
2 41578
2 32824
2 19201
2 29976
1 13775 38957 344623984
1 71083 3694 11329510
1 13161 9172 567398673
1 11039 92470 487656014
2 35452
2 12073
1 38055 61502 541986272
2 78276
2 90284
2 8280
2 71592
1 13153 51435 587587742
2 17812
2 65780
1 36074 22708 426796631
1 49019 91960 334459866
2 9680
1 5297 4048 872130922
2 58976
1 96807 97163 639220058
1 89675 18800 567041919
2 93319
2 62547
1 83642 41418 587980487
2 34336
1 53400 66918 713598699
2 5244
1 13242 2072 672986904
1 22043 94038 329779945
1 72057 93003 276853452
1 16517 8299 545621776
1 71084 45919 333095929
1 71563 88861 881717914
1 26394 7849 788640633
1 85900 63079 784889960
1 79518 48689 192868042
1 76521 71806 554727038
1 69224 76268 547768753
1 88737 25433 461220752
2 28816
1 39163 2673 729771232
2 27640
2 63050
1 33638 90439 58036954
1 17339 68306 733954074
1 94804 99814 302376801
2 50873
1 37538 76106 211919920
2 66372
2 10248
2 68855
2 45893
2 45518
2 21767
2 57669
2 66476
2 26452
2 31779
1 15230 39512 551745637
1 32854 41684 854923036
1 65904 97209 906605757
2 10946
2 29250
2 63576
2 59226
2 58852
2 28109
1 10156 11075 784099246
2 82196
1 81426 41801 556913510
2 25206
2 71197
2 64834
1 62904 48495 618567281
2 51169
2 75637
1 42223 21000 709506826
2 97749
1 82023 42395 826585853
1 37683 95933 647490913
1 34136 14659 197832354
2 65470
1 5625 92773 624116449
1 34597 63575 643497673
2 66448
2 91671
2 32312
2 36108
1 54751 70562 706583519
1 88115 70453 624339292
1 84609 77532 401660122
2 89106
1 82536 44300 549159791
2 55849
2 12391
2 30074
2 11843
1 10673 5358 600696045
1 47298 66477 388741778
2 67645
1 78816 62586 212598831
1 93165 20140 875076689
1 26085 93817 711388149
1 93445 12960 139542407
1 20252 25907 807208170
2 60009
1 14111 82434 704191187
1 94371 29465 359672629
2 76193
1 25291 99700 425334809
2 73682
1 94987 87266 169265728
2 40888
2 76792
2 47474
2 8431
1 45095 7091 221666814
1 32239 11664 388729785
1 64365 83017 991036331
2 15494
2 63820
2 48137
1 215 85444 628215484
2 97018
2 37608
1 78150 13174 401152715
1 86945 11188 112609710
2 68657
2 4981
2 89807
2 84789
1 55856 82690 580003987
2 15252
1 12637 99313 433384452
1 8237 5023 904352522
1 53740 92588 744402542
1 42581 26859 661522289
2 78906
2 13094
1 90974 85654 816200851
1 77800 31275 683549649
2 82889
2 96967
1 30402 61642 301069486
2 5339
1 93667 21126 911339620
1 74808 97032 306744538
1 69111 1874 778609449
1 79681 93349 282450786
1 94706 92564 585097932
2 92924
1 1738 60982 764683279
2 83999
2 89934
2 65621
1 71925 92187 462746715
2 63284
1 86457 67206 622867114
2 84980
2 1400
2 45690
2 24967
2 76136
1 32239 27414 241303624
1 18756 36191 755890630
1 96073 48057 219891818
1 95022 61763 609553442
1 58741 15550 17139954
2 75454
1 33078 88803 695162031
1 94035 50808 808212684
2 60363
1 17452 46576 521516196
1 8692 58831 419499225
1 62593 40951 725192892
2 62433
2 21267
1 63219 13877 729330171
1 1716 80464 198007860
2 9309
2 46456
2 26317
2 65682
1 91850 94788 105376533
1 12694 15346 900510718
2 30763
2 78412
1 4757 83037 152635779
2 65219
1 12029 24582 865622565
2 57146
1 40171 85103 22559357
1 20400 32732 415337130
1 3613 46443 834817213
1 98242 56432 54914629
2 94148
2 75754
1 44384 27278 430360517
1 50822 4169 414326899
1 27780 40029 443575608
2 87501
1 38109 56080 210346702
1 84152 35730 930246739
1 26811 34332 619671556
1 107 51115 690520480
2 51047
1 85956 42830 484236441
1 98693 78935 542633864
2 55361
1 73237 19126 893725471
1 42245 96092 806133073
2 28435
2 60420
1 78943 86958 192388936
2 2077
2 16052
1 79408 10810 499468111
1 54651 76893 583608044
2 56747
1 66409 78947 752841487
2 71266
2 37785
1 5316 16642 340012787
2 33514
2 52953
1 64121 14941 867079357
1 36906 53346 280329508
1 28454 69125 646011222
2 97664
1 78268 18202 740192965
2 77603
1 7677 70507 219156022
2 79082
2 84771
1 80317 76067 602402411
2 17574
2 21229
1 53709 4898 857775043
1 73224 21429 903443030
1 42028 70365 693548170
1 36587 55489 565784539
1 50069 76439 926363959
1 65768 96562 991175883
1 26292 23534 628025191
1 57116 78435 516071760
1 96613 1617 192043738
2 11393
1 49878 93683 919886176
1 89920 49008 705053681
2 12438
1 6389 86594 551892052
1 83681 65270 428415952
2 39646
1 88619 74604 290284765
2 30644
2 66859
2 55366
1 24006 9759 858632807
2 92363
1 94773 18009 401791115
2 86315
1 31267 24697 528262992
2 52894
2 80271
2 251
1 53070 37001 725017137
1 97996 88923 582248847
1 96522 65649 669551352
1 71491 78808 407650971
2 2513
2 45169
1 85096 10803 945309237
1 80656 51693 472838841
1 96455 23138 870184434
1 43130 87326 236278182
2 36246
1 97175 94068 352605379
1 9614 42080 838083522
2 37616
2 78141
2 52707
1 1967 56290 467898193
1 88588 55343 707341959
1 98440 35448 532829998
1 51726 65454 210633638
1 25252 11145 279703703
2 74704
1 19101 48968 544189827
2 15901
1 53214 18771 949189725
2 4623
1 60667 52519 362992035
1 63376 74698 375751874
1 62404 77040 275089300
1 28357 37402 921415885
2 89112
2 6239
2 44879
2 79155
1 75744 79587 561475533
2 15524
2 4484
1 30138 50989 178685137
2 40108
2 37315
2 549
2 1158
2 34995
1 67341 25545 832716969
1 88353 99746 122653624
1 66973 38631 457518883
1 56396 73698 671076352
2 51595
2 23512
2 76196
2 14111
2 9520
1 58801 60142 625319090
2 11104
2 82703
1 42319 8991 412019331
1 42187 22682 455390033
1 94173 18960 8646176
2 88316
1 98607 54606 428989437
1 36838 43994 465517973
2 75457
1 24559 10030 257807242
1 787 75519 350973006
1 64906 11062 746975017
1 28761 19782 240564335
1 73459 28482 192721230
2 89993
1 23070 93779 352168838
1 39515 55553 319051239
2 88044
2 92294
1 66111 58041 757171413
2 9548
2 53118
1 6599 2724 268386727
2 41011
2 54291
1 92480 54641 9359344
2 65416
2 31252
1 4438 37082 631812245
1 20126 29660 402430152
1 77521 47264 75036882
1 87749 88917 736083000
2 85256
1 14390 90623 705816255
1 81478 86511 287812510
2 5771
1 78913 16446 771170779
2 79087
2 89093
1 67776 23024 752888007
1 83468 66911 215194593
2 69650
1 48907 53795 123918640
1 37284 93994 709577942
2 37669
2 91265
1 11309 74324 446068229
2 90603
2 11985
1 19428 27750 10395556
2 72001
1 99554 21328 852217806
2 31542
1 41390 98348 730786197
1 55830 2598 928539021
1 88384 62777 215075411
2 41408
1 77159 94306 576470955
2 70826
1 90342 39678 118674607
2 27970
1 14592 24336 965179684
1 72026 21128 143909759
1 62293 85725 780165880
2 21838
2 43234
1 969 18851 907957733
1 56082 57871 972430366
2 73105
1 47559 70156 817891067
1 26048 72329 198276861
2 59056
1 59257 93363 669417165
2 41739
1 749 91986 894054029
1 41026 38566 188945096
2 28716
1 33873 5668 250915466
2 34751
1 18863 86582 425384267
1 15141 65517 805205010
1 18712 97364 421021066
2 62647
1 43782 92642 817762203
1 47373 40435 759240154
2 22644
1 88636 48628 862169294
1 99527 63639 971950613
1 97838 19926 23919860
2 49670
1 29042 91996 551956945
2 86331
1 86040 57083 27625905
2 71963
1 37041 54009 771709597
1 54921 46972 587870717
2 17662
2 48658
2 95667
1 975 71038 678255191
2 55301
1 52589 30929 221485326
1 11845 91086 903163842
1 27345 64669 665817974
2 15324
1 27208 65691 391426601
1 94553 38068 930373693
1 10435 37673 238178666
1 83107 58184 644037270
1 30487 39279 322547729
1 60613 15574 150966452
1 88580 40008 570018126
2 92795
2 99729
2 49996
1 24454 55464 189628628
2 14894
2 3088
1 59950 90716 384900537
1 19517 15063 221749900
2 96499
1 6042 38569 753888902
2 92021
1 95316 47203 837624441
2 34754
2 76942
2 53242
2 22326
1 58109 23937 105105253
2 9985
1 9997 6983 992719855
1 61530 96120 955225322
1 72170 52179 319979512
1 37206 57441 977933825
2 22327
1 12299 67300 263385825
2 39764
2 57216
2 38378
2 59223
1 40701 66376 535506318
2 65538
1 66261 91741 649204374
1 19543 2258 836480281
1 85934 68741 865113802
2 37942
2 9171
1 80587 36540 641099786
1 78063 63400 604804951
1 59866 29292 594449171
2 54853
1 94039 27696 737524457
1 90948 45038 507798164
1 31336 29996 29465451
2 85581
1 60287 49129 683896669
2 53796
2 35160
1 49396 9118 929189816
2 29894
2 21017
2 9483
2 95667
1 55256 16171 77476169
2 76838
1 93429 22114 814158687
1 95521 20210 834894174
2 11702
1 88474 88293 414123295
1 97019 88780 173997413
2 80151
2 51020
2 29083
1 70174 18041 113525631
1 44769 34117 645062179
2 85551
1 69724 82574 336455075
1 67431 94391 789336308
1 27498 8295 76886904
2 50739
1 11654 57850 649759485
2 20279
2 49504
2 73633
2 68070
1 87380 88014 18572076
1 75952 28516 76170548
1 22502 2352 861684104
1 63748 14625 954632193
2 76261
2 45603
1 76254 75032 492845398
1 24870 27831 248072406
1 80101 31384 411889065
2 97594
1 16241 51213 226031301
2 37341
1 69912 61733 920176386
2 63785
2 72891
2 52649
1 97936 12373 940699485
1 88310 47105 326822078
1 76856 38646 771734651
1 18626 15573 518370136
2 67379
2 76487
2 28332
2 35060
1 77346 25934 492767068
2 4438
1 52254 68177 54734545
1 63968 69526 792785038
2 76392
2 60377
1 93121 59880 619919044
1 97844 51509 561608524
2 91428
2 22350
2 59037
2 65285
2 90860
1 38919 71999 446541839
2 49165
2 24708
2 64817
1 14146 28335 377374212
2 89696
2 54060
2 3304
2 70623
1 4438 95023 898347536
1 36736 52307 980181221
1 73704 19255 466507593
2 35011
2 73457
1 32322 4569 646278960
1 71289 66526 843628382
2 28544
2 96759
1 30662 98584 825346030
1 77707 18071 613769751
1 47363 15829 637487563
2 76124
1 81330 77751 10655135
2 47359
2 34357
1 29247 94404 804532423
1 16249 41390 918950913
2 33376
1 23225 20011 666797188
1 91542 74549 835351273
2 99346
2 67336
1 79025 83663 158331763
2 80806
2 30819
1 24251 53474 593395017
1 79330 70752 718725682
2 17181
1 42093 87946 379684505
1 34440 28790 653230105
1 18908 26644 119960561
2 70506
1 27991 5035 190281760
2 97201
1 3892 54755 451742674
2 84924
1 68807 98611 27135819
2 7365
1 4075 25607 46924561
2 23265
1 99448 49465 81029949
1 1327 51122 84474459
1 30271 10965 910383035
1 49856 57358 356742390
2 62092
2 99490
2 1538
2 46542
2 87972
1 70557 77504 186990122
1 64388 71815 56430803
2 28973
2 28625
2 71871
1 41157 61313 262581824
1 8884 49063 591423565
2 96773
2 9126
1 18816 97041 208595844
1 99118 31503 179362491
1 77109 20924 742904758
1 79700 37181 301110432
2 83158
2 52541
2 72428
2 56096
2 82814
1 42016 10405 640968759
1 39033 2513 652602065
2 49700
2 54712
2 81
1 81012 76363 951331901
2 29007
2 73598
1 37576 77745 396925376
2 5336
1 45095 59154 324637175
1 6211 79450 37367169
1 33532 63770 461479631
1 80577 62409 542841968
2 39456
1 17357 27208 580216276
1 945 23637 310218245
2 71224
1 52488 14523 379284868
1 25086 18391 160300701
1 90222 39040 269461538
1 5915 50752 770808651
2 82383
1 72943 584 45406066
2 24442
1 64955 76483 754599477
1 29394 4611 141362601
2 11894
1 44117 58247 60390580
1 26297 5469 103271012
2 20322
2 21994
2 15214
2 14029
2 77186
1 23579 47168 274583397
1 90357 80363 224174179
2 32285
2 87137
2 16478
1 83989 33239 112871723
2 22300
2 11599
1 7895 48449 33658211
1 45102 95874 532871436
1 33698 77897 40894814
2 74837
2 42587
1 2245 54742 43619015
1 8710 75540 816492636
1 5272 84359 601542793
2 83993
2 79454
2 46185
2 80997
2 21880
2 80487
2 41547
1 4532 61195 612775177
2 43311
1 8820 45557 499497787
2 51332
1 83948 90477 292909824
2 55607
1 50617 17133 820310446
1 66489 66996 463202121
2 26777
2 56423
1 26216 47127 607434817
2 25482
1 50644 21787 94146293
1 30867 11147 801266548
1 76776 65105 600083236
2 91281
1 64812 8918 509562208
1 92276 56773 405862476
1 51607 34061 638314705
2 65487
1 89400 16144 228226677
2 10698
1 850 93886 352943224
1 30926 72719 894932278
2 12549
1 57015 63711 598391518
2 20720
1 67385 86488 485265430
1 13061 57797 642087831
1 12992 32514 68911434
2 48672
1 29947 65406 452264419
1 49637 22967 140770126
1 58072 51120 783584615
2 65500
1 21628 73778 59786470
1 92419 82470 410980178
1 21629 58522 962816602
2 61703
2 43798
2 14724
2 97912
1 15104 22933 870233450
1 38715 13420 599370222
1 29538 26795 871652472
1 44910 7895 201308898
1 88912 7734 504223830
1 9964 67363 948743550
1 30568 69541 879817197
2 66225
2 55362
1 80711 87985 714791730
1 4736 95358 708654586
2 15420
1 29168 34215 950715159
1 54530 96273 442742415
2 79510
2 521
2 11232
2 13577
2 29524
1 60733 67685 648773781
1 65027 22846 394709364
2 29650
1 47515 34670 245224396
1 94074 51792 38688366
1 39271 64626 899263891
1 70267 68742 475170588
1 21014 54750 934494963
1 91636 35746 442882130
1 96256 98126 662548923
1 18409 53253 503636001
1 34080 2031 270478473
1 22983 41411 973653410
1 30459 94815 956012287
2 12168
1 11789 43222 190015783
2 70017
2 93413
2 84669
1 96326 32999 91344299
1 95540 97443 514173557
2 73668
2 41763
1 58356 73386 542040629
2 74566
1 34533 79616 187224649
1 42347 91068 259435935
1 66698 95198 581694115
1 36325 8401 889467481
2 79215
2 72586
2 62553
1 9623 13636 215504405
2 84611
2 40173
1 43347 14194 176342538
2 53222
1 26680 85173 825174547
1 4758 83706 533867019
2 50155
1 65117 68335 232184076
1 99564 65999 916850756
2 4168
1 59757 62832 439542985
2 75545
1 35526 15922 475883217
2 28124
2 34892
1 64587 51757 601970975
1 85790 2174 655681842
1 55883 81870 683766788
2 28504
1 84521 41109 424074742
2 34711
2 94729
2 61870
2 64899
2 96221
2 57101
1 35795 52058 259446567
2 8112
1 79817 47373 2303374
1 71898 71028 75151778
2 70979
1 2574 283 310641505
2 57645
2 3304
2 33800
1 51909 33551 281200171
2 44183
1 14738 2838 226759809
2 59910
1 29285 66043 542393002
1 37126 80318 908589514
1 55701 17910 829616354
2 19600
2 65128
1 81695 74588 95881652
2 16400
1 3640 17340 770803106
1 14020 79991 463621605
2 32994
2 83749
1 15321 32331 997874597
1 57920 56249 931987115
2 97764
1 75190 85746 327049800
2 9089
2 21222
2 22190
2 33724
1 11843 42485 72421571
2 89680
2 93072
1 51689 65749 643869676
2 34178
2 69986
1 95132 23815 161273250
2 67209
2 20299
2 98435
2 92809
2 81554
1 32093 40921 739776851
1 57153 21228 816654826
2 69383
1 2818 68706 415603992
1 42542 9904 105057980
2 96289
2 22550
1 37939 1901 531377611
1 35212 97655 63258363
1 94843 19302 668596378
1 22780 31296 791069732
1 45719 71087 491631714
2 36947
2 99009
1 63652 51092 328344919
2 1956
2 86227
2 52898
2 76426
2 62271
1 8004 42633 312544126
1 38400 72972 921355648
1 34656 34452 349052253
1 95813 84496 607089943
1 3243 21581 593534257
1 26815 91772 20881906
1 48825 63829 209759976
1 72220 25504 776007830
2 96079
1 74118 2136 666219747
1 11967 24126 372687318
2 33026
1 24095 7541 545580521
2 4759
2 85741
2 8284
2 30210
2 67371
1 69554 82282 967342029
1 913 34438 179185036
1 78992 39126 816600482
1 29945 13543 705703306
1 59970 18867 525191315
1 56641 38603 576471788
1 11827 92995 274895739
1 96462 52720 884019843
1 51604 41458 754473123
1 95924 13539 206899881
1 5768 8851 937246196
1 25371 90251 479384815
1 36788 53726 691603456
2 30486
2 68370
1 79223 40770 803912633
1 29735 84658 932253539
2 7531
1 36755 71671 454692926
1 6941 92878 450042167
2 73971
2 49190
2 24573
2 70317
2 50380
1 59827 3702 620711761
1 22573 28315 998879223
2 52810
1 46032 99446 398803974
2 48853
2 52748
1 72590 72893 923754383
1 45308 83436 490001639
2 21620
1 28302 68600 655210930
2 75317
2 25312
2 36184
2 57478
1 40908 33245 922952743
2 62196
2 6210
1 68023 20399 720445277
1 65731 37621 496835555
2 68638
1 76512 22787 459914993
1 96932 99195 84436709
2 68384
2 60482
1 87690 77276 238408794
2 55334
2 93528
1 49698 45232 745487260
1 13252 9836 655913005
1 70074 23044 836546217
1 15146 95850 151149386
1 73831 18718 424229703
1 30531 15719 509199704
2 63135
1 90373 1724 7284982
1 40432 17554 712768775
1 51605 7572 206963989
2 90162
2 28669
1 68502 73569 397566291
1 64252 70895 917027024
2 79923
2 77209
1 21326 48205 916990779
1 5797 29135 568592940
2 98723
1 72010 64259 348202713
1 30733 79772 899663614
2 92933
2 80488
2 99737
2 43531
2 63025
1 49 32901 349832683
1 42665 9651 310700647
2 12278
2 13411
2 75979
2 96779
2 16500
1 77041 2322 830177530
2 37237
2 70999
2 10031
2 68414
1 46038 87546 454541741
2 12800
1 32773 93995 834619543
2 7540
1 24881 80730 353464900
2 32324
1 55573 88761 514171513
2 13881
1 19199 95641 815751168
1 42758 84627 60235523
1 8991 33673 22332021
2 15182
2 15846
2 68943
1 36224 47751 480301615
1 82861 34269 747746665
1 2966 26300 82088873
1 91377 50298 271149389
2 77514
1 2943 92128 712814684
1 31477 70131 494526963
2 14729
2 62258
1 56946 37844 30262444
1 86711 68140 641848283
1 45362 43108 877996603
2 69042
2 93392
1 92423 62494 908817301
1 12809 58420 206534713
2 15566
2 14894
1 65992 40098 571392051
1 71672 59829 437130504
1 86896 9103 771808644
1 98395 87354 946530661
2 6105
1 48526 58317 535379373
1 62653 1044 828023343
2 41934
1 74516 19580 195268779
2 24297
2 46826
1 4541 30678 822840266
1 33625 59661 946434374
1 92689 67764 279746793
1 22252 64926 724648486
2 96611
1 54551 58503 845547821
2 9465
1 4592 9910 802562856
1 89897 9345 388971441
1 97206 25315 63555858
1 89309 8764 858865824
1 75725 82281 271419565
1 71661 12636 887743287
1 41006 49707 366711118
1 72837 86565 280638056
1 5341 12776 629410364
2 13571
2 7272
2 94333
1 55755 41542 139195285
1 78936 46778 890933565
2 63474
2 55331
2 16209
2 9310
1 13900 9884 717436017
2 52115
1 39825 91636 754501352
2 84379
2 34074
1 31499 72917 349233625
1 34795 98426 617154294
1 45942 10232 174027799
2 39628
2 82325
2 48001
1 84823 96120 28313485
1 75359 34542 73402193
1 82722 15573 785870364
2 73833
2 58783
2 79988
1 52040 3805 298813491
2 31671
2 32110
2 77638
1 78901 27253 785750461
1 73957 56377 807070202
2 70015
1 27504 25467 570250384
1 63823 88597 870590285
2 61501
2 54613
2 71383
2 48570
2 65274
2 40310
2 66637
1 44701 35838 652160319
1 23420 80369 972247937
1 42208 65569 365434730
2 68232
1 89703 83142 789051002
1 68054 21865 292135644
2 97031
1 47156 56255 741394920
2 13624
1 47809 73357 438979850
2 70073
2 50869
1 40278 34430 626760600
2 38120
1 3293 52361 374772553
1 1739 47492 992167318
1 47601 7583 292022135
2 40170
2 10
2 26710
1 70223 47860 242566803
2 91602
2 16098
2 46958
2 94066
2 33306
2 8482
1 90595 73116 361720851
1 37804 75855 267221743
1 5173 90825 58381278
1 24562 41084 221244899
1 64377 73850 544962514
2 72071
1 50437 73245 707360370
1 76752 30211 261935322
2 48378
2 67720
1 55266 8276 284397737
1 54870 55338 751348770
2 51679
1 68983 60919 152165471
2 80877
2 47430
1 85911 83319 699066055
2 4844
1 3500 66439 674368722
2 7147
2 37104
1 70856 25227 212839988
1 740 40657 274054064
2 64917
1 2689 10255 598503058
1 51894 75807 88240595
1 6057 93240 829650125
2 44990
2 51914
1 74247 22091 194648931
1 80650 47202 766262640
2 80681
1 74765 29047 523187240
2 2911
2 50384
1 61741 46826 662169469
1 17215 42482 94908087
2 47830
2 32680
2 77929
2 32193
2 52523
2 81744
2 53802
1 65550 17836 544719287
2 68358
1 54898 14417 558576501
2 68529
1 90619 49254 803613650
1 12445 96019 846338024
2 60116
1 71023 76467 998680686
2 95932
2 36041
1 63299 60405 997924065
2 45889
1 94214 90289 439744777
2 6388
2 71095
2 34191
2 93135
2 8579
1 53109 1231 543626097
1 75234 77185 867407041
1 40036 76255 4236744
1 10314 60641 853618589
1 52040 5647 750994339
2 31667
1 25690 24414 621742219
1 47279 51898 628185332
2 45932
1 99534 9614 92064011
2 85758
2 12595
2 54430
1 76536 84218 785745824
2 74237
1 41163 34566 964338686
2 73874
1 5634 82566 853518997
1 12909 8656 794485297
1 92154 83019 328324300
1 99007 44608 686424886
2 74411
2 88309
2 77505
2 84266
2 80514
2 85778
2 92762
1 59356 92919 967258253
1 25596 83998 297525875
2 16973
2 42606
1 10421 80807 541203856
1 68125 46390 330143971
2 47587
1 77209 96011 657901670
1 81007 56410 385459598
1 5977 40759 830436992
2 66033
1 38673 18003 109110451
1 87494 54514 974168876
1 27104 30647 494943463
2 68658
2 52872
2 62935
2 63760
2 82396
2 44462
2 7449
1 60842 24046 57878945
2 71318
1 97757 73625 503157371
1 36840 23469 415162476
2 42906
2 89493
1 1218 60252 899487672
1 93008 98923 141883067
2 19743
2 70187
1 69674 87958 244743725
1 18358 54339 38415534
1 42242 25545 499322853
1 65984 83138 576712600
2 72996
2 87336
1 45971 63802 132942946
2 17827
1 36294 31984 304214415
1 44046 37759 422079933
2 91713
2 72608
1 26057 81418 235113659
1 19387 68129 671708207
2 14263
2 28227
1 80304 63381 580319108
1 74562 98268 485681546
1 68073 21842 688473306
2 93820
2 57432
1 5429 9052 949521416
1 84081 29837 400467123
2 51345
2 82254
2 51705
2 54996
1 52714 19015 747798381
1 24594 36894 266604991
1 86986 80599 704926796
2 74657
1 64925 17770 101282436
1 2754 61199 996689869
1 93146 18360 563981223
2 41880
1 83625 86771 451637970
2 69103
1 1274 22638 380038493
2 69858
1 38462 12459 857466112
2 18667
2 85288
1 41899 75645 538325444
2 8691
2 68231
1 12113 32391 531470092
2 10293
2 30784
2 76870
1 51010 46840 650485869
2 14766
2 74732
2 68931
1 6150 25088 793962557
2 34561
2 3566
2 6688
1 26956 71713 995553801
2 37527
2 990
2 92844
1 51365 68500 457178756
1 12726 25716 936338083
1 99623 17753 116696494
2 4881
2 6769
2 43590
2 57123
2 13925
1 57369 39952 139452948
2 4178
1 29180 30655 868336921
2 73926
2 684
1 12583 52429 947461312
2 13757
1 94111 94556 180286196
2 69122
1 12191 20088 854472767
1 25665 46842 789929756
1 82856 71469 966954846
1 34413 92941 92368798
1 92123 75882 431637589
2 66336
1 95238 1475 526890402
2 65114
1 72420 99570 764600206
1 68359 25573 444143824
1 98943 16906 49765923
2 70519
2 34288
1 78843 29310 189212037
1 73139 92311 251608200
2 87012
1 41760 26854 273674482
2 71328
1 10875 76062 139566783
2 52670
2 5880
1 90992 8544 601078388
1 62501 25604 80484767
2 63726
2 33312
1 74784 6617 667029132
2 50048
1 84724 99781 951973231
1 41572 739 688931270
2 82656
2 89799
1 35306 88870 475790692
1 4365 36445 76394258
2 95244
2 2595
1 38270 68969 185094505
1 52692 49841 814322573
1 93960 21871 857671763
1 59548 38014 195159466
1 85827 10580 476164061
2 24157
2 5973
2 83444
2 2821
1 8486 3877 159411370
1 69467 53866 642236198
1 35742 38742 45849247
1 88369 70585 329353743
2 46238
2 91611
2 5247
2 41321
1 24479 32696 734800513
1 15685 93471 110253504
1 84151 1418 76269576
1 68827 89324 602268852
2 74280
1 75024 86391 91330213
2 71414
1 62507 3121 165402032
1 95777 39587 654880420
1 25438 42313 733528293
2 32262
1 9726 45537 985437625
2 9790
2 35405
1 87017 59074 868420060
1 31368 75572 210028363
2 5349
1 73375 18144 593442942
1 5017 8659 356852669
2 93195
1 41451 49838 980018034
1 36432 40127 814794408
1 15672 41898 87418459
1 56051 3146 965985655
2 6564
1 82300 68333 250724775
2 30566
2 31740
1 44691 59375 878226696
1 26255 1502 267748796
2 80745
2 85384
1 25014 66754 954920936
2 88139
2 31523
2 35892
1 51891 87611 2044583
1 51542 65118 430665020
1 58574 45155 498657118
1 76185 52541 266311349
1 53231 34250 408209991
1 71438 87728 912787824
2 75947
2 62029
1 95795 76542 653652547
1 23765 56446 745282312
1 71792 5440 626693039
1 68242 49877 77502167
2 89503
1 51445 81494 759052298
1 98406 64966 653540855
2 52792
2 33805
2 99520
2 83818
2 19794
1 4608 10499 31763719
2 3099
2 83511
1 65692 926 23433891
2 15354
1 63653 67606 217747641
1 57032 36018 716330110
1 14731 67463 664583137
2 84475
2 1894
2 33078
1 55031 96021 740564843
1 95463 98132 990158270
1 47469 60789 18753217
1 13116 43115 820903423
2 99062
2 62646
2 44529
1 29089 43622 260185475
2 53700
2 32242
1 11864 42800 308588274
2 19262
2 63715
1 28219 49857 641930146
2 9087
2 53539
2 81086
2 7391
1 43018 1968 84604872
2 79592
2 43808
1 38344 25878 373381641
1 29000 94030 762289025
2 36476
2 82439
2 29899
1 97163 26735 546291413
2 67487
2 12301
2 11708
2 6574
2 33606
2 57094
1 88511 82653 105870492
1 8526 50102 616951138
2 63724
2 39470
1 54015 40716 474318035
1 21622 96754 562243559
2 56446
2 95032
2 5284
1 26175 92225 617298880
2 99906
2 85739
1 32447 76123 956381787
2 88367
2 93115
2 64503
1 40969 12715 312118081
1 13317 97023 43895464
2 74632
2 7973
2 76521
2 84260
1 81104 2721 492779709
1 95852 52523 189773051
2 91014
1 71217 91659 818839036
1 98928 98816 87258069
2 21288
1 4133 32067 391990717
1 46025 90674 722212487
2 72914
1 61 39149 575386253
2 57352
1 96868 61318 584820974
1 24342 68262 804830947
1 91684 58407 281345963
1 22109 4278 349506332
1 3264 76208 415213790
2 30266
2 35582
2 94609
2 68997
1 392 40409 326140208
1 61183 43043 545818500
2 97223
2 11231
2 35445
2 15378
2 61233
2 39608
1 3810 2837 309726412
1 14765 65360 471015252
1 31913 17212 144459001
1 40747 63978 706680522
2 77681
1 48253 6404 206495076
2 7259
2 29886
2 71254
2 66267
2 31830
2 72251
1 78455 87070 379149497
2 48368
1 40392 68303 469018004
2 71263
2 6358
2 60532
1 95540 66904 789456927
2 93452
2 57118
1 35581 27888 382133436
1 67792 11484 629652604
1 93097 41407 350960865
2 5216
2 29107
1 7453 53119 759405824
1 14233 94618 431065035
2 24256
2 55934
1 98441 26271 313222724
1 61547 66894 210239992
2 42499
1 14001 58009 933950204
2 79865
1 83298 40046 445327042
2 10972
2 78120
2 84031
2 77880
1 13346 5386 519163197
2 65791
2 25138
1 37231 58080 819857505
1 87836 9732 579069018
2 43832
1 41993 62269 374066579
1 49804 34591 208335277
1 74572 81221 853483970
1 50962 6291 915380192
2 96375
1 16674 2461 448692237
2 47441
2 28081
2 55139
2 75546
2 51571
1 98398 45245 574674166
2 61511
1 56871 21939 661319731
1 61961 40247 539513422
2 13371
2 98197
1 18279 92161 533180464
1 42342 83030 695031751
1 26938 77800 535938795
2 56885
1 58325 23693 115498990
1 12855 13982 403963016
1 43489 2543 673244571
1 72543 26165 112703400
2 1350
1 68848 65919 871306923
1 10737 89961 411819227
2 80108
1 80910 76063 798630321
1 32995 75889 221594199
1 83482 40789 676665139
2 83733
1 59561 57611 186698960
1 66769 39020 369036944
1 14069 57506 304138820
2 97838
2 47217
2 31640
1 73683 40715 477891609
1 77693 86812 676463707
2 12792
2 27427
2 41742
1 90491 5531 455795841
2 7120
2 44844
2 32743
1 66018 66808 785292923
2 78088
1 58320 11534 674991268
1 76318 85677 717705850
2 5480
1 95044 97850 739697663
2 58743
2 5737
2 87421
2 12986
1 49784 30046 197384045
1 68956 36365 197931928
2 73680
2 42390
1 45660 58816 835600782
2 97383
1 11840 14997 382617650
1 76946 50310 618658722
2 35342
2 43066
1 10632 75241 538815009
1 77244 81317 961906990
1 56212 33714 733452621
1 70923 6411 681982717
1 43359 12507 518207803
1 52595 74093 54264169
1 99124 22963 949486981
2 40313
2 79843
2 10285
1 29087 36114 332656323
2 91631
2 87476
2 27364
1 22338 28069 878361514
1 97163 2823 473746382
2 76806
2 81100
1 72599 31196 188691161
2 89916
2 10335
2 24597
2 57841
1 67494 15 840926497
2 81709
2 70935
2 75199
2 64665
1 27624 88970 351503135
2 21788
2 68052
2 12107
1 63883 77965 349179629
1 11920 77887 855506175
2 8342
1 80300 29683 271608262
1 35669 46336 969148626
1 40034 19204 399640206
1 26614 77177 652085957
1 39129 22905 381155024
2 85971
1 13811 38054 338361102
2 23531
1 42407 57627 772999090
2 11716
2 25578
2 82833
1 44270 14269 908090774
1 66950 77545 38562776
1 36873 25110 901193870
2 6206
1 94196 9551 967723639
1 2316 67644 246687152
2 94001
2 86697
1 9397 33242 411391595
2 51897
1 96554 9972 81797626
1 25600 19201 300529309
2 75420
2 35693
1 53783 45488 507960399
1 26381 26383 793944730
2 35448
2 65807
1 96065 50247 512735305
2 82450
2 71491
1 93278 501 750954903
2 36744
2 44082
1 62197 77109 439205345
1 28455 73902 12688590
1 38750 41613 117056086
1 73311 22394 376104265
2 21300
1 39246 42427 686168924
1 65605 45418 581898058
2 27376
1 91274 86743 103671969
2 4397
1 47318 78348 743094282
1 32549 91743 857325446
1 84136 31258 230344254
2 30434
2 64890
1 97900 78666 84666185
1 82343 65167 185646347
2 38714
1 2028 68509 241862948
1 87313 2112 563903153
1 38488 35455 48375931
1 27888 84128 443663489
1 90682 52817 156860284
2 72728
2 32611
2 18858
1 23990 46980 785170990
2 19024
1 68110 44654 688275131
1 59344 91680 274299986
2 90303
2 63976
2 48442
2 5468
1 14720 45107 750917142
2 21754
2 66716
1 88413 94049 391946294
2 69503
2 28596
1 40000 35144 388535124
1 3417 9070 26628857
1 65780 25855 700202565
2 32781
1 17357 2740 178673761
1 66029 76293 904823735
2 2493
2 54090
2 46199
2 41711
2 47458
1 61830 12249 971955663
1 43607 12218 900953214
2 96287
1 22108 77032 307015336
1 20671 25708 456965710
1 7595 11005 68548718
1 85915 28847 875895372
2 7784
2 12316
1 17717 14972 354990649
1 67782 24150 902219687
2 82921
1 96223 7742 221830927
2 24121
2 17425
2 70002
2 23723
2 93972
1 74074 60138 734178778
1 76950 2527 90441955
1 63177 36176 599907266
1 20270 23574 501441781
1 19823 20781 96830776
1 56988 11095 872261824
2 41836
2 40079
1 645 36680 640980854
2 81835
2 62309
1 14317 1705 23642173
2 98643
2 40306
1 95938 55092 686247164
1 19054 39607 408620910
2 68620
2 86090
1 14347 30637 906923752
1 63516 20069 478244845
1 86983 99251 437167969
1 56273 70294 828357456
1 25187 53221 929580072
2 26882
1 53930 95343 667047568
1 83022 40488 814661302
1 41480 855 731153405
1 18178 89399 937796408
2 76530
2 18965
1 55907 45484 812744002
2 11425
1 47150 15885 243196444
1 59452 3112 196074081
1 79692 41204 38326711
2 95895
1 91459 71536 235448605
2 75828
2 30814
2 84665
1 4188 55199 92420938
2 4214
2 32104
2 5371
1 37925 29506 335722592
1 80038 77619 310324772
1 81546 99409 203807047
1 34611 99149 508563729
2 60059
1 30632 87311 470957988
2 10540
1 57434 47001 156732089
1 27200 56069 567571616
2 19689
1 73014 89116 791083080
1 91952 28173 793968334
2 82466
1 6964 61485 901623122
2 44279
1 22579 10944 367599720
1 55668 37439 651145994
1 95167 50645 118993989
2 40162
1 49406 24581 138400803
1 83152 16875 955186
2 50520
2 56265
2 51476
1 85853 58646 736874817
2 66338
1 16992 19881 539889890
2 73250
2 97867
1 48739 69240 241530562
1 87324 80655 667153827
2 22708
2 5325
1 12726 89155 125569116
1 90073 69760 491065287
1 99743 34116 916350012
1 40659 75874 226335742
2 30868
1 30383 669 404586500
2 39497
2 81514
1 72823 48640 326498418
1 6441 59422 241893665
2 75185
1 99847 94463 833661383
2 77135
1 59167 89794 284525388
2 26025
1 14711 40274 577892850
2 80243
1 86168 7684 631610273
2 62482
2 95155
1 82972 12425 904819773
1 18307 32701 989716033
2 70197
1 32017 17371 82125204
2 43254